0.002984 
-0.068971 
0.068233 
0.067591 
-0.051729 
-0.022662 
0.005184 
0.326987 
0.021673 
0.007694 
0.061285 
-0.108318 
0.012387 
0.008640 
0.021536 
0.121351 
-0.027746 
-0.064045 
-0.051234 
0.465152 
0.025451 
0.012115 
-0.066209 
0.328471 
-0.015220 
-0.003569 
-0.071698 
0.313402 
-0.041469 
0.023942 
-0.044892 
0.455095 
-0.038319 
0.042299 
0.004097 
-0.316880 
-0.016799 
-0.045829 
-0.052091 
0.170428 
-0.039347 
-0.031653 
-0.004953 
-0.034850 
-0.039823 
0.001684 
-0.012140 
0.023321 
-0.024198 
0.035990 
0.235596 
0.005055 
-0.031002 
0.000933 
-0.019333 
-0.029027 
0.031767 
0.018071 
0.001829 
0.040529 
-0.030695 
0.319551 
0.044363 
-0.038853 
0.009692 
-0.040342 
0.024766 
-0.025002 
0.040961 
0.023973 
-0.043585 
-0.006891 
0.181018 
-0.031076 
0.020131 
0.035310 
-0.032858 
0.036656 
-0.006602 
-0.026004 
0.035107 
0.005670 
-0.015956 
-0.169941 
