-1.996723e-01 
-6.193000e-03 
1.043430e-02 
2.268000e-03 
4.763000e-03 
8.307478e-02 
1.342408e-01 
3.961000e-03 
1.302750e-02 
6.437878e-02 
-4.281000e-03 
1.047082e+00 
-6.134000e-03 
1.624000e-03 
1.340000e-03 
-1.438205e-01 
2.576469e-01 
-1.030000e-04 
4.920000e-04 
-1.320000e-03 
8.704177e-02 
-9.395606e-02 
3.046000e-03 
-1.013373e-01 
-3.357000e-03 
3.104000e-03 
-2.684000e-03 
-5.010000e-03 
-3.063000e-03 
-1.407254e-01 
-3.238000e-03 
8.980000e-04 
9.550000e-04 
-2.460800e-01 
-5.278000e-03 
2.958000e-03 
-3.724000e-03 
4.632000e-03 
-1.682135e-02 
-2.278000e-03 
1.827805e-01 
-2.259000e-03 
-6.119000e-03 
-3.600000e-05 
4.440303e-01 
-4.022000e-03 
-3.045141e-02 
2.840177e-02 
1.158475e-02 
-1.170000e-03 
-4.275000e-03 
4.164000e-03 
-1.373000e-03 
3.107737e-02 
3.100000e-05 
1.059698e-01 
6.208000e-03 
-5.240000e-03 
5.279000e-03 
-2.825000e-03 
-6.060000e-03 
2.497000e-03 
-4.734000e-03 
-5.027000e-03 
-2.727396e-03 
6.116000e-03 
2.530000e-04 
1.305781e-02 
-2.706000e-03 
-2.896000e-03 
7.410000e-04 
-7.432535e-03 
-2.102124e-03 
-3.539000e-03 
-3.210000e-03 
2.977456e-01 
2.712000e-03 
1.579903e-02 
-8.613637e-02 
-6.500000e-04 
3.038894e-01 
1.705000e-03 
1.862000e-03 
-1.405000e-03 
3.328000e-03 
-3.182000e-03 
1.878000e-03 
3.680000e-03 
-2.701000e-03 
1.078530e-01 
-5.326000e-03 
-1.599252e-02 
-6.177000e-03 
-2.957000e-03 
-4.216000e-03 
1.477000e-03 
4.721000e-03 
6.066000e-03 
3.009637e-02 
-2.829000e-03 
2.855935e-02 
6.363100e-02 
2.953559e-03 
4.826045e-04 
1.450804e-02 
5.130000e-04 
-3.241000e-03 
-3.552000e-03 
5.594000e-03 
6.100000e-04 
-2.422000e-03 
-2.341000e-03 
9.318402e-04 
2.801000e-03 
4.694000e-03 
4.998322e-01 
-3.183000e-03 
3.245000e-03 
-1.033083e-02 
-3.047000e-03 
-3.472793e-02 
-4.408000e-03 
1.976000e-03 
-3.750685e-01 
-5.260000e-03 
6.210000e-04 
-8.410000e-04 
-5.670000e-03 
-5.903000e-03 
7.790000e-04 
-1.393000e-03 
-3.210000e-04 
-9.066491e-02 
-9.819063e-02 
6.997592e-04 
-2.595580e-01 
9.085680e-02 
-4.114000e-03 
9.750000e-04 
3.050000e-04 
-1.431340e-01 
-1.513999e-03 
1.279459e-02 
-1.064003e-01 
-4.425999e-03 
-3.621771e-01 
5.694000e-03 
7.736307e-02 
4.966729e-02 
9.911578e-03 
-3.307096e-01 
-6.307287e-02 
-1.484715e-02 
6.056000e-03 
-9.190000e-04 
7.641264e-02 
5.456214e-01 
-5.150000e-04 
-3.128597e-02 
-6.084000e-03 
-4.279000e-03 
3.613910e-01 
3.798000e-03 
2.217000e-03 
2.311678e-01 
-3.086357e-01 
-1.231902e-01 
7.743613e-02 
-5.300000e-03 
3.911300e-02 
9.697151e-03 
2.312000e-03 
-9.060000e-04 
5.258190e-03 
6.840000e-04 
1.461000e-03 
1.452786e-01 
1.547881e-02 
2.844208e-03 
5.960000e-04 
1.949000e-03 
6.770419e-01 
-2.849583e-03 
-3.279622e-01 
5.004130e-01 
2.068000e-03 
-6.033000e-03 
1.592476e-01 
-3.618335e-03 
-1.043000e-03 
-4.642000e-03 
-4.171000e-03 
-2.510076e-01 
3.426000e-03 
-4.937000e-03 
1.333000e-03 
-5.581000e-03 
6.466768e-02 
-2.741000e-03 
-7.582297e-05 
2.602000e-03 
-1.871000e-03 
3.916000e-03 
-4.903350e-01 
-1.660000e-03 
-2.688126e-01 
-4.532000e-03 
-6.228000e-03 
1.779219e-01 
1.343000e-03 
6.846698e-01 
-2.734000e-03 
-1.285309e-02 
6.100000e-03 
5.824239e-01 
-2.951125e-01 
5.636954e-01 
-3.171044e-02 
3.984191e-02 
-4.197000e-03 
3.842099e-01 
-1.602000e-03 
2.924000e-03 
-8.787371e-03 
-2.568721e-03 
5.456000e-03 
5.306000e-03 
-4.710660e-02 
3.643000e-03 
6.063567e-01 
1.487000e-03 
-8.760611e-03 
1.513000e-03 
-1.585000e-03 
2.140015e-02 
-1.868379e-01 
1.003852e-01 
-2.693420e-01 
-3.853000e-03 
-4.998000e-03 
-2.876495e-01 
-3.810000e-04 
-2.264000e-03 
-3.098000e-03 
-4.563000e-03 
1.624698e-01 
-4.691037e-02 
3.252000e-03 
-3.425349e-02 
2.762000e-03 
8.106563e-02 
1.205010e-01 
-4.344910e-02 
-4.864708e-01 
-4.920000e-03 
-2.424000e-03 
-4.750000e-03 
-2.574000e-03 
6.166257e-03 
3.656860e-02 
4.488000e-03 
-1.670000e-03 
3.945000e-03 
-2.593000e-03 
3.647387e-01 
3.787625e-01 
-1.395759e-01 
-1.426000e-03 
3.609000e-03 
-1.389914e-02 
-3.081000e-03 
5.433500e-02 
-4.700000e-03 
-4.293000e-03 
-5.879000e-03 
4.465000e-03 
4.359000e-03 
-5.720661e-01 
2.626000e-03 
2.483000e-03 
3.059000e-03 
-1.815000e-03 
-5.730000e-04 
-2.582837e-02 
3.136550e-01 
2.732986e-01 
-3.843000e-03 
7.195856e-01 
-6.909566e-02 
-1.350935e-02 
-2.186000e-03 
5.221244e-03 
-2.986050e-02 
-5.063968e-03 
5.143000e-03 
3.424000e-03 
1.160000e-03 
1.860000e-04 
-2.575341e-02 
-3.616000e-03 
2.809000e-03 
8.050000e-04 
-5.700000e-04 
4.191000e-03 
-2.030000e-03 
3.359360e-01 
6.114000e-03 
3.303987e-01 
2.620000e-03 
3.521787e-01 
4.821000e-03 
-4.110000e-04 
-6.940000e-04 
-1.186786e-01 
-2.110000e-03 
4.867000e-03 
9.160000e-04 
-4.386305e-02 
8.248077e-02 
-1.424000e-03 
-1.366000e-03 
-2.653000e-03 
3.574403e-04 
-5.528789e-02 
-1.512000e-03 
4.388000e-03 
-1.157858e+00 
-2.272000e-03 
5.498000e-03 
-1.600975e-02 
4.580000e-03 
1.543191e-02 
-5.750000e-04 
-5.614545e-02 
5.453000e-03 
1.624730e-01 
4.776866e-01 
2.735000e-03 
-3.170000e-03 
-1.459500e-01 
6.410625e-01 
-4.580000e-04 
-3.767086e-01 
-9.770455e-01 
-7.068708e-01 
-1.052200e-02 
-1.839377e-01 
-1.996500e-02 
4.190000e-04 
2.700000e-04 
-6.310558e-01 
-3.290439e-01 
-1.503100e-02 
4.671148e-01 
7.318978e-02 
-2.262000e-03 
-3.601000e-03 
7.970000e-03 
-8.976918e-01 
-2.084100e-02 
-1.750203e-01 
3.488960e-01 
3.142500e-02 
-1.121300e-02 
1.582800e-02 
-6.762595e-01 
-2.551100e-02 
-7.202802e-01 
-1.087420e+00 
2.849000e-02 
-5.751359e-01 
2.612600e-02 
6.287182e-01 
1.163800e-02 
-2.831624e-01 
2.607300e-02 
-2.667800e-02 
-2.786290e-01 
-1.570772e+00 
8.733241e-03 
1.042200e-02 
-3.590984e-01 
-1.548935e-01 
-2.489470e-01 
1.037660e-01 
-1.812100e-02 
-1.578600e-02 
2.376500e-02 
2.381000e-02 
1.559800e-02 
-1.764800e-02 
-3.984000e-03 
2.301200e-02 
-1.877200e-02 
-7.222897e-02 
2.858600e-02 
-2.358200e-02 
-9.225741e-01 
-2.581900e-02 
-1.597000e-03 
-4.291831e-02 
-5.985136e-01 
-1.412400e-02 
-2.389400e-02 
-1.323100e-02 
-1.146409e+00 
