1.369927e-02 
-7.636269e-03 
3.482000e-03 
-2.634229e-02 
8.751091e-03 
8.280000e-04 
3.902459e-02 
3.961000e-03 
8.250000e-04 
1.400570e-02 
-4.281000e-03 
2.325000e-03 
-5.008634e-03 
1.624000e-03 
-3.509669e-03 
-1.675221e-02 
2.780863e-02 
2.886727e-02 
4.920000e-04 
-1.320000e-03 
5.117921e-03 
-7.899843e-03 
3.046000e-03 
-2.392000e-03 
-1.877586e-03 
-3.479633e-02 
2.007687e-04 
-5.010000e-03 
-3.680912e-03 
-3.933399e-03 
4.681332e-03 
8.980000e-04 
2.465950e-03 
-2.534619e-01 
-5.278000e-03 
-1.321578e-02 
6.525754e-03 
4.632000e-03 
6.750000e-04 
-2.278000e-03 
2.413000e-03 
-2.259000e-03 
-3.007669e-03 
-3.600000e-05 
-2.680000e-03 
-4.022000e-03 
-4.509000e-03 
-1.164000e-03 
6.135000e-03 
-1.170000e-03 
-4.275000e-03 
4.164000e-03 
-1.373000e-03 
-5.208000e-03 
3.100000e-05 
1.021000e-03 
6.208000e-03 
-5.240000e-03 
5.279000e-03 
-2.825000e-03 
-6.060000e-03 
2.497000e-03 
-4.734000e-03 
-5.027000e-03 
-4.448000e-03 
6.116000e-03 
2.530000e-04 
-7.361600e-02 
-2.706000e-03 
-2.896000e-03 
7.410000e-04 
-7.920000e-04 
-1.068567e-04 
-3.539000e-03 
-3.210000e-03 
8.420000e-04 
2.712000e-03 
4.360000e-04 
3.002000e-03 
-6.500000e-04 
3.169779e-03 
1.705000e-03 
1.862000e-03 
-1.758020e-02 
3.328000e-03 
-3.182000e-03 
1.878000e-03 
3.680000e-03 
-6.595848e-03 
-2.278000e-03 
-5.326000e-03 
-8.000849e-03 
-4.180132e-03 
-2.957000e-03 
-4.216000e-03 
1.477000e-03 
4.721000e-03 
3.024648e-02 
-2.074000e-03 
-2.829000e-03 
-1.875000e-03 
6.363100e-02 
3.529000e-03 
5.512000e-03 
1.424000e-03 
5.130000e-04 
-3.241000e-03 
-3.552000e-03 
5.594000e-03 
6.100000e-04 
-2.422000e-03 
-2.341000e-03 
2.605000e-03 
-1.627253e-02 
4.694000e-03 
-3.070000e-03 
-3.183000e-03 
3.245000e-03 
4.266000e-03 
-3.047000e-03 
9.910000e-04 
-4.408000e-03 
1.976000e-03 
1.648000e-03 
-5.260000e-03 
6.210000e-04 
-8.410000e-04 
-5.670000e-03 
-5.903000e-03 
7.790000e-04 
-1.393000e-03 
-3.210000e-04 
-5.918000e-03 
-3.437000e-03 
-4.784000e-03 
-3.028070e-01 
-8.520000e-04 
-4.114000e-03 
9.750000e-04 
1.068670e-02 
-7.280000e-04 
-1.514000e-03 
-4.225000e-03 
2.935000e-03 
-4.426000e-03 
-1.296000e-03 
5.694000e-03 
5.879000e-03 
3.240000e-03 
5.072000e-03 
4.027000e-03 
5.785000e-03 
-5.811000e-03 
6.056000e-03 
-9.190000e-04 
5.482000e-03 
-1.791000e-03 
-5.150000e-04 
-7.580000e-04 
-6.084000e-03 
-6.511442e-03 
1.360875e-03 
5.831496e-03 
-6.145759e-03 
-4.220813e-03 
2.544000e-03 
6.040000e-03 
2.345000e-03 
-8.342384e-03 
3.911300e-02 
-7.830000e-04 
2.312000e-03 
-9.060000e-04 
-5.764759e-03 
6.840000e-04 
1.461000e-03 
-5.573000e-03 
-5.142000e-03 
-5.880000e-04 
5.960000e-04 
-6.907883e-04 
1.700875e-03 
-5.377000e-03 
-6.760172e-03 
2.909000e-03 
2.068000e-03 
-6.033000e-03 
2.603013e-02 
-6.151056e-03 
-1.043000e-03 
-4.642000e-03 
-4.171000e-03 
5.997000e-03 
-9.736474e-03 
-4.937000e-03 
1.333000e-03 
-5.581000e-03 
2.021000e-03 
-2.741000e-03 
3.057000e-03 
8.628041e-03 
-5.970900e-03 
3.916000e-03 
-4.903350e-01 
-1.660000e-03 
-6.480000e-04 
-4.532000e-03 
-6.228000e-03 
1.526000e-03 
1.343000e-03 
-3.052000e-03 
-2.734000e-03 
-4.187000e-03 
-1.419405e-03 
1.973000e-03 
7.020000e-04 
1.697000e-03 
1.723000e-03 
-2.557000e-03 
-4.197000e-03 
4.423000e-03 
-1.602000e-03 
2.924000e-03 
1.995000e-03 
-6.158000e-03 
5.456000e-03 
5.306000e-03 
2.045000e-03 
3.643000e-03 
-3.116000e-03 
1.487000e-03 
2.056000e-03 
1.513000e-03 
-1.585000e-03 
4.640000e-03 
5.662000e-03 
1.137193e-02 
-2.693420e-01 
-5.800424e-03 
-4.998000e-03 
-5.293000e-03 
-3.810000e-04 
-2.264000e-03 
-3.098000e-03 
-4.563000e-03 
1.869643e-02 
1.224220e-03 
3.252000e-03 
-3.492000e-03 
2.762000e-03 
4.290000e-04 
-2.230000e-03 
-2.783000e-03 
-1.437034e-02 
-4.920000e-03 
-2.424000e-03 
1.299577e-03 
5.354845e-02 
-1.082000e-03 
-2.277000e-03 
4.488000e-03 
-1.670000e-03 
3.945000e-03 
-2.593000e-03 
3.015000e-03 
3.750000e-04 
1.670000e-04 
-1.426000e-03 
3.609000e-03 
5.970000e-04 
-3.081000e-03 
5.433500e-02 
-4.700000e-03 
-4.293000e-03 
-5.879000e-03 
4.465000e-03 
4.359000e-03 
1.998000e-03 
2.626000e-03 
2.483000e-03 
3.059000e-03 
-1.815000e-03 
-5.730000e-04 
4.976000e-03 
3.059000e-03 
1.721743e-02 
-3.843000e-03 
3.450000e-04 
-4.653000e-03 
-2.392000e-03 
-2.186000e-03 
5.222000e-03 
4.475000e-03 
-5.064000e-03 
5.143000e-03 
3.424000e-03 
1.160000e-03 
1.860000e-04 
-7.650000e-04 
-3.616000e-03 
2.809000e-03 
8.050000e-04 
-5.700000e-04 
4.191000e-03 
-2.030000e-03 
3.359360e-01 
6.114000e-03 
-1.715000e-03 
2.620000e-03 
-4.640000e-04 
9.846676e-03 
-2.344197e-02 
-6.940000e-04 
-5.479000e-03 
-2.110000e-03 
4.867000e-03 
9.160000e-04 
3.426000e-03 
-2.953000e-03 
-1.424000e-03 
-1.366000e-03 
-5.539539e-03 
1.586000e-03 
-2.286529e-02 
-1.512000e-03 
4.388000e-03 
-6.140000e-04 
-2.272000e-03 
5.498000e-03 
-1.427000e-03 
6.476800e-03 
-3.773000e-03 
9.864951e-04 
1.746358e-02 
5.453000e-03 
2.309000e-03 
1.249565e-02 
7.654422e-03 
-3.670662e-03 
-1.429433e-01 
6.659612e-02 
-4.580000e-04 
2.506551e-02 
2.127300e-02 
-1.891400e-02 
-5.695819e-02 
-2.516000e-03 
-7.487795e-02 
4.190000e-04 
-7.169397e-02 
2.037430e-01 
-2.423959e-02 
-1.503100e-02 
-4.478365e-02 
-2.682800e-02 
-3.188402e-02 
-3.601000e-03 
7.970000e-03 
4.055516e-02 
-2.084100e-02 
-5.689243e-02 
2.768657e-01 
3.142500e-02 
-1.121300e-02 
-2.685311e-02 
2.813100e-02 
-2.551100e-02 
-9.135000e-03 
-2.565600e-02 
3.781264e-04 
-2.371400e-02 
2.612600e-02 
4.582330e-01 
1.163800e-02 
-2.468900e-02 
-2.351692e-02 
-2.667800e-02 
-1.365300e-02 
-2.325900e-02 
6.646000e-03 
-8.238040e-02 
-6.400071e-02 
9.570185e-03 
-2.489470e-01 
-7.905498e-02 
-1.812100e-02 
-1.578600e-02 
2.376500e-02 
2.381000e-02 
1.559800e-02 
3.135212e-02 
-3.984000e-03 
2.301200e-02 
-1.877200e-02 
3.031000e-02 
2.858600e-02 
-2.358200e-02 
6.777000e-03 
-7.944578e-02 
-5.625713e-02 
7.673227e-02 
-2.250900e-02 
-1.769499e-01 
-8.395871e-02 
-1.058438e-01 
-3.567420e-01 
