3.287272e-01 
8.025658e-02 
1.397917e-01 
1.520666e-01 
7.146254e-02 
-5.981451e-02 
1.533337e-01 
-9.292344e-02 
7.082983e-03 
2.511814e-01 
3.389580e-01 
8.806708e-03 
1.274525e-01 
8.948284e-02 
1.109908e-01 
-1.591236e-01 
1.361477e-01 
-1.130978e-01 
3.481355e-02 
2.255990e-01 
7.755682e-03 
-2.106038e-01 
1.098839e-01 
-1.847127e-02 
8.593786e-02 
-6.270839e-03 
1.165825e-01 
1.377330e-01 
8.652299e-02 
1.751227e-01 
-5.401357e-02 
2.131238e-01 
7.853552e-02 
-2.394284e-01 
-9.070061e-02 
1.681076e-01 
9.720193e-02 
1.050850e-02 
-1.414045e-02 
1.423290e-01 
-2.614659e-02 
-2.592751e-01 
1.670933e-02 
1.189499e-01 
3.763168e-02 
-1.327188e-02 
2.661814e-02 
1.153701e-01 
1.977565e-02 
5.478657e-02 
-5.241906e-01 
-3.440139e-01 
4.937772e-02 
7.121869e-02 
4.278459e-02 
2.937430e-01 
5.125058e-02 
1.962719e-01 
7.712817e-02 
4.286255e-02 
6.092669e-02 
6.714612e-02 
1.728662e-02 
3.297125e-02 
-1.638418e-02 
7.860388e-02 
1.937506e-02 
8.579029e-03 
-4.325195e-04 
2.217191e-02 
-4.382446e-01 
-3.016781e-01 
4.779555e-02 
5.453140e-02 
2.609648e-02 
2.368094e-01 
4.274771e-02 
1.699903e-01 
6.732685e-02 
3.685219e-02 
1.226110e-01 
-2.943180e-01 
9.386587e-02 
-1.842657e-01 
1.646509e-01 
-1.872783e-01 
8.149504e-02 
1.776386e-01 
1.365363e-01 
1.067298e-01 
9.299536e-02 
-2.677462e-01 
6.060116e-02 
-1.810431e-01 
1.354500e-01 
-1.967076e-01 
6.523553e-02 
1.172976e-01 
1.133408e-01 
8.146439e-02 
3.521700e-02 
-6.899109e-03 
2.472605e-02 
-3.292287e-02 
3.309036e-02 
-3.581298e-02 
1.210501e-02 
3.258474e-02 
3.253573e-02 
1.577393e-02 
-4.585234e-01 
-3.065670e-01 
4.521880e-02 
6.943455e-02 
3.810942e-02 
2.483823e-01 
4.151089e-02 
1.775329e-01 
6.896678e-02 
3.940789e-02 
2.832172e-02 
5.266661e-02 
7.282320e-03 
6.717301e-02 
-5.853491e-03 
-1.305976e-02 
-3.531231e-04 
-1.155661e-01 
-2.917734e-02 
1.451487e-02 
2.328848e-01 
-9.861982e-02 
5.522885e-02 
-2.903828e-02 
1.295669e-01 
-4.605481e-01 
5.277733e-02 
-1.809019e-01 
5.024794e-02 
8.454384e-02 
-4.872426e-02 
6.677801e-01 
-6.283424e-02 
-2.322818e-01 
-3.494624e-01 
2.700450e-01 
-1.180311e-02 
1.796062e-01 
-1.169568e-01 
-1.121507e-02 
1.994980e-01 
2.349201e-01 
5.537500e-02 
4.830555e-01 
-3.064621e-02 
9.998972e-02 
8.202573e-02 
-2.947580e-01 
-1.360706e-01 
1.348621e-01 
1.216960e-01 
2.338950e-01 
1.094910e-01 
3.079654e-03 
-6.728540e-02 
8.115098e-02 
1.451891e-01 
7.148233e-02 
-8.538167e-03 
2.537120e-01 
1.157186e-01 
1.542082e-02 
3.030203e-02 
-1.217109e-01 
-1.048741e-02 
-1.539603e-02 
3.275100e-02 
1.146287e-01 
2.458693e-02 
6.072749e-02 
8.886584e-02 
-1.114769e-01 
9.532649e-02 
-1.570749e-02 
9.409735e-02 
-6.314050e-02 
1.022717e-01 
7.148638e-02 
7.289966e-02 
1.636573e-01 
1.614006e-01 
-4.488364e-01 
9.643710e-02 
-3.576585e-01 
1.868357e-01 
-3.263701e-01 
7.203047e-02 
2.125361e-01 
1.858760e-01 
1.192552e-01 
1.448731e-01 
7.186960e-02 
5.478369e-02 
-9.598561e-01 
-6.505622e-02 
-1.015721e-01 
6.785369e-02 
2.861932e-01 
9.359731e-02 
1.097750e-01 
1.605286e-01 
-4.708705e-01 
8.945367e-02 
-3.414787e-01 
2.086820e-01 
-3.354330e-01 
7.355967e-02 
2.050346e-01 
1.872698e-01 
1.064156e-01 
8.702058e-02 
-1.576221e-01 
3.857325e-02 
-1.212240e-01 
6.934879e-02 
-1.214494e-01 
2.936790e-02 
3.155817e-02 
6.889149e-02 
4.044850e-02 
7.108273e-02 
-2.606663e-01 
4.900479e-02 
-1.727471e-01 
1.144381e-01 
-1.668484e-01 
3.990044e-02 
-1.345533e-01 
9.780734e-02 
4.949991e-02 
-4.466280e-01 
-2.939149e-01 
4.459473e-02 
6.767248e-02 
3.395445e-02 
2.350834e-01 
4.557574e-02 
1.695472e-01 
5.697881e-02 
4.674460e-02 
4.848226e-02 
-2.480207e-01 
3.518722e-02 
-1.141320e-01 
8.545739e-02 
-1.470890e-01 
2.929567e-02 
1.130288e-01 
7.258102e-02 
6.318828e-02 
-4.967765e-01 
-3.387505e-01 
6.302700e-02 
7.294653e-02 
4.647584e-02 
2.781101e-01 
5.164602e-02 
1.971434e-01 
7.672818e-02 
4.973241e-02 
2.970308e-01 
3.837350e-01 
1.688233e-02 
5.846541e-01 
-2.648630e-02 
-4.846324e-03 
4.314367e-02 
-4.603398e-01 
-1.816856e-01 
9.658580e-02 
-5.146712e-01 
-3.450630e-01 
5.106134e-02 
8.520720e-02 
4.675977e-02 
2.851914e-01 
3.936393e-02 
1.982226e-01 
7.100663e-02 
4.566132e-02 
5.948343e-02 
-8.906258e-03 
2.806203e-02 
3.135805e-02 
2.292894e-02 
3.848286e-02 
1.644407e-02 
5.267699e-02 
6.250811e-03 
1.727968e-02 
7.209736e-02 
-2.082248e-02 
2.520831e-02 
5.189388e-02 
2.358983e-02 
3.806804e-01 
2.283741e-02 
6.079177e-02 
1.247324e-02 
1.566360e-02 
1.723740e-01 
9.807541e-02 
1.021005e-01 
4.443655e-02 
-3.179055e-02 
7.301467e-02 
1.311045e-01 
8.841141e-02 
-1.092621e-02 
1.969602e-01 
-5.947432e-01 
-3.969401e-01 
6.665740e-02 
9.824566e-02 
5.571106e-02 
3.403473e-01 
6.163683e-02 
2.323543e-01 
9.700541e-02 
6.304319e-02 
1.565749e-01 
1.425546e-01 
5.267871e-02 
7.415126e-02 
-1.686306e-02 
5.517545e-03 
6.693454e-02 
-1.633814e-02 
-3.187627e-02 
-4.435797e-02 
1.045244e+00 
4.365507e-02 
-1.989733e+00 
4.767767e-02 
-8.176570e-02 
-1.602001e-01 
-1.344313e+00 
7.235616e-01 
-1.119533e+00 
4.550394e-01 
1.326489e+00 
1.086701e-01 
-1.573256e-02 
-2.785329e-01 
-1.434018e-01 
-4.515099e-01 
-3.670494e-01 
-4.026635e-01 
-1.541091e+00 
5.285422e-01 
3.141853e-01 
7.031042e-01 
-8.447180e-01 
-1.442066e-01 
3.930145e-01 
-1.825832e-01 
-1.254383e-01 
-3.297445e-01 
-5.872588e-01 
-2.687987e-01 
-1.365171e+00 
-2.876821e-01 
1.687459e+00 
-6.817646e-02 
1.528059e-01 
1.996999e-02 
-7.811206e-02 
-2.866783e-01 
-1.577030e-01 
-4.315096e-01 
-3.330114e-01 
-4.591637e-01 
2.703915e-01 
-1.080364e+00 
4.588528e-01 
-5.977209e-01 
4.108970e-02 
-3.105283e-01 
3.616484e-01 
-3.561955e-01 
-5.356428e-02 
-4.369490e-01 
-2.550695e-01 
-3.488026e-01 
-1.129299e-01 
-3.377035e-01 
-3.139548e-01 
-5.483749e-01 
-4.770903e-01 
-5.542437e-01 
-1.754777e-01 
-1.672382e-01 
-1.317627e-01 
-1.840269e-01 
-7.966639e-02 
-6.306338e-01 
