-2.718414e-01 
-5.422026e-01 
2.916982e+00 
2.544168e+00 
3.834136e-01 
-1.713637e+00 
1.184833e-01 
-5.469338e-01 
7.557459e-01 
7.919776e-01 
-1.285242e+00 
-1.217551e+00 
1.729738e+00 
-2.617864e-02 
-1.197122e+00 
9.026431e-02 
7.115442e-01 
-9.266863e-01 
-7.279890e-01 
-4.434214e-01 
-1.222328e+00 
-9.166409e-01 
-9.480232e-01 
-1.537670e+00 
-9.695804e-02 
-5.546807e-01 
-2.317529e-01 
-8.676200e-02 
-5.276383e-02 
-1.893550e-01 
1.551229e+00 
-2.746411e+00 
2.539584e+00 
4.561077e+00 
7.918975e-01 
-1.736197e+00 
-7.438095e-01 
-1.519592e+00 
5.579535e-01 
1.517910e+00 
-6.032659e-01 
5.486505e+00 
-9.798024e+00 
-2.375489e+00 
-7.631661e-01 
1.431385e+00 
5.276047e-01 
1.383991e+00 
2.385024e-01 
-9.157150e-01 
1.200332e+00 
3.406266e+00 
2.665503e+00 
8.140514e-01 
-3.684519e+00 
3.027884e+00 
6.344369e-01 
-2.880155e+00 
-2.905431e-01 
7.462970e-01 
2.207156e+00 
4.188501e-03 
4.540352e+00 
-7.867208e+00 
-3.114026e+00 
-2.003841e+00 
-4.945614e+00 
-2.351145e-01 
-2.629061e-01 
3.854173e+00 
3.877744e+00 
2.395465e+00 
7.793327e-01 
2.405121e-01 
-7.780126e-01 
-2.833758e+00 
1.193155e+00 
-1.346813e+00 
-3.625038e+00 
2.562454e+00 
8.416622e-01 
-3.579853e-01 
6.839587e+00 
1.314087e+00 
-1.050960e+00 
-3.090618e+00 
8.355705e-01 
-7.302989e-01 
5.346459e-01 
7.965185e-01 
1.317673e+00 
-3.752355e+00 
1.687970e+00 
-5.504245e+00 
7.151459e-01 
-4.240124e+00 
1.242076e+00 
1.947258e+00 
7.638192e-01 
-5.951016e-01 
8.619728e-01 
-3.384479e+00 
3.245696e-01 
-1.934696e+00 
-2.180436e+00 
-2.488492e+00 
-7.153095e-01 
1.769991e+00 
2.223747e+00 
9.290904e-01 
1.187774e+00 
1.484425e+00 
7.201276e-01 
-6.142628e+00 
-4.343565e-01 
3.863277e+00 
8.459508e-01 
-6.086296e-01 
-4.421503e+00 
-1.672929e-01 
-8.058684e-01 
-3.348940e+00 
4.809980e+00 
1.088255e+00 
-2.497845e+00 
-1.347879e+00 
-6.904256e-01 
-8.915746e-01 
1.779008e+00 
1.948550e+00 
9.773589e-02 
-5.374743e+00 
-5.092838e-01 
4.129037e+00 
1.231061e+00 
-1.661451e+00 
3.316831e+00 
-8.433067e-02 
-1.195779e-01 
6.560035e-01 
3.713035e+00 
-3.701367e+00 
-2.643321e+00 
1.310948e-01 
8.863649e-01 
5.789039e+00 
-4.420809e+00 
-2.471914e+00 
-3.695217e+00 
3.090748e+00 
-1.710994e+00 
2.713928e+00 
1.689536e-01 
2.096493e+00 
2.184391e+00 
5.757148e-02 
1.444313e+00 
5.033887e-01 
1.989706e+00 
-3.320339e-01 
9.127483e-01 
-1.315935e+00 
9.615587e-01 
3.082278e+00 
1.375489e-01 
-1.119510e+00 
-4.477660e-01 
-9.539025e-01 
9.231728e-01 
8.621248e-01 
-8.679978e-01 
1.826087e+00 
4.457362e+00 
1.330078e+00 
2.726757e-01 
3.236810e-01 
-1.966166e+00 
-1.932322e-01 
-1.900285e-01 
-5.069849e-01 
-6.917524e-02 
1.511293e+00 
-8.804024e-02 
-6.697626e-01 
1.537202e+00 
1.100914e+00 
5.695598e-01 
4.312492e-01 
2.923710e-01 
-5.487525e-01 
3.950315e+00 
-2.549338e+00 
-1.064960e+00 
1.505849e+00 
-2.623311e+00 
-1.802759e+00 
9.504994e-01 
5.865787e+00 
-4.126072e+00 
-1.949187e+00 
4.054528e+00 
-3.125718e+00 
-9.578705e-01 
9.962137e-01 
4.938321e-02 
5.779178e-01 
3.195093e-01 
-2.107474e-01 
-3.959098e+00 
5.499644e-01 
1.873096e+00 
1.950331e-01 
5.609313e+00 
-1.187715e+00 
-5.025096e+00 
-3.988466e+00 
2.079252e+00 
2.498938e+00 
-1.896797e+00 
-1.567693e+00 
-5.895859e-01 
-2.289907e+00 
6.077782e+00 
1.086526e+00 
-7.941453e-01 
-2.356426e+00 
-3.776662e-01 
-1.096033e+00 
2.286003e+00 
-4.517681e-02 
2.505755e+00 
-4.571354e+00 
9.656703e-01 
4.475848e+00 
-8.211089e-01 
-1.658500e+00 
9.804712e-01 
-1.012026e-02 
9.191207e-01 
-4.252911e+00 
-6.752284e-01 
2.703783e+00 
-1.908789e-01 
1.901795e+00 
-2.436797e+00 
-4.457018e-01 
-6.723489e-01 
-9.778462e-01 
-4.368258e+00 
-3.473745e-01 
-1.130615e+00 
1.210481e+00 
-1.999955e+00 
5.805295e+00 
-2.481036e+00 
5.576294e+00 
-2.020395e-02 
6.248446e+00 
-6.883606e-01 
-6.117142e+00 
1.877682e+00 
9.343302e-02 
1.789717e+00 
1.415043e+00 
-9.700650e-01 
-2.455513e-01 
1.352129e+00 
-1.064906e+00 
-2.393518e-01 
-1.118291e+00 
-1.660842e+00 
-8.916166e-01 
-1.848086e+00 
-2.035209e+00 
6.628775e-01 
-2.368494e-01 
1.923503e+00 
1.596457e-01 
1.812150e+00 
1.126438e+00 
1.221165e+00 
3.935206e-01 
1.529079e+00 
2.661549e+00 
-1.287374e+00 
2.177754e+00 
6.580173e-01 
-2.228761e-01 
-2.046059e+00 
5.496835e+00 
1.975087e+00 
2.290136e-01 
6.486245e-01 
-2.655455e+00 
-9.327209e-01 
2.322807e+00 
-2.139890e+00 
1.293421e-01 
3.710242e+00 
2.017932e+00 
2.082849e+00 
-2.629568e+00 
1.258799e+00 
-1.090466e+01 
-3.021361e+00 
-1.857187e-01 
2.991411e-01 
3.740416e+00 
2.127852e+00 
1.269374e+00 
6.945857e-01 
-5.205378e-01 
-1.680034e+00 
2.184866e-01 
8.617373e-01 
1.316325e+00 
1.833617e-01 
7.361673e-01 
-1.928068e+00 
2.472393e-01 
7.466959e-01 
-3.510662e-01 
5.826325e+00 
-1.128374e+00 
-1.323767e+00 
1.508152e+00 
1.825731e+00 
-1.539218e-01 
-1.272103e+00 
3.840957e+00 
-5.412094e-01 
2.357939e+00 
-1.849631e+00 
1.249653e-01 
4.628200e-01 
3.236865e+00 
-2.729112e+00 
6.455761e-01 
-7.096018e-01 
-3.975624e+00 
2.527615e+00 
-5.201400e+00 
-3.489367e-01 
-7.290918e+00 
2.181758e+00 
5.384961e-01 
-4.423495e+00 
-7.734204e+00 
8.241127e+00 
5.609288e+00 
-3.324010e+00 
-1.508278e+00 
-1.356437e-02 
1.645290e+00 
-5.811576e-01 
-2.905861e+00 
-1.192144e+00 
2.424506e-01 
1.484376e+00 
-6.961268e-01 
-2.854430e+00 
-7.997157e-01 
2.018907e+00 
-6.736168e+00 
-2.092134e+00 
2.366847e+00 
-7.181990e+00 
-7.285867e-01 
3.069733e+00 
-5.368485e+00 
-5.361763e+00 
-4.559620e+00 
7.555387e-01 
6.190275e+00 
1.505066e+00 
-1.986277e+00 
1.629148e+00 
1.491256e+00 
8.276336e-01 
-6.863491e-01 
-8.437470e+00 
-4.198395e+00 
2.872272e+00 
-7.612599e+00 
-4.791275e+00 
4.220344e+00 
-5.521271e+00 
1.474552e+00 
-7.185785e+00 
3.927646e+00 
-5.766745e+00 
2.266456e+00 
-4.232301e+00 
3.690967e+00 
-5.889605e+00 
3.238012e+00 
2.372444e+00 
-6.489452e+00 
-9.596170e-03 
4.361877e+00 
4.915935e-01 
-3.323158e+00 
-6.158131e-01 
-2.010326e-01 
-4.482507e-01 
-2.111461e+00 
