-8.703055e-01 
1.876628e-02 
6.518558e-02 
2.141224e-01 
3.148208e-01 
-9.942049e-02 
1.705292e+00 
-1.166876e+00 
-9.094748e-02 
5.630020e-01 
2.097629e-02 
-4.102512e-01 
-2.765387e-01 
-1.259132e-01 
6.311781e-01 
7.719945e-02 
5.749386e-01 
-4.481372e-01 
-1.977594e-01 
2.433468e-02 
2.765194e-01 
-3.983092e-01 
-1.633802e-01 
6.204550e-02 
-1.060809e-01 
-6.433126e-02 
-2.199830e-01 
-2.188311e-01 
-6.964912e-02 
9.095784e-01 
-1.247712e+00 
5.109443e-01 
3.762094e-01 
4.970108e-02 
2.313108e-01 
-6.506076e-02 
2.139384e+00 
-1.567069e+00 
3.131328e-01 
9.176931e-01 
1.374661e+00 
-8.879470e-01 
-2.278488e-01 
3.647354e-01 
-3.506758e-01 
4.600000e-02 
-2.471442e+00 
2.054026e+00 
-2.369354e-01 
2.929145e-01 
-8.388226e-01 
-3.523739e-01 
6.003767e-01 
2.870772e-02 
-9.339865e-01 
7.621363e-01 
7.591894e-01 
8.783256e-01 
5.946121e-01 
4.605925e-01 
-1.358486e+00 
-1.432684e-01 
-6.673305e-01 
5.346065e-01 
3.211064e-01 
9.540118e-01 
1.271382e+00 
1.390327e+00 
-5.246378e-01 
-1.577385e+00 
-6.564898e-01 
-2.268305e-01 
5.183607e-01 
2.082113e-01 
-6.376540e-01 
7.233816e-01 
8.231434e-01 
2.872308e-01 
4.100751e-01 
4.237818e-01 
-4.917592e-01 
-9.136395e-01 
-2.022226e-01 
-7.564058e-01 
3.339506e-01 
7.362665e-01 
1.914887e+00 
-5.992603e-01 
-2.816070e-01 
4.424422e-02 
5.302719e-01 
-4.893047e-01 
-1.027093e-01 
-5.302824e-01 
2.150063e-01 
4.485901e-01 
1.255679e+00 
6.603678e-01 
-2.964998e-01 
1.089535e-01 
-2.846238e-01 
-6.997229e-02 
-2.592675e-01 
-1.676145e-01 
3.008987e-02 
5.622575e-01 
3.324842e-01 
2.834802e-01 
-3.228483e-01 
-3.284138e-01 
-4.917438e-01 
-1.067250e-01 
4.509698e-01 
1.571064e-01 
-7.463297e-01 
3.734087e-01 
5.756629e-01 
7.584957e-01 
5.708556e-01 
3.981368e-01 
-7.965797e-01 
-1.306680e-01 
-3.577387e-01 
4.447953e-02 
5.676303e-02 
7.177775e-02 
3.675961e-01 
-1.137123e+00 
-6.392147e-01 
1.283866e+00 
-7.356462e-01 
-7.368193e-01 
-3.219372e-01 
1.127881e-02 
3.924587e-01 
9.679963e-02 
2.455438e+00 
-2.293286e+00 
-3.297049e-01 
1.018852e+00 
-2.796604e+00 
2.400845e+00 
1.408348e+00 
9.591039e-01 
1.762574e-01 
-1.138044e+00 
1.780833e+00 
2.006071e+00 
1.509141e+00 
-2.083705e+00 
4.713596e-01 
-6.944051e-01 
-7.492004e-01 
5.526220e-01 
5.372595e-02 
-5.998131e-01 
-4.245114e-01 
5.885431e-01 
-7.386443e-01 
5.706881e-01 
-4.816067e-01 
3.391180e-01 
-6.725141e-02 
4.906629e-01 
4.822832e-01 
-3.623651e-01 
9.268832e-01 
-9.340826e-01 
2.185972e-01 
-3.966274e-01 
-2.465517e-02 
2.112143e-01 
1.655740e-01 
2.399085e-01 
1.782116e-01 
-1.549598e-02 
1.461242e-01 
-3.038336e-01 
-3.686376e-02 
-2.868720e-01 
5.794407e-01 
-2.401855e-01 
-3.013825e-02 
-1.901533e-01 
1.314761e-01 
3.760889e-03 
-1.015674e+00 
1.144515e+00 
-1.226450e-01 
-9.656780e-01 
1.536802e+00 
-6.112869e-01 
5.720014e-01 
-1.576800e+00 
7.726002e-02 
9.384830e-01 
1.349641e+00 
1.525698e+00 
9.015816e-01 
6.355560e-01 
-6.309761e-01 
9.228798e-01 
1.557639e+00 
-1.002961e+00 
3.755333e-01 
-5.235813e-03 
3.179230e+00 
7.558921e-01 
1.516142e+00 
-2.845371e-01 
1.639010e+00 
-1.026742e+00 
8.706154e-01 
-1.595198e+00 
3.183005e-01 
9.312661e-01 
1.293651e+00 
1.233558e+00 
8.627958e-01 
1.386463e+00 
4.518096e-01 
-2.404707e-01 
2.866378e-01 
-4.331798e-01 
3.669202e-02 
2.912481e-01 
7.027464e-01 
8.208784e-01 
5.070369e-01 
4.684463e-01 
5.277196e-01 
-5.163516e-01 
4.146393e-01 
-4.564611e-01 
3.593131e-02 
6.456323e-01 
1.817392e-01 
5.930876e-01 
3.020961e-01 
4.921242e-01 
-4.946951e-01 
-4.239463e-01 
4.733401e-01 
6.117932e-02 
-7.658940e-01 
3.810372e-01 
6.478078e-01 
7.585994e-01 
5.132649e-01 
2.261384e-01 
3.638052e+00 
-7.341853e-01 
3.514728e-01 
-4.554893e-01 
-1.478184e-01 
4.974943e-01 
-4.257064e+00 
5.374954e+00 
1.748213e-01 
1.237538e-01 
-6.699903e-01 
-1.808805e-01 
5.863748e-01 
2.296480e-01 
-6.738966e-01 
7.285614e-01 
4.304366e-01 
6.403902e-01 
5.902813e-01 
3.790858e-01 
-9.085062e-01 
-9.321675e-01 
-1.606667e+00 
1.352005e+00 
7.498075e-02 
-6.281911e-01 
7.457004e-01 
-1.316412e+00 
-1.622412e+00 
9.430663e-01 
-7.598627e-01 
-4.207704e-01 
5.137707e-01 
5.199137e-01 
-8.042645e-01 
7.342005e-01 
6.799878e-01 
6.002426e-01 
4.286852e-01 
3.637356e-01 
-7.011304e-01 
-3.532287e-01 
-6.130496e-01 
-6.094674e-02 
1.859174e-01 
1.100881e+00 
3.196877e-01 
7.268303e-01 
-6.970360e-01 
-7.885750e-01 
-8.046064e-01 
-7.066471e-01 
-9.155357e-01 
1.842871e-01 
1.900086e-01 
1.750031e+00 
5.411231e-01 
1.503721e+00 
-8.889489e-01 
-1.307180e+00 
2.728611e-02 
1.763042e-02 
4.157646e-01 
5.066125e-02 
-7.895639e-03 
-2.624786e-01 
-7.144556e-01 
8.468156e-01 
4.133272e-01 
-6.499520e-01 
-1.160196e+00 
-1.606287e-01 
7.921199e-01 
3.177768e-01 
-6.665697e-01 
4.946120e-01 
9.901557e-01 
-6.581656e-01 
8.594741e-01 
4.295631e-01 
3.225744e+00 
1.409758e-01 
-3.342804e-01 
7.642841e-01 
3.481117e-01 
-5.619075e-01 
-5.074916e+00 
4.880754e+00 
-2.865766e-01 
-1.563293e+00 
3.526116e+00 
-4.643908e+00 
-3.752893e+00 
8.068310e+00 
-2.745396e+00 
-3.550910e+00 
-2.088454e+00 
-3.401936e-01 
-1.948823e+00 
-4.743567e-01 
6.345677e+00 
-2.095115e+00 
1.718849e+00 
-2.385112e+00 
1.681235e+00 
-2.395813e+00 
1.854623e+00 
-3.307377e+00 
-9.525079e+00 
1.240038e+00 
1.787513e+00 
2.322281e+00 
-8.246180e-01 
-1.390125e+00 
1.531979e+00 
7.363961e-01 
-8.942869e+00 
-2.839241e-01 
-2.640276e-01 
6.813926e-01 
1.421419e-01 
-2.605585e+00 
1.987419e+00 
-1.875512e+00 
-4.109450e+00 
4.889572e+00 
6.709232e-01 
6.272520e+00 
-9.321485e-01 
-1.168627e+01 
-6.373304e-01 
1.412356e+00 
-9.192808e-01 
-1.170655e+01 
3.201895e-01 
4.588707e+00 
1.391868e-01 
2.411131e+00 
2.170137e+00 
-2.577839e+00 
1.636758e+00 
-2.654055e+00 
2.176292e+00 
-3.781695e+00 
6.804695e-01 
3.714216e+00 
1.646505e+00 
-2.043830e+00 
-4.805520e+00 
-6.170728e+00 
-2.141791e+00 
-6.416894e-01 
-1.112622e+00 
-2.481065e-01 
-1.409956e+00 
-1.712147e+00 
