4.881881e-02 
3.018875e-02 
3.377840e-02 
-4.846706e-01 
6.087522e-02 
-4.144725e-02 
1.984225e-02 
2.431421e-01 
3.357414e-02 
8.840572e-02 
3.387729e-02 
-1.226270e-01 
3.622243e-02 
2.388388e-02 
2.692034e-02 
4.780978e-01 
1.200226e-01 
-1.989831e-02 
6.609753e-02 
-6.616604e-02 
-4.124703e-02 
-6.024165e-02 
5.422386e-02 
-2.454203e-01 
-1.430984e-02 
-2.219538e-02 
1.255124e-02 
-2.887772e-03 
4.414824e-02 
2.391925e-01 
-5.725673e-02 
-1.986600e-01 
-5.693802e-02 
4.252882e-02 
2.734254e-02 
6.126084e-02 
5.135563e-02 
-1.141450e-02 
3.683547e-03 
-3.130534e-01 
-2.436005e-01 
1.550572e-01 
-2.106125e-01 
1.269069e-01 
-1.771609e-01 
-3.454527e-02 
-2.512738e-01 
2.799133e-02 
-1.306763e-01 
1.123111e-01 
8.055887e-02 
