-1.101049e+00 
3.798773e-01 
-3.568589e-02 
-3.105600e-02 
1.691640e-01 
-7.960252e-01 
-6.732874e-01 
-2.732189e-01 
-8.440730e-02 
3.347089e-02 
-4.510165e-01 
5.259791e-01 
2.405591e-02 
-4.673200e-02 
1.865403e+00 
-7.271271e-01 
-6.140491e-01 
-5.159666e-01 
1.254100e-02 
7.330400e-02 
-2.509439e-01 
-3.001200e-02 
-1.372277e-01 
-1.535520e-01 
5.477538e-01 
-4.332428e-03 
-3.117609e-01 
8.894442e-01 
-2.367570e-01 
-7.370354e-01 
7.462835e-02 
-2.933358e-02 
-2.433005e-01 
-7.094495e-01 
4.596258e-01 
-3.164920e-02 
6.779687e-01 
5.317336e-01 
-5.857313e-01 
9.197479e-02 
-3.433817e-02 
-6.928079e-01 
-1.324767e+00 
1.576469e-02 
1.680029e-01 
-1.137564e+00 
-3.160374e-02 
-2.758430e-01 
-7.259045e-01 
3.556376e-02 
4.419136e-02 
-3.070626e-01 
3.848066e-02 
5.767407e-03 
-2.490912e-01 
-2.768095e-01 
-2.419001e-02 
1.070590e-01 
-1.134471e-01 
3.853074e-01 
-3.035475e-01 
1.373000e-03 
-1.684955e-01 
-2.337324e-01 
-7.566483e-02 
9.104488e-03 
-5.558382e-02 
-2.493397e-02 
1.429068e-02 
1.892028e-01 
1.950297e-02 
-1.847079e+00 
4.186484e-01 
-2.863400e-02 
9.312209e-01 
-3.486917e-01 
-9.661976e-03 
2.744800e-02 
-2.675200e-02 
-2.887300e-02 
1.205393e-01 
-3.661337e-01 
-3.109329e-01 
