-0.042574 
-0.004153 
0.032776 
-0.041309 
-0.236146 
-0.039659 
0.012884 
-0.011883 
-0.037767 
0.487856 
0.035834 
0.040250 
-0.004025 
0.015164 
-0.397101 
0.003889 
-0.024189 
-0.043234 
-0.019289 
0.138659 
0.039193 
0.016379 
0.030683 
-0.019916 
-0.154264 
0.019848 
0.026319 
0.035408 
-0.025651 
-0.276844 
0.031709 
-0.002861 
-0.022381 
-0.003760 
-0.437334 
0.018392 
-0.039595 
-0.023045 
-0.025253 
-0.267475 
-0.032339 
-0.031696 
0.033628 
0.006777 
0.339881 
0.040480 
-0.010417 
-0.012055 
0.043333 
-0.412262 
-0.058117 
-0.032724 
-0.024784 
-0.039795 
-0.005740 
-0.054266 
0.039204 
0.000743 
-0.021473 
-0.020840 
-0.150239 
0.032220 
0.057721 
-0.055156 
-0.055699 
0.046514 
0.008216 
0.009979 
0.052983 
-0.043535 
-0.012376 
0.120731 
0.017790 
-0.032824 
-0.019550 
-0.042538 
0.043715 
0.013704 
-0.013204 
0.041925 
0.053071 
0.049595 
0.197722 
