3.218139e-01 
7.263286e-01 
-4.522902e-01 
3.753634e-01 
-1.876280e+00 
1.247107e+00 
1.082430e+00 
-1.140840e+00 
1.412204e+00 
5.172731e-01 
2.944228e-01 
5.945701e-01 
-6.248950e-01 
1.351821e+00 
-1.575461e+00 
1.445177e+00 
1.105150e+00 
-1.403438e+00 
1.362220e+00 
1.788707e+00 
-6.796454e-01 
-1.081971e+00 
1.374843e+00 
-2.140744e+00 
2.734599e+00 
-1.958805e+00 
-1.623783e+00 
1.846191e+00 
-2.085743e+00 
-3.001330e+00 
-7.127746e-01 
-1.221711e+00 
1.134779e+00 
-9.563927e-01 
2.554511e+00 
-2.141595e+00 
-1.809977e+00 
2.008146e+00 
-2.271300e+00 
-7.390683e-01 
3.155841e-01 
5.664462e-01 
-4.001481e-01 
2.062118e-01 
-1.448600e+00 
1.195162e+00 
9.403660e-01 
-1.161951e+00 
1.286255e+00 
3.491150e-01 
3.982995e-01 
-2.731722e-01 
-1.112727e+00 
1.138521e-01 
3.998480e-01 
-1.510691e+00 
-2.236638e+00 
2.632358e-01 
1.524965e+00 
1.497068e+00 
-3.292286e+00 
-1.249487e+00 
-1.962644e+00 
-3.070193e+00 
2.536537e+00 
3.693550e-01 
1.739911e+00 
-2.466257e+00 
1.624545e-01 
1.257956e+00 
-1.973448e+00 
-2.276946e+00 
-1.848983e+00 
2.394292e+00 
1.364226e-02 
2.110329e+00 
-2.088600e+00 
3.014498e+00 
-5.405158e+00 
-1.198281e+00 
-1.588123e+00 
-1.378042e-02 
-5.035931e-01 
