1.408447e+00 
4.093132e+00 
-1.667205e+01 
7.518130e+00 
-7.527811e-01 
-2.173525e+00 
-9.542168e+00 
-4.024060e-01 
5.045457e+00 
2.179853e+00 
4.056121e-01 
-4.872771e-01 
5.097048e+00 
-1.046983e+01 
-4.544849e+00 
1.821074e+01 
6.801307e+00 
-1.906816e+00 
-3.864881e+00 
2.298925e+00 
-3.576031e+00 
-6.732924e+00 
1.681469e+01 
1.141057e+00 
3.124097e+00 
-6.505826e+00 
-1.766813e-01 
3.910795e+00 
-2.289414e+00 
-7.153281e+00 
6.799309e-01 
-3.800807e-01 
1.223513e+01 
-1.552492e+01 
9.314768e-01 
-7.471914e+00 
5.256760e+00 
4.102735e+00 
-1.047428e+01 
5.615967e-02 
7.284125e-01 
-1.210431e+00 
-9.975948e+00 
5.906388e+00 
-4.167514e+00 
1.581051e+00 
2.974220e+01 
-3.175072e+00 
3.429502e+00 
1.862165e+00 
2.723026e+00 
-1.730836e+01 
9.844198e-01 
6.724410e+00 
-1.137025e+01 
2.362807e+00 
-2.968122e+00 
-2.020249e+01 
1.880105e+01 
-3.811085e+00 
1.538995e+01 
-1.597653e+01 
-3.410129e+00 
-4.496223e-01 
2.508266e+00 
1.484112e+00 
1.309769e+01 
-1.317016e+01 
-3.458264e+00 
1.691900e+01 
-1.739298e+01 
-5.216449e-01 
4.140831e+00 
1.634783e+00 
4.334182e-01 
-5.190025e+00 
3.069654e+00 
8.105721e+00 
-1.255829e+01 
3.670735e+00 
-4.453735e+00 
-7.278520e+00 
3.422651e+00 
