TRM WS=1, MS=0, TRMstep=1: ub=0.800000, lb=0.200000, grow=2.000000,shrink=0.500000, b_w=15,b_m=150, lr=0.010000, lambda=0.000000, n=83, n0=4, n1=10, n2=3, sub_tol=0.001000, sub_maxit=1000, tol=1.000000e-08, m=150 
time, iter_t, subset_m_time, g_time, subset_w_time, p1_time, t2, t3, total error, total gmag, rho, sigma, gamma, step, approx error, approx gmag 
4.869417e-01, 4.869417e-01, 0, 5.340244e-03, 8.190863e-04, 2.473244e-01, 2.291374e-01, 4.320542e-03, 0.401147, 1.173128e-03, 6.040624e-01, -0.075791, 1.000000e+00, 1, 0.401147, 1.173128e-03 
5.561404e-01, 6.919865e-02, 0, 3.614302e-03, 4.717984e-04, 4.456104e-02, 1.762741e-02, 2.924100e-03, 0.355364, 7.228919e-04, 5.898974e-01, -0.040708, 1.000000e+00, 1, 0.355364, 7.228919e-04 
1.197932e+00, 6.417916e-01, 0, 8.534944e-03, 3.528282e-05, 6.123640e-02, 5.719124e-01, 7.260680e-05, 0.331351, 2.309984e-04, -2.510880e-01, -0.012368, 5.000000e-01, 1, 0.331351, 2.309984e-04 
1.274854e+00, 7.692209e-02, 0, 1.460301e-03, 1.131383e-04, 2.144379e-02, 5.155549e-02, 2.349369e-03, 0.331351, 2.309984e-04, 8.666142e-01, -0.003694, 1.000000e+00, 1, 0.331351, 2.309984e-04 
1.343824e+00, 6.897033e-02, 0, 1.220319e-03, 1.005998e-04, 2.623584e-02, 4.135351e-02, 6.006827e-05, 0.328150, 2.104063e-04, 1.963626e-01, -0.038337, 5.000000e-01, 1, 0.328150, 2.104063e-04 
1.575762e+00, 2.319376e-01, 0, 8.852781e-04, 5.248684e-05, 1.929620e-02, 2.115570e-01, 1.466716e-04, 0.328150, 2.104063e-04, 8.693645e-01, -0.012918, 1.000000e+00, 1, 0.328150, 2.104063e-04 
1.642125e+00, 6.636320e-02, 0, 9.465127e-04, 4.548860e-05, 2.417835e-02, 4.107504e-02, 1.178038e-04, 0.316919, 2.822206e-04, 9.043031e-01, -0.007785, 2.000000e+00, 1, 0.316919, 2.822206e-04 
1.688753e+00, 4.662785e-02, 0, 8.409558e-04, 8.397895e-05, 1.933907e-02, 2.625713e-02, 1.067232e-04, 0.309879, 3.431764e-04, 7.979099e-01, -0.069104, 2.000000e+00, 1, 0.309879, 3.431764e-04 
1.776072e+00, 8.731944e-02, 0, 9.290171e-04, 7.085724e-05, 1.796158e-02, 6.825476e-02, 1.032241e-04, 0.254740, 5.683722e-04, 4.201723e-01, -0.047823, 2.000000e+00, 1, 0.254740, 5.683722e-04 
1.955143e+00, 1.790708e-01, 0, 9.156038e-04, 5.511118e-05, 1.887689e-02, 1.591357e-01, 8.747807e-05, 0.234647, 8.032510e-04, 3.624305e-01, -0.025236, 2.000000e+00, 1, 0.234647, 8.032510e-04 
1.999336e+00, 4.419275e-02, 0, 6.992414e-04, 3.440804e-05, 1.961433e-02, 2.301519e-02, 8.295837e-04, 0.225500, 1.016893e-03, 1.106568e+00, -0.017290, 2.000000e+00, 0, 0.225500, 1.016893e-03 
2.652035e+00, 6.526987e-01, 0, 8.018823e-04, 7.756389e-05, 1.800649e-02, 6.336168e-01, 1.959509e-04, 0.206368, 4.341547e-04, 1.029006e+00, -0.023045, 4.000000e+00, 1, 0.206368, 4.341547e-04 
2.703361e+00, 5.132601e-02, 0, 8.631169e-04, 9.214357e-05, 1.849286e-02, 3.166298e-02, 2.149045e-04, 0.182655, 2.944072e-04, 1.240070e+00, -0.006129, 4.000000e+00, 0, 0.182655, 2.944072e-04 
2.752294e+00, 4.893348e-02, 0, 7.668911e-04, 5.511118e-05, 1.793505e-02, 3.005309e-02, 1.233441e-04, 0.175055, 3.939123e-04, 3.455535e-03, -0.061092, 2.000000e+00, 1, 0.175055, 3.939123e-04 
2.839782e+00, 8.748740e-02, 0, 8.779882e-04, 5.656915e-05, 1.801727e-02, 6.841193e-02, 1.236357e-04, 0.175055, 3.939123e-04, 1.633269e-01, -0.049661, 1.000000e+00, 1, 0.175055, 3.939123e-04 
3.226771e+00, 3.869893e-01, 0, 8.674908e-04, 5.540278e-05, 1.850074e-02, 3.674397e-01, 1.259684e-04, 0.175055, 3.939123e-04, 9.907305e-01, -0.007730, 2.000000e+00, 1, 0.175055, 3.939123e-04 
3.696473e+00, 4.697024e-01, 0, 6.832037e-04, 4.636338e-05, 1.809017e-02, 4.507684e-01, 1.143047e-04, 0.167397, 3.895280e-04, 2.698809e-01, -0.011352, 2.000000e+00, 1, 0.167397, 3.895280e-04 
3.804570e+00, 1.080972e-01, 0, 7.176118e-04, 9.651747e-05, 1.945950e-02, 8.770872e-02, 1.148879e-04, 0.164333, 5.270990e-04, -1.401530e+00, -0.075228, 1.000000e+00, 1, 0.164333, 5.270990e-04 
3.906102e+00, 1.015311e-01, 0, 8.529112e-04, 7.552273e-05, 1.850219e-02, 8.201973e-02, 8.077142e-05, 0.164333, 5.270990e-04, -2.100618e+00, -0.047732, 5.000000e-01, 1, 0.164333, 5.270990e-04 
3.959724e+00, 5.362260e-02, 0, 8.345408e-04, 2.026575e-04, 1.829254e-02, 3.424825e-02, 4.461381e-05, 0.164333, 5.270990e-04, -1.772099e+00, -0.024443, 2.500000e-01, 1, 0.164333, 5.270990e-04 
4.014819e+00, 5.509456e-02, 0, 8.100469e-04, 1.519202e-04, 1.825142e-02, 3.574033e-02, 1.408397e-04, 0.164333, 5.270990e-04, 9.061522e-01, -0.001555, 5.000000e-01, 1, 0.164333, 5.270990e-04 
4.136196e+00, 1.213776e-01, 0, 8.908183e-04, 1.102224e-04, 1.860863e-02, 1.016656e-01, 1.023493e-04, 0.162924, 4.413288e-04, 6.295433e-01, -0.010335, 5.000000e-01, 1, 0.162924, 4.413288e-04 
4.183406e+00, 4.720958e-02, 0, 7.604760e-04, 9.389313e-05, 1.816657e-02, 2.810641e-02, 8.222938e-05, 0.156418, 3.798609e-04, 8.899524e-01, -0.004319, 1.000000e+00, 1, 0.156418, 3.798609e-04 
4.211303e+00, 2.789734e-02, 0, 7.470627e-04, 2.274430e-04, 1.885065e-02, 8.014157e-03, 5.802712e-05, 0.152574, 2.540121e-04, 9.886169e-01, -0.008928, 2.000000e+00, 1, 0.152574, 2.540121e-04 
4.256795e+00, 4.549209e-02, 0, 8.185031e-04, 1.402565e-04, 1.715503e-02, 2.655863e-02, 8.196695e-04, 0.143747, 2.153216e-04, 2.159386e-01, -0.012275, 2.000000e+00, 1, 0.143747, 2.153216e-04 
4.298723e+00, 4.192766e-02, 0, 6.727063e-04, 1.052653e-04, 1.847216e-02, 2.263233e-02, 4.519700e-05, 0.141097, 6.433091e-04, -3.163291e+00, -0.036227, 1.000000e+00, 1, 0.141097, 6.433091e-04 
4.343849e+00, 4.512644e-02, 0, 5.432388e-04, 1.277180e-04, 1.757551e-02, 2.683536e-02, 4.461381e-05, 0.141097, 6.433091e-04, -2.941335e+00, -0.033766, 5.000000e-01, 1, 0.141097, 6.433091e-04 
4.403457e+00, 5.960756e-02, 0, 5.607344e-04, 1.014746e-04, 1.802340e-02, 4.082456e-02, 9.739225e-05, 0.141097, 6.433091e-04, 7.661413e-01, -0.008126, 5.000000e-01, 1, 0.141097, 6.433091e-04 
4.438844e+00, 3.538663e-02, 0, 6.345076e-04, 4.140629e-05, 1.786040e-02, 1.668119e-02, 1.691243e-04, 0.134871, 1.854319e-04, 9.822951e-01, -0.003011, 1.000000e+00, 1, 0.134871, 1.854319e-04 
4.479126e+00, 4.028248e-02, 0, 5.105803e-04, 5.219525e-05, 1.717311e-02, 2.243433e-02, 1.122635e-04, 0.131913, 1.988985e-04, 1.002845e+00, -0.003852, 2.000000e+00, 1, 0.131913, 1.988985e-04 
4.698169e+00, 2.190433e-01, 0, 6.499620e-04, 1.169290e-04, 1.736965e-02, 2.008004e-01, 1.064317e-04, 0.128050, 1.847297e-04, 4.086157e-01, -0.014380, 2.000000e+00, 1, 0.128050, 1.847297e-04 
4.989724e+00, 2.915545e-01, 0, 6.097221e-04, 1.533782e-04, 1.926267e-02, 2.714628e-01, 6.590014e-05, 0.122174, 2.783650e-04, -9.272659e-01, -0.018212, 1.000000e+00, 1, 0.122174, 2.783650e-04 
5.072428e+00, 8.270381e-02, 0, 7.187781e-04, 8.689488e-05, 1.788139e-02, 6.384966e-02, 1.670831e-04, 0.122174, 2.783650e-04, 1.095055e+00, -0.006659, 2.000000e+00, 1, 0.122174, 2.783650e-04 
5.117482e+00, 4.505412e-02, 0, 6.837869e-04, 5.831871e-05, 1.755597e-02, 2.668081e-02, 7.523114e-05, 0.114882, 2.483020e-04, -4.558949e-01, -0.006292, 1.000000e+00, 0, 0.114882, 2.483020e-04 
5.149988e+00, 3.250656e-02, 0, 6.636669e-04, 5.307003e-05, 1.774668e-02, 1.388569e-02, 1.574605e-04, 0.114882, 2.483020e-04, 9.323110e-01, -0.008157, 2.000000e+00, 1, 0.114882, 2.483020e-04 
5.180861e+00, 3.087247e-02, 0, 7.138210e-04, 2.099474e-05, 2.098541e-02, 8.952506e-03, 1.997416e-04, 0.107277, 4.303560e-04, 1.134216e-01, -0.020322, 1.000000e+00, 1, 0.107277, 4.303560e-04 
5.209293e+00, 2.843183e-02, 0, 7.144042e-04, 2.332748e-05, 1.712471e-02, 1.035565e-02, 2.137381e-04, 0.107277, 4.303560e-04, 7.953335e-01, -0.005095, 1.000000e+00, 1, 0.107277, 4.303560e-04 
5.263932e+00, 5.463938e-02, 0, 6.307169e-04, 2.303589e-05, 2.069265e-02, 3.323234e-02, 6.065146e-05, 0.103225, 2.704823e-04, 9.789262e-01, -0.004900, 2.000000e+00, 1, 0.103225, 2.704823e-04 
5.331787e+00, 6.785499e-02, 0, 5.861031e-04, 1.982836e-05, 3.003589e-02, 3.702218e-02, 1.909938e-04, 0.098428, 2.590811e-04, 1.330765e+00, -0.002070, 2.000000e+00, 0, 0.098428, 2.590811e-04 
5.364397e+00, 3.260978e-02, 0, 5.680243e-04, 1.953677e-05, 1.770090e-02, 1.427788e-02, 4.344744e-05, 0.095674, 2.585570e-04, 4.337352e-01, -0.016529, 2.000000e+00, 1, 0.095674, 2.585570e-04 
5.392910e+00, 2.851318e-02, 0, 4.849201e-04, 1.108056e-05, 1.724309e-02, 1.073560e-02, 3.849035e-05, 0.088505, 6.936842e-04, 1.130630e+00, -0.001685, 2.000000e+00, 0, 0.088505, 6.936842e-04 
5.434424e+00, 4.151359e-02, 0, 6.374235e-04, 1.516287e-05, 1.765278e-02, 2.317994e-02, 2.828458e-05, 0.086600, 3.273824e-04, 4.068216e-01, -0.002807, 2.000000e+00, 0, 0.086600, 3.273824e-04 
5.495222e+00, 6.079872e-02, 0, 5.913517e-04, 2.011996e-05, 1.729354e-02, 4.287154e-02, 2.216111e-05, 0.085458, 3.853943e-04, 6.436903e-01, -0.012302, 2.000000e+00, 1, 0.085458, 3.853943e-04 
5.523887e+00, 2.866511e-02, 0, 7.214025e-04, 2.303589e-05, 1.810300e-02, 9.775383e-03, 4.228107e-05, 0.077540, 5.090594e-04, 3.432386e-01, -0.007542, 2.000000e+00, 1, 0.077540, 5.090594e-04 
6.184004e+00, 6.601165e-01, 0, 6.502536e-04, 2.420227e-05, 1.805227e-02, 6.413813e-01, 8.456213e-06, 0.074951, 5.139115e-04, -2.892376e-01, -0.011296, 1.000000e+00, 1, 0.074951, 5.139115e-04 
6.227963e+00, 4.395860e-02, 0, 7.619340e-04, 2.361908e-05, 1.814441e-02, 2.502368e-02, 4.957091e-06, 0.074951, 5.139115e-04, -1.824987e+00, -0.021771, 5.000000e-01, 1, 0.074951, 5.139115e-04 
6.251484e+00, 2.352139e-02, 0, 6.598762e-04, 2.070314e-05, 1.681591e-02, 6.020241e-03, 4.665497e-06, 0.074951, 5.139115e-04, -2.339848e+00, -0.008796, 2.500000e-01, 1, 0.074951, 5.139115e-04 
6.283494e+00, 3.201027e-02, 0, 6.945759e-04, 2.128633e-05, 1.718390e-02, 1.408601e-02, 2.449386e-05, 0.074951, 5.139115e-04, 8.363560e-01, -0.001995, 5.000000e-01, 1, 0.074951, 5.139115e-04 
6.309503e+00, 2.600840e-02, 0, 6.694988e-04, 2.099474e-05, 1.720373e-02, 8.093762e-03, 2.041155e-05, 0.073282, 2.248303e-04, 9.503921e-01, -0.000911, 1.000000e+00, 1, 0.073282, 2.248303e-04 
6.413923e+00, 1.044208e-01, 0, 5.852283e-04, 2.099474e-05, 1.799103e-02, 8.581715e-02, 6.415058e-06, 0.072416, 2.140853e-04, 9.854356e-02, -0.004638, 5.000000e-01, 1, 0.072416, 2.140853e-04 
6.440426e+00, 2.650294e-02, 0, 7.441468e-04, 2.391067e-05, 1.876230e-02, 6.948966e-03, 2.361908e-05, 0.072416, 2.140853e-04, 4.949177e-01, -0.002359, 5.000000e-01, 1, 0.072416, 2.140853e-04 
6.485458e+00, 4.503109e-02, 0, 7.633919e-04, 2.595183e-05, 1.739647e-02, 2.682602e-02, 1.924518e-05, 0.071249, 4.686290e-04, 9.981177e-01, -0.007543, 1.000000e+00, 1, 0.071249, 4.686290e-04 
6.548285e+00, 6.282704e-02, 0, 7.027405e-04, 1.924518e-05, 1.719994e-02, 4.488441e-02, 2.070314e-05, 0.063720, 1.572752e-04, 8.472403e-01, -0.009341, 2.000000e+00, 1, 0.063720, 1.572752e-04 
6.601722e+00, 5.343714e-02, 0, 6.983666e-04, 2.099474e-05, 1.683953e-02, 3.583481e-02, 4.344744e-05, 0.055807, 1.248745e-04, 1.076242e+00, -0.000643, 2.000000e+00, 0, 0.055807, 1.248745e-04 
6.657163e+00, 5.544156e-02, 0, 6.225523e-04, 1.807880e-05, 4.849784e-02, 6.246517e-03, 5.656915e-05, 0.055114, 2.408603e-04, 9.743307e-01, -0.005200, 4.000000e+00, 1, 0.055114, 2.408603e-04 
6.732761e+00, 7.559767e-02, 0, 6.111801e-04, 2.011996e-05, 4.185767e-02, 3.304688e-02, 6.181784e-05, 0.050048, 1.996389e-04, 9.085772e-01, -0.012818, 8.000000e+00, 1, 0.050048, 1.996389e-04 
6.782617e+00, 4.985579e-02, 0, 6.388815e-04, 1.837039e-05, 1.798316e-02, 3.117281e-02, 4.257266e-05, 0.038401, 1.263529e-04, 1.821123e+00, -0.001172, 8.000000e+00, 0, 0.038401, 1.263529e-04 
6.816429e+00, 3.381231e-02, 0, 6.677493e-04, 2.099474e-05, 1.706785e-02, 1.604173e-02, 1.399649e-05, 0.036268, 1.990455e-04, -9.911301e-01, -0.000326, 4.000000e+00, 0, 0.036268, 1.990455e-04 
6.856556e+00, 4.012648e-02, 0, 5.896022e-04, 1.953677e-05, 1.718011e-02, 2.229466e-02, 4.257266e-05, 0.036268, 1.990455e-04, 1.047547e+00, -0.000720, 4.000000e+00, 0, 0.036268, 1.990455e-04 
6.890391e+00, 3.383593e-02, 0, 5.493623e-04, 1.778721e-05, 2.397861e-02, 9.251681e-03, 3.849035e-05, 0.035513, 1.156857e-04, 8.697091e-01, -0.002151, 4.000000e+00, 0, 0.035513, 1.156857e-04 
6.966597e+00, 7.620594e-02, 0, 6.210943e-04, 1.924518e-05, 1.691884e-02, 5.863218e-02, 1.457968e-05, 0.033642, 9.021527e-05, -1.362770e+01, -0.000892, 2.000000e+00, 0, 0.033642, 9.021527e-05 
6.998382e+00, 3.178457e-02, 0, 6.243018e-04, 2.041155e-05, 1.713929e-02, 1.395392e-02, 4.665497e-05, 0.033642, 9.021527e-05, 9.446199e-01, -0.000072, 2.000000e+00, 0, 0.033642, 9.021527e-05 
7.030835e+00, 3.245349e-02, 0, 6.097221e-04, 2.216111e-05, 1.696695e-02, 1.481441e-02, 4.023991e-05, 0.033574, 7.543483e-05, 1.098065e+00, -0.000285, 2.000000e+00, 0, 0.033574, 7.543483e-05 
7.055265e+00, 2.443000e-02, 0, 5.936845e-04, 2.070314e-05, 1.684244e-02, 6.955090e-03, 1.807880e-05, 0.033261, 8.353433e-05, 1.067379e+00, -0.005926, 4.000000e+00, 1, 0.033261, 8.353433e-05 
7.102775e+00, 4.750992e-02, 0, 5.656915e-04, 1.749561e-05, 2.976762e-02, 1.710575e-02, 5.336162e-05, 0.026935, 1.965661e-04, 1.071678e+00, -0.000883, 4.000000e+00, 0, 0.026935, 1.965661e-04 
7.135248e+00, 3.247244e-02, 0, 6.811626e-04, 2.216111e-05, 1.769448e-02, 1.403440e-02, 4.023991e-05, 0.025988, 6.119560e-05, 1.188448e+00, -0.001626, 4.000000e+00, 0, 0.025988, 6.119560e-05 
7.163860e+00, 2.861262e-02, 0, 6.808710e-04, 2.011996e-05, 1.717603e-02, 1.068778e-02, 4.782134e-05, 0.024056, 1.615654e-04, 1.095626e+00, -0.000296, 4.000000e+00, 0, 0.024056, 1.615654e-04 
7.275320e+00, 1.114596e-01, 0, 7.409392e-04, 2.041155e-05, 1.706493e-02, 9.362778e-02, 5.540278e-06, 0.023732, 7.277865e-05, -1.836354e+00, -0.005217, 2.000000e+00, 1, 0.023732, 7.277865e-05 
7.312179e+00, 3.685859e-02, 0, 6.893272e-04, 1.924518e-05, 1.861971e-02, 1.747812e-02, 5.219525e-05, 0.023732, 7.277865e-05, 5.478004e-01, -0.002827, 2.000000e+00, 1, 0.023732, 7.277865e-05 
7.359355e+00, 4.717634e-02, 0, 6.546275e-04, 1.982836e-05, 1.661996e-02, 2.986355e-02, 1.837039e-05, 0.022183, 1.999259e-04, -5.077948e-01, 0.000264, 1.000000e+00, 0, 0.022183, 1.999259e-04 
7.401631e+00, 4.227640e-02, 0, 6.347992e-04, 2.332748e-05, 1.691184e-02, 2.468689e-02, 1.953677e-05, 0.022183, 1.999259e-04, 6.278680e-01, -0.001046, 1.000000e+00, 1, 0.022183, 1.999259e-04 
7.427667e+00, 2.603522e-02, 0, 7.400645e-04, 1.720402e-05, 1.965982e-02, 5.584017e-03, 3.411645e-05, 0.021527, 8.385102e-05, 7.791917e-01, -0.001444, 1.000000e+00, 1, 0.021527, 8.385102e-05 
7.461304e+00, 3.363736e-02, 0, 7.327746e-04, 2.011996e-05, 1.669286e-02, 1.614262e-02, 4.898772e-05, 0.020401, 8.669527e-05, 9.999328e-01, -0.000866, 2.000000e+00, 1, 0.020401, 8.669527e-05 
7.496027e+00, 3.472267e-02, 0, 5.834787e-04, 9.622588e-06, 1.738860e-02, 1.671764e-02, 2.332748e-05, 0.019536, 5.894175e-05, 1.142353e+00, -0.001072, 2.000000e+00, 0, 0.019536, 5.894175e-05 
7.566102e+00, 7.007576e-02, 0, 6.397563e-04, 1.924518e-05, 1.689435e-02, 5.248334e-02, 3.907354e-05, 0.018312, 1.237701e-04, 4.981583e-01, -0.000549, 2.000000e+00, 1, 0.018312, 1.237701e-04 
7.596017e+00, 2.991429e-02, 0, 5.516950e-04, 1.778721e-05, 1.712004e-02, 1.218161e-02, 4.315585e-05, 0.018038, 9.648828e-05, 1.267480e+00, -0.000049, 2.000000e+00, 0, 0.018038, 9.648828e-05 
7.621277e+00, 2.525988e-02, 0, 6.371319e-04, 1.049737e-05, 1.695908e-02, 7.630712e-03, 2.245270e-05, 0.017976, 2.388468e-05, 7.516225e-01, -0.001446, 2.000000e+00, 1, 0.017976, 2.388468e-05 
7.674880e+00, 5.360335e-02, 0, 4.712152e-04, 1.457968e-05, 1.714191e-02, 3.597040e-02, 5.248684e-06, 0.016889, 1.357779e-04, -9.114891e-01, -0.000177, 1.000000e+00, 1, 0.016889, 1.357779e-04 
7.700165e+00, 2.528554e-02, 0, 4.793798e-04, 1.253852e-05, 1.660013e-02, 8.163453e-03, 3.003414e-05, 0.016889, 1.357779e-04, 1.096583e+00, -0.000097, 1.000000e+00, 0, 0.016889, 1.357779e-04 
7.725979e+00, 2.581361e-02, 0, 4.773387e-04, 1.253852e-05, 1.720402e-02, 8.092596e-03, 2.711820e-05, 0.016782, 4.533388e-05, 4.777842e-01, -0.000519, 1.000000e+00, 1, 0.016782, 4.533388e-05 
7.750467e+00, 2.448774e-02, 0, 4.648001e-04, 1.137215e-05, 1.689551e-02, 7.089806e-03, 2.624342e-05, 0.016534, 1.079602e-04, 1.117824e+00, -0.000243, 1.000000e+00, 0, 0.016534, 1.079602e-04 
7.773408e+00, 2.294083e-02, 0, 5.126215e-04, 1.195534e-05, 1.654327e-02, 5.849950e-03, 2.303589e-05, 0.016263, 3.720820e-05, 1.022704e+00, -0.000560, 2.000000e+00, 1, 0.016263, 3.720820e-05 
7.822674e+00, 4.926677e-02, 0, 4.621758e-04, 1.195534e-05, 1.715941e-02, 3.158658e-02, 4.665497e-05, 0.015690, 1.986955e-05, 2.365686e-01, -0.000705, 2.000000e+00, 1, 0.015690, 1.986955e-05 
7.858301e+00, 3.562632e-02, 0, 6.423806e-04, 1.837039e-05, 1.624526e-02, 1.867948e-02, 4.082310e-05, 0.015524, 6.234797e-05, 3.969980e-01, -0.001511, 2.000000e+00, 1, 0.015524, 6.234797e-05 
7.893703e+00, 3.540208e-02, 0, 6.657081e-04, 1.837039e-05, 1.755247e-02, 1.712354e-02, 4.198947e-05, 0.014924, 2.253210e-05, 1.020615e+00, -0.000005, 2.000000e+00, 0, 0.014924, 2.253210e-05 
7.916980e+00, 2.327704e-02, 0, 6.196363e-04, 1.108056e-05, 1.698707e-02, 5.621924e-03, 3.732398e-05, 0.014919, 2.076410e-05, 1.006023e+00, -0.000351, 4.000000e+00, 1, 0.014919, 2.076410e-05 
7.939525e+00, 2.254485e-02, 0, 5.837703e-04, 1.720402e-05, 1.655610e-02, 5.377277e-03, 1.049737e-05, 0.014565, 1.410019e-05, 1.123692e-01, -0.000073, 2.000000e+00, 1, 0.014565, 1.410019e-05 
7.961113e+00, 2.158871e-02, 0, 5.633588e-04, 1.924518e-05, 1.684828e-02, 4.112927e-03, 4.490541e-05, 0.014565, 1.410019e-05, 1.002850e+00, -0.000001, 2.000000e+00, 0, 0.014565, 1.410019e-05 
7.991850e+00, 3.073688e-02, 0, 6.441302e-04, 1.837039e-05, 1.707309e-02, 1.296046e-02, 4.082310e-05, 0.014564, 9.970547e-06, 9.738637e-01, -0.000018, 2.000000e+00, 0, 0.014564, 9.970547e-06 
8.026001e+00, 3.415115e-02, 0, 5.904770e-04, 1.720402e-05, 1.687073e-02, 1.662608e-02, 4.665497e-05, 0.014546, 2.011053e-05, 4.692193e-01, -0.000515, 2.000000e+00, 1, 0.014546, 2.011053e-05 
8.047039e+00, 2.103760e-02, 0, 5.543194e-04, 1.953677e-05, 1.688939e-02, 3.528574e-03, 4.578019e-05, 0.014304, 1.134798e-05, 1.004405e+00, -0.000306, 4.000000e+00, 1, 0.014304, 1.134798e-05 
8.070808e+00, 2.376896e-02, 0, 5.753141e-04, 1.807880e-05, 1.692438e-02, 6.213276e-03, 3.790716e-05, 0.013996, 4.332542e-05, 9.915084e-01, -0.000013, 4.000000e+00, 0, 0.013996, 4.332542e-05 
8.097146e+00, 2.633761e-02, 0, 5.913517e-04, 1.953677e-05, 1.699816e-02, 8.701735e-03, 2.682661e-05, 0.013984, 6.286139e-06, 1.005639e+00, -0.000010, 4.000000e+00, 0, 0.013984, 6.286139e-06 
8.124788e+00, 2.764219e-02, 0, 6.021407e-04, 1.749561e-05, 2.409846e-02, 2.883569e-03, 4.053151e-05, 0.013973, 1.564015e-05, 1.001443e+00, -0.000000, 4.000000e+00, 0, 0.013973, 1.564015e-05 
8.153429e+00, 2.864119e-02, 0, 5.922265e-04, 1.720402e-05, 1.714074e-02, 1.086361e-02, 2.740979e-05, 0.013973, 1.431907e-05, 9.948179e-01, -0.000015, 4.000000e+00, 0, 0.013973, 1.431907e-05 
8.177790e+00, 2.436060e-02, 0, 4.601346e-04, 1.253852e-05, 1.703344e-02, 6.828538e-03, 2.595183e-05, 0.013958, 8.526124e-06, 1.001813e+00, -0.000001, 4.000000e+00, 0, 0.013958, 8.526124e-06 
8.202375e+00, 2.458571e-02, 0, 4.822958e-04, 1.224693e-05, 1.693605e-02, 7.095055e-03, 6.006827e-05, 0.013957, 6.071376e-06, 1.001205e+00, 0.000001, 2.000000e+00, 0, 0.013957, 6.071376e-06 
8.225413e+00, 2.303764e-02, 0, 4.860865e-04, 1.020577e-05, 1.690164e-02, 5.612301e-03, 2.740979e-05, 0.013957, 6.071376e-06, 1.000859e+00, -0.000003, 2.000000e+00, 0, 0.013957, 6.071376e-06 
8.250093e+00, 2.467960e-02, 0, 5.099971e-04, 1.224693e-05, 1.685003e-02, 7.281091e-03, 2.624342e-05, 0.013954, 9.782310e-06, 9.819648e-01, -0.000002, 2.000000e+00, 0, 0.013954, 9.782310e-06 
8.271316e+00, 2.122393e-02, 0, 4.802546e-04, 1.166374e-05, 1.645433e-02, 4.250851e-03, 2.682661e-05, 0.013952, 6.582376e-06, 1.004906e+00, -0.000001, 2.000000e+00, 0, 0.013952, 6.582376e-06 
8.293427e+00, 2.211067e-02, 0, 5.146626e-04, 1.108056e-05, 1.773180e-02, 3.812877e-03, 4.023991e-05, 0.013951, 6.535163e-06, 9.674363e-01, -0.000535, 4.000000e+00, 1, 0.013951, 6.535163e-06 
8.316862e+00, 2.343450e-02, 0, 5.846451e-04, 2.041155e-05, 1.707193e-02, 5.716400e-03, 4.111469e-05, 0.013434, 5.466317e-05, 1.669987e+00, -0.000009, 8.000000e+00, 1, 0.013434, 5.466317e-05 
8.343352e+00, 2.649069e-02, 0, 5.199113e-04, 2.216111e-05, 1.750961e-02, 8.397020e-03, 4.198947e-05, 0.013418, 5.554222e-05, 9.657790e-01, -0.000012, 8.000000e+00, 0, 0.013418, 5.554222e-05 
8.371373e+00, 2.802068e-02, 0, 5.863947e-04, 1.428808e-05, 1.732649e-02, 1.005444e-02, 3.907354e-05, 0.013407, 2.494944e-05, 1.034869e+00, -0.000009, 8.000000e+00, 0, 0.013407, 2.494944e-05 
9.018856e+00, 6.474835e-01, 0, 6.164288e-04, 1.895358e-05, 1.744896e-02, 6.293916e-01, 7.581433e-06, 0.013398, 7.069772e-06, -2.275901e+01, -0.000573, 4.000000e+00, 1, 0.013398, 7.069772e-06 
9.042148e+00, 2.329104e-02, 0, 7.219857e-04, 2.245270e-05, 1.738393e-02, 5.109594e-03, 5.307003e-05, 0.013398, 7.069772e-06, 1.000228e+00, -0.000000, 4.000000e+00, 0, 0.013398, 7.069772e-06 
9.091104e+00, 4.895623e-02, 0, 6.590014e-04, 1.807880e-05, 1.668528e-02, 3.158017e-02, 1.370490e-05, 0.013398, 6.148283e-06, -6.930339e-02, -0.000001, 2.000000e+00, 0, 0.013398, 6.148283e-06 
9.116045e+00, 2.494116e-02, 0, 5.499455e-04, 1.020577e-05, 1.690310e-02, 7.449049e-03, 2.886776e-05, 0.013398, 6.148283e-06, 1.003123e+00, -0.000001, 2.000000e+00, 0, 0.013398, 6.148283e-06 
9.146303e+00, 3.025808e-02, 0, 4.645085e-04, 1.312171e-05, 1.700107e-02, 1.275489e-02, 2.449386e-05, 0.013397, 7.518416e-06, 4.591890e-01, -0.000483, 2.000000e+00, 1, 0.013397, 7.518416e-06 
9.168248e+00, 2.194504e-02, 0, 4.752975e-04, 1.341330e-05, 1.700953e-02, 4.419684e-03, 2.711820e-05, 0.013176, 4.621568e-05, 1.014699e+00, -0.000014, 2.000000e+00, 0, 0.013176, 4.621568e-05 
9.193839e+00, 2.559083e-02, 0, 4.569271e-04, 1.137215e-05, 1.705443e-02, 8.047108e-03, 2.099474e-05, 0.013161, 7.560476e-06, 9.933825e-01, -0.000001, 2.000000e+00, 0, 0.013161, 7.560476e-06 
9.226514e+00, 3.267539e-02, 0, 4.741311e-04, 1.224693e-05, 1.658322e-02, 1.558597e-02, 1.982836e-05, 0.013160, 1.221195e-05, 9.589020e-01, -0.000006, 2.000000e+00, 0, 0.013160, 1.221195e-05 
9.250004e+00, 2.348990e-02, 0, 4.808378e-04, 1.195534e-05, 1.689143e-02, 6.079434e-03, 2.624342e-05, 0.013155, 1.074388e-05, 4.894731e-01, -0.000090, 2.000000e+00, 1, 0.013155, 1.074388e-05 
9.276980e+00, 2.697561e-02, 0, 4.860865e-04, 1.224693e-05, 1.705822e-02, 9.397477e-03, 2.157792e-05, 0.013111, 8.534632e-05, 1.053774e+00, -0.000061, 2.000000e+00, 0, 0.013111, 8.534632e-05 
9.299089e+00, 2.210950e-02, 0, 4.814210e-04, 1.166374e-05, 1.720256e-02, 4.374487e-03, 3.936513e-05, 0.013046, 5.402082e-06, 1.036859e+00, -0.000244, 4.000000e+00, 1, 0.013046, 5.402082e-06 
9.329936e+00, 3.084681e-02, 0, 6.213859e-04, 1.778721e-05, 1.667799e-02, 1.349058e-02, 3.907354e-05, 0.012793, 1.533566e-05, 1.177099e+00, -0.000007, 4.000000e+00, 0, 0.012793, 1.533566e-05 
9.352559e+00, 2.262299e-02, 0, 5.942677e-04, 2.041155e-05, 1.665816e-02, 5.302337e-03, 4.782134e-05, 0.012785, 8.078789e-06, 9.946615e-01, -0.000001, 4.000000e+00, 0, 0.012785, 8.078789e-06 
9.373005e+00, 2.044596e-02, 0, 5.659831e-04, 1.837039e-05, 1.701215e-02, 2.793175e-03, 5.627756e-05, 0.012784, 3.176653e-06, 1.000515e+00, -0.000000, 4.000000e+00, 0, 0.012784, 3.176653e-06 
9.402755e+00, 2.975042e-02, 0, 5.420724e-04, 9.914181e-06, 1.660363e-02, 1.256243e-02, 3.236689e-05, 0.012784, 3.710152e-06, 1.121211e+00, -0.000003, 4.000000e+00, 0, 0.012784, 3.710152e-06 
9.432147e+00, 2.939205e-02, 0, 6.138044e-04, 1.895358e-05, 1.732241e-02, 1.140043e-02, 3.644920e-05, 0.012781, 7.919943e-06, 9.985112e-01, -0.000002, 4.000000e+00, 0, 0.012781, 7.919943e-06 
9.457593e+00, 2.544504e-02, 0, 5.627756e-04, 1.866199e-05, 1.683020e-02, 8.014157e-03, 1.924518e-05, 0.012779, 3.601658e-06, 1.002239e+00, -0.000000, 4.000000e+00, 0, 0.012779, 3.601658e-06 
9.479090e+00, 2.149715e-02, 0, 5.834787e-04, 9.039400e-06, 1.721335e-02, 3.682535e-03, 8.747807e-06, 0.012778, 4.007309e-06, -1.595890e+00, 0.000003, 2.000000e+00, 1, 0.012778, 4.007309e-06 
9.502077e+00, 2.298720e-02, 0, 4.732564e-04, 1.283012e-05, 1.724601e-02, 5.230897e-03, 2.420227e-05, 0.012778, 4.007309e-06, 9.118011e-01, -0.000195, 4.000000e+00, 1, 0.012778, 4.007309e-06 
9.523899e+00, 2.182257e-02, 0, 5.729813e-04, 1.807880e-05, 1.734690e-02, 3.848452e-03, 3.615760e-05, 0.012600, 2.322252e-05, 1.000992e+00, -0.000002, 4.000000e+00, 0, 0.012600, 2.322252e-05 
9.545807e+00, 2.190772e-02, 0, 6.178868e-04, 1.778721e-05, 1.706551e-02, 4.184951e-03, 2.157792e-05, 0.012598, 6.556946e-06, 9.939741e-01, -0.000012, 4.000000e+00, 0, 0.012598, 6.556946e-06 
9.582435e+00, 3.662823e-02, 0, 6.047650e-04, 2.011996e-05, 1.669140e-02, 1.926296e-02, 4.898772e-05, 0.012586, 7.480089e-06, 1.032472e+00, -0.000010, 4.000000e+00, 0, 0.012586, 7.480089e-06 
9.609762e+00, 2.732640e-02, 0, 6.642501e-04, 2.041155e-05, 1.709992e-02, 9.497202e-03, 4.461381e-05, 0.012576, 8.062034e-06, 1.022486e+00, -0.000001, 4.000000e+00, 0, 0.012576, 8.062034e-06 
9.631909e+00, 2.214770e-02, 0, 7.033237e-04, 1.924518e-05, 1.720402e-02, 4.182618e-03, 3.849035e-05, 0.012575, 3.876276e-06, 9.953117e-01, -0.000000, 4.000000e+00, 0, 0.012575, 3.876276e-06 
9.652539e+00, 2.062908e-02, 0, 6.496705e-04, 2.157792e-05, 1.706464e-02, 2.845078e-03, 4.811294e-05, 0.012575, 4.896909e-06, 1.005984e+00, -0.000000, 4.000000e+00, 0, 0.012575, 4.896909e-06 
9.680526e+00, 2.798744e-02, 0, 6.514200e-04, 1.778721e-05, 1.648145e-02, 1.081783e-02, 1.895358e-05, 0.012575, 3.984822e-06, 1.000071e+00, -0.000016, 4.000000e+00, 0, 0.012575, 3.984822e-06 
9.706438e+00, 2.591159e-02, 0, 5.767721e-04, 1.691243e-05, 1.728100e-02, 7.998995e-03, 3.790716e-05, 0.012559, 4.059612e-06, 9.825443e-01, -0.000001, 4.000000e+00, 0, 0.012559, 4.059612e-06 
9.729195e+00, 2.275771e-02, 0, 6.181784e-04, 1.866199e-05, 1.655843e-02, 5.536487e-03, 2.595183e-05, 0.012558, 3.752151e-06, 1.011170e+00, -0.000003, 4.000000e+00, 0, 0.012558, 3.752151e-06 
9.750679e+00, 2.148403e-02, 0, 5.403229e-04, 1.837039e-05, 1.694188e-02, 3.960424e-03, 2.303589e-05, 0.012555, 3.508221e-06, 9.646692e-01, -0.000002, 4.000000e+00, 0, 0.012555, 3.508221e-06 
9.801883e+00, 5.120354e-02, 0, 5.919349e-04, 1.749561e-05, 1.719265e-02, 3.339563e-02, 5.831871e-06, 0.012554, 2.774652e-06, 1.000303e+00, 0.000001, 2.000000e+00, 0, 0.012554, 2.774652e-06 
9.832221e+00, 3.033827e-02, 0, 6.097221e-04, 1.778721e-05, 1.694013e-02, 1.272339e-02, 4.723816e-05, 0.012554, 2.774652e-06, 9.897927e-01, -0.000008, 2.000000e+00, 0, 0.012554, 2.774652e-06 
9.873648e+00, 4.142699e-02, 0, 5.843535e-04, 1.895358e-05, 1.721189e-02, 2.357301e-02, 3.878194e-05, 0.012546, 3.621486e-06, 2.326397e-01, -0.000096, 2.000000e+00, 1, 0.012546, 3.621486e-06 
9.898604e+00, 2.495633e-02, 0, 6.149708e-04, 1.632924e-05, 1.719090e-02, 7.087765e-03, 4.636338e-05, 0.012524, 4.225128e-05, 1.006446e+00, -0.000004, 2.000000e+00, 0, 0.012524, 4.225128e-05 
9.922180e+00, 2.357505e-02, 0, 5.586933e-04, 1.866199e-05, 1.726205e-02, 5.708819e-03, 2.682661e-05, 0.012520, 9.585803e-06, 5.805217e-01, -0.000079, 2.000000e+00, 1, 0.012520, 9.585803e-06 
9.945214e+00, 2.303414e-02, 0, 4.752975e-04, 1.253852e-05, 1.682845e-02, 5.692198e-03, 2.566023e-05, 0.012474, 2.283484e-05, 7.682313e-01, -0.000007, 2.000000e+00, 0, 0.012474, 2.283484e-05 
9.973145e+00, 2.793116e-02, 0, 4.706320e-04, 1.195534e-05, 1.718361e-02, 1.022648e-02, 3.849035e-05, 0.012468, 9.185104e-06, 1.074526e+00, -0.000003, 2.000000e+00, 0, 0.012468, 9.185104e-06 
1.000101e+01, 2.786760e-02, 0, 5.461547e-04, 1.603765e-05, 1.697366e-02, 1.029442e-02, 3.732398e-05, 0.012466, 4.224783e-06, 1.001982e+00, -0.000002, 2.000000e+00, 0, 0.012466, 4.224783e-06 
1.002505e+01, 2.403372e-02, 0, 6.097221e-04, 1.749561e-05, 1.648903e-02, 6.871694e-03, 4.578019e-05, 0.012464, 4.972017e-06, 1.005666e+00, -0.000001, 2.000000e+00, 0, 0.012464, 4.972017e-06 
1.004841e+01, 2.336189e-02, 0, 5.633588e-04, 1.778721e-05, 1.661471e-02, 6.127547e-03, 3.849035e-05, 0.012463, 5.484143e-06, 7.891194e-01, -0.000184, 2.000000e+00, 1, 0.012463, 5.484143e-06 
1.007587e+01, 2.745849e-02, 0, 5.566521e-04, 1.691243e-05, 1.706610e-02, 9.779756e-03, 3.907354e-05, 0.012318, 4.899777e-06, 1.117673e+00, -0.000005, 2.000000e+00, 0, 0.012318, 4.899777e-06 
1.009755e+01, 2.168756e-02, 0, 5.508202e-04, 9.039400e-06, 1.702207e-02, 4.082310e-03, 2.332748e-05, 0.012312, 4.998808e-06, 1.026983e+00, -0.000010, 2.000000e+00, 0, 0.012312, 4.998808e-06 
1.011890e+01, 2.135019e-02, 0, 6.065146e-04, 1.778721e-05, 1.664387e-02, 4.040904e-03, 4.111469e-05, 0.012301, 5.935758e-06, 1.012964e+00, -0.000223, 4.000000e+00, 1, 0.012301, 5.935758e-06 
1.015585e+01, 3.694928e-02, 0, 5.858115e-04, 1.924518e-05, 1.714308e-02, 1.916178e-02, 3.936513e-05, 0.012075, 3.872418e-05, 1.052434e+00, -0.000007, 4.000000e+00, 0, 0.012075, 3.872418e-05 
1.017755e+01, 2.169369e-02, 0, 6.135129e-04, 1.049737e-05, 1.700574e-02, 4.026324e-03, 3.761557e-05, 0.012068, 4.455436e-06, 1.012035e+00, -0.000015, 4.000000e+00, 0, 0.012068, 4.455436e-06 
1.020699e+01, 2.943987e-02, 0, 6.210943e-04, 8.747807e-06, 1.738073e-02, 1.138935e-02, 3.994832e-05, 0.012053, 2.896150e-06, 1.006167e+00, -0.000001, 4.000000e+00, 0, 0.012053, 2.896150e-06 
1.023191e+01, 2.492396e-02, 0, 5.875610e-04, 1.895358e-05, 1.701419e-02, 7.282841e-03, 2.041155e-05, 0.012052, 7.204741e-06, 9.689917e-01, -0.000000, 4.000000e+00, 0, 0.012052, 7.204741e-06 
1.025611e+01, 2.420372e-02, 0, 5.630672e-04, 1.691243e-05, 1.726234e-02, 6.318541e-03, 4.286425e-05, 0.012052, 3.365074e-06, 8.371260e-01, -0.000004, 4.000000e+00, 0, 0.012052, 3.365074e-06 
1.028360e+01, 2.748036e-02, 0, 6.079726e-04, 2.041155e-05, 1.700661e-02, 9.818538e-03, 2.682661e-05, 0.012049, 4.897721e-06, 1.003605e+00, -0.000002, 4.000000e+00, 0, 0.012049, 4.897721e-06 
1.030823e+01, 2.463645e-02, 0, 6.333412e-04, 2.157792e-05, 1.713200e-02, 6.821248e-03, 2.828458e-05, 0.012046, 5.178170e-06, 4.607719e-01, -0.000106, 4.000000e+00, 1, 0.012046, 5.178170e-06 
1.033203e+01, 2.380074e-02, 0, 5.968920e-04, 2.070314e-05, 1.734049e-02, 5.832163e-03, 1.049737e-05, 0.011997, 9.638632e-06, 3.074080e-02, -0.000073, 2.000000e+00, 1, 0.011997, 9.638632e-06 
1.035863e+01, 2.660062e-02, 0, 6.155540e-04, 9.039400e-06, 1.706610e-02, 8.869985e-03, 3.994832e-05, 0.011997, 9.638632e-06, 1.251921e+00, -0.000015, 2.000000e+00, 0, 0.011997, 9.638632e-06 
1.038282e+01, 2.418856e-02, 0, 5.858115e-04, 1.807880e-05, 1.722181e-02, 6.321457e-03, 4.140629e-05, 0.011979, 1.001323e-05, 1.000808e+00, -0.000002, 2.000000e+00, 0, 0.011979, 1.001323e-05 
1.040890e+01, 2.608042e-02, 0, 6.047650e-04, 1.632924e-05, 1.722939e-02, 8.187947e-03, 4.198947e-05, 0.011977, 4.688800e-06, 1.010724e+00, -0.000002, 2.000000e+00, 0, 0.011977, 4.688800e-06 
1.043058e+01, 2.167707e-02, 0, 5.893106e-04, 1.953677e-05, 1.723114e-02, 3.792174e-03, 4.490541e-05, 0.011976, 3.247160e-06, 9.994159e-01, -0.000000, 2.000000e+00, 0, 0.011976, 3.247160e-06 
1.046642e+01, 3.584006e-02, 0, 5.855199e-04, 1.778721e-05, 1.707309e-02, 1.815170e-02, 1.195534e-05, 0.011976, 3.439814e-06, 1.574387e-01, -0.000170, 1.000000e+00, 1, 0.011976, 3.439814e-06 
1.049278e+01, 2.636035e-02, 0, 5.621924e-04, 1.866199e-05, 1.755335e-02, 8.186489e-03, 3.965672e-05, 0.011976, 3.439814e-06, 5.154909e-01, -0.000015, 1.000000e+00, 1, 0.011976, 3.439814e-06 
1.051521e+01, 2.243171e-02, 0, 5.750225e-04, 1.982836e-05, 1.706901e-02, 4.743936e-03, 2.391067e-05, 0.011968, 7.571524e-06, 2.696849e-01, -0.000092, 1.000000e+00, 1, 0.011968, 7.571524e-06 
1.053965e+01, 2.444225e-02, 0, 6.178868e-04, 1.720402e-05, 1.736527e-02, 6.421473e-03, 2.041155e-05, 0.011943, 9.999194e-05, 1.035150e+00, -0.000033, 1.000000e+00, 0, 0.011943, 9.999194e-05 
1.068763e+01, 1.479811e-01, 0, 5.729813e-04, 1.982836e-05, 1.700574e-02, 1.303767e-01, 5.831871e-06, 0.011909, 4.397628e-06, -1.173003e+01, -0.000023, 5.000000e-01, 1, 0.011909, 4.397628e-06 
1.070920e+01, 2.156159e-02, 0, 6.315917e-04, 1.283012e-05, 1.784873e-02, 3.040154e-03, 2.828458e-05, 0.011909, 4.397628e-06, 9.488026e-01, -0.000048, 1.000000e+00, 1, 0.011909, 4.397628e-06 
1.072981e+01, 2.061158e-02, 0, 6.033071e-04, 1.283012e-05, 1.659838e-02, 3.347202e-03, 4.986250e-05, 0.011863, 3.233274e-06, 1.010177e+00, -0.000033, 2.000000e+00, 1, 0.011863, 3.233274e-06 
1.075316e+01, 2.335694e-02, 0, 6.286757e-04, 2.070314e-05, 1.636481e-02, 6.304836e-03, 3.790716e-05, 0.011829, 5.544215e-06, 9.538515e-01, -0.000176, 4.000000e+00, 1, 0.011829, 5.544215e-06 
1.077753e+01, 2.436731e-02, 0, 6.091390e-04, 2.011996e-05, 1.811671e-02, 5.588391e-03, 3.295007e-05, 0.011662, 3.400361e-06, 9.956217e-01, -0.000001, 4.000000e+00, 0, 0.011662, 3.400361e-06 
1.080091e+01, 2.337910e-02, 0, 6.353824e-04, 2.128633e-05, 1.714658e-02, 5.535904e-03, 3.994832e-05, 0.011661, 5.505564e-06, 7.888157e-01, -0.000005, 4.000000e+00, 0, 0.011661, 5.505564e-06 
1.085330e+01, 5.239324e-02, 0, 6.420890e-04, 1.953677e-05, 1.739910e-02, 3.432639e-02, 6.123465e-06, 0.011658, 1.212670e-05, 9.858616e-01, 0.000000, 2.000000e+00, 0, 0.011658, 1.212670e-05 
1.087448e+01, 2.117436e-02, 0, 6.091390e-04, 1.953677e-05, 1.707397e-02, 3.430598e-03, 4.111469e-05, 0.011658, 1.212670e-05, 1.006172e+00, -0.000001, 2.000000e+00, 0, 0.011658, 1.212670e-05 
1.089655e+01, 2.207305e-02, 0, 5.753141e-04, 1.049737e-05, 1.715853e-02, 4.290799e-03, 3.790716e-05, 0.011657, 5.187877e-06, 9.926722e-01, -0.000006, 2.000000e+00, 0, 0.011657, 5.187877e-06 
1.091777e+01, 2.121781e-02, 0, 5.933929e-04, 2.011996e-05, 1.712850e-02, 3.455384e-03, 2.041155e-05, 0.011651, 4.972438e-06, 7.060878e-01, -0.000310, 2.000000e+00, 1, 0.011651, 4.972438e-06 
1.093865e+01, 2.088451e-02, 0, 6.030155e-04, 9.039400e-06, 1.663454e-02, 3.592141e-03, 4.578019e-05, 0.011432, 9.522056e-05, 1.010283e+00, -0.000025, 2.000000e+00, 0, 0.011432, 9.522056e-05 
1.096056e+01, 2.190801e-02, 0, 5.866862e-04, 1.866199e-05, 1.692205e-02, 4.353783e-03, 2.682661e-05, 0.011407, 7.987227e-06, 1.000030e+00, -0.000000, 2.000000e+00, 0, 0.011407, 7.987227e-06 
1.098266e+01, 2.210221e-02, 0, 5.613176e-04, 2.041155e-05, 1.727517e-02, 4.200405e-03, 4.490541e-05, 0.011407, 8.059070e-06, 1.000008e+00, -0.000000, 2.000000e+00, 0, 0.011407, 8.059070e-06 
1.101081e+01, 2.814898e-02, 0, 6.782466e-04, 1.953677e-05, 1.676167e-02, 1.064521e-02, 4.432222e-05, 0.011407, 8.184872e-06, 5.049414e-01, -0.000173, 2.000000e+00, 1, 0.011407, 8.184872e-06 
1.104047e+01, 2.965827e-02, 0, 6.044735e-04, 1.866199e-05, 1.716320e-02, 1.183141e-02, 4.053151e-05, 0.011320, 2.086088e-05, 9.815300e-01, -0.000010, 2.000000e+00, 0, 0.011320, 2.086088e-05 
1.106382e+01, 2.334760e-02, 0, 5.586933e-04, 1.866199e-05, 1.691388e-02, 5.831871e-03, 2.449386e-05, 0.011310, 5.426407e-06, 1.046972e+00, -0.000006, 2.000000e+00, 0, 0.011310, 5.426407e-06 
1.110145e+01, 3.762694e-02, 0, 6.009743e-04, 1.807880e-05, 1.676255e-02, 2.019548e-02, 4.986250e-05, 0.011303, 9.247803e-06, 9.681982e-01, -0.000007, 2.000000e+00, 0, 0.011303, 9.247803e-06 
1.112590e+01, 2.445274e-02, 0, 7.348158e-04, 1.312171e-05, 1.729908e-02, 6.359364e-03, 4.636338e-05, 0.011297, 6.968695e-06, 2.237013e-01, -0.000191, 2.000000e+00, 1, 0.011297, 6.968695e-06 
1.116396e+01, 3.806229e-02, 0, 7.021573e-04, 2.157792e-05, 1.728596e-02, 2.000769e-02, 4.490541e-05, 0.011254, 2.271024e-05, 9.752557e-01, -0.000042, 2.000000e+00, 0, 0.011254, 2.271024e-05 
1.120937e+01, 4.540812e-02, 0, 7.278175e-04, 2.186952e-05, 1.779537e-02, 2.684031e-02, 2.274430e-05, 0.011213, 2.404869e-05, 1.031448e+00, -0.000076, 2.000000e+00, 0, 0.011213, 2.404869e-05 
1.123087e+01, 2.150007e-02, 0, 6.132213e-04, 1.574605e-05, 1.704889e-02, 3.763890e-03, 5.831871e-05, 0.011135, 3.820643e-05, 3.696442e-01, -0.000241, 2.000000e+00, 1, 0.011135, 3.820643e-05 
1.125889e+01, 2.802039e-02, 0, 5.586933e-04, 1.924518e-05, 1.724105e-02, 1.017370e-02, 2.770139e-05, 0.011046, 4.593895e-05, 1.030707e+00, -0.000018, 2.000000e+00, 0, 0.011046, 4.593895e-05 
1.128114e+01, 2.224801e-02, 0, 4.761723e-04, 9.622588e-06, 1.736994e-02, 4.350284e-03, 4.198947e-05, 0.011028, 4.750634e-06, 1.003875e+00, -0.000001, 2.000000e+00, 0, 0.011028, 4.750634e-06 
1.130394e+01, 2.280116e-02, 0, 6.677493e-04, 2.099474e-05, 1.696841e-02, 5.106678e-03, 3.732398e-05, 0.011027, 4.108827e-06, 1.069043e+00, -0.000152, 4.000000e+00, 1, 0.011027, 4.108827e-06 
1.132773e+01, 2.379287e-02, 0, 6.143876e-04, 1.866199e-05, 1.703198e-02, 6.088182e-03, 3.965672e-05, 0.010864, 5.696589e-06, 8.549362e-01, -0.000388, 8.000000e+00, 1, 0.010864, 5.696589e-06 
1.135527e+01, 2.753693e-02, 0, 7.170286e-04, 1.778721e-05, 1.704014e-02, 9.733393e-03, 2.857617e-05, 0.010533, 9.676525e-06, 9.271487e-01, -0.000013, 8.000000e+00, 0, 0.010533, 9.676525e-06 
1.138219e+01, 2.692546e-02, 0, 6.018491e-04, 2.041155e-05, 1.724484e-02, 9.043191e-03, 1.516287e-05, 0.010521, 1.073913e-05, -9.881267e+00, 0.000004, 4.000000e+00, 1, 0.010521, 1.073913e-05 
1.140342e+01, 2.122947e-02, 0, 6.021407e-04, 2.274430e-05, 1.694071e-02, 3.624800e-03, 3.907354e-05, 0.010521, 1.073913e-05, 9.720084e-01, -0.000010, 4.000000e+00, 0, 0.010521, 1.073913e-05 
1.142713e+01, 2.371093e-02, 0, 5.301171e-04, 9.039400e-06, 1.701099e-02, 6.139502e-03, 2.128633e-05, 0.010511, 6.276931e-06, 3.647095e-01, -0.000069, 4.000000e+00, 1, 0.010511, 6.276931e-06 
1.145317e+01, 2.603551e-02, 0, 6.522948e-04, 1.924518e-05, 1.714512e-02, 8.191446e-03, 2.740979e-05, 0.010486, 9.869865e-06, 1.003943e+00, -0.000006, 4.000000e+00, 0, 0.010486, 9.869865e-06 
1.147431e+01, 2.114024e-02, 0, 5.878526e-04, 1.807880e-05, 1.713345e-02, 3.381319e-03, 1.953677e-05, 0.010481, 9.207204e-06, 3.709711e-01, -0.000352, 4.000000e+00, 1, 0.010481, 9.207204e-06 
1.149687e+01, 2.255680e-02, 0, 5.878526e-04, 2.507705e-05, 1.695150e-02, 4.952133e-03, 4.023991e-05, 0.010350, 1.169908e-05, 1.001227e+00, -0.000000, 4.000000e+00, 0, 0.010350, 1.169908e-05 
1.152277e+01, 2.589992e-02, 0, 5.703570e-04, 1.837039e-05, 1.693313e-02, 8.355322e-03, 2.274430e-05, 0.010350, 1.199717e-05, 9.039407e-01, -0.000009, 4.000000e+00, 0, 0.010350, 1.199717e-05 
1.154726e+01, 2.449707e-02, 0, 6.409226e-04, 2.099474e-05, 1.702877e-02, 6.765262e-03, 4.111469e-05, 0.010342, 7.002853e-06, 1.016569e+00, -0.000002, 4.000000e+00, 0, 0.010342, 7.002853e-06 
1.158069e+01, 3.343033e-02, 0, 5.802712e-04, 9.330994e-06, 1.690864e-02, 1.589302e-02, 3.907354e-05, 0.010340, 5.846869e-06, 1.263498e+00, -0.000006, 4.000000e+00, 0, 0.010340, 5.846869e-06 
1.160440e+01, 2.370626e-02, 0, 6.050566e-04, 1.749561e-05, 1.687219e-02, 6.172744e-03, 3.878194e-05, 0.010332, 6.039342e-06, 1.003530e+00, -0.000001, 4.000000e+00, 0, 0.010332, 6.039342e-06 
1.162640e+01, 2.199519e-02, 0, 5.718150e-04, 1.866199e-05, 1.696666e-02, 4.388483e-03, 4.957091e-05, 0.010332, 5.272866e-06, 7.852290e-01, -0.000105, 4.000000e+00, 1, 0.010332, 5.272866e-06 
1.165335e+01, 2.695666e-02, 0, 5.633588e-04, 2.682661e-05, 1.681824e-02, 9.529278e-03, 1.895358e-05, 0.010249, 3.656681e-05, 9.906058e-01, -0.000041, 4.000000e+00, 0, 0.010249, 3.656681e-05 
1.168015e+01, 2.679366e-02, 0, 5.910601e-04, 1.662083e-05, 1.720460e-02, 8.968543e-03, 1.283012e-05, 0.010208, 5.018444e-06, 1.000408e+00, 0.000000, 2.000000e+00, 0, 0.010208, 5.018444e-06 
1.170332e+01, 2.317382e-02, 0, 5.919349e-04, 1.224693e-05, 1.713083e-02, 5.413434e-03, 2.536864e-05, 0.010208, 5.018444e-06, 1.331497e+00, -0.000137, 4.000000e+00, 1, 0.010208, 5.018444e-06 
1.172935e+01, 2.602735e-02, 0, 6.266346e-04, 1.749561e-05, 1.694042e-02, 8.400519e-03, 4.228107e-05, 0.010026, 2.875679e-05, 9.730707e-01, -0.000010, 4.000000e+00, 0, 0.010026, 2.875679e-05 
1.175791e+01, 2.856567e-02, 0, 6.514200e-04, 2.157792e-05, 1.718594e-02, 1.068690e-02, 1.982836e-05, 0.010016, 9.420151e-06, 7.446926e-01, -0.000432, 4.000000e+00, 1, 0.010016, 9.420151e-06 
1.178343e+01, 2.551210e-02, 0, 6.129297e-04, 1.778721e-05, 1.783095e-02, 7.011950e-03, 3.849035e-05, 0.009695, 5.858521e-05, 2.489275e-01, -0.000806, 4.000000e+00, 1, 0.009695, 5.858521e-05 
