-2.992006e-01 
1.052897e+00 
-8.926368e-01 
1.246798e+00 
-2.054100e+00 
-8.682384e-01 
-9.534118e-01 
-5.099212e-01 
1.449769e+00 
4.115359e-01 
-1.446619e-02 
1.215639e+00 
-3.122653e-01 
1.762207e+00 
5.269782e-01 
4.784134e-01 
-1.493923e-01 
4.207532e-01 
1.579492e+00 
1.440419e+00 
-6.573035e-01 
-1.722298e+00 
-8.972198e-01 
-2.351804e+00 
-4.124168e+00 
-2.340086e+00 
-1.511639e+00 
-1.938013e+00 
-7.947178e-01 
-2.537652e+00 
-3.423578e-01 
-1.212984e+00 
-3.645452e-01 
-1.600953e+00 
-2.129912e+00 
-9.948412e-01 
-6.892733e-01 
-7.942712e-01 
-4.336190e-01 
-5.661900e-01 
3.256131e-02 
3.974590e-01 
-1.580472e-01 
4.962173e-01 
6.286987e-02 
-9.289536e-04 
-1.261826e-01 
-1.584397e-02 
3.760996e-01 
2.951744e-01 
-3.216227e-02 
-2.296708e-01 
-5.662958e-01 
-1.283008e+00 
1.517763e+00 
-6.598544e-01 
-1.146666e-01 
-2.820766e-01 
-4.280045e-01 
3.635024e+00 
4.232922e-01 
-4.062765e+00 
3.815001e+00 
-1.581704e+00 
-2.824833e+00 
1.201103e+00 
-2.872224e-01 
-6.614846e-01 
3.902018e-01 
-6.005815e-01 
-4.054409e-01 
7.235381e-01 
-7.618359e-01 
-1.118837e+00 
-1.706747e-01 
-5.117813e-01 
2.056682e-03 
3.036203e+00 
-2.509024e+00 
-1.461970e+00 
-3.167125e+00 
-5.252127e-01 
1.724632e+00 
