1.204585e+00 
2.817762e-01 
-3.688221e-01 
-8.122241e-01 
-4.489271e+00 
1.946414e+00 
-1.089741e+00 
4.872897e-02 
-4.593708e+00 
-2.577543e+00 
6.639716e-02 
-5.881706e-03 
-2.110905e+00 
-2.213743e-01 
5.485853e+00 
-1.378577e+01 
2.184611e+00 
1.140041e+01 
4.793723e+00 
1.312150e+01 
1.968037e+00 
1.336699e+01 
-1.000991e+01 
-8.179952e+00 
9.857540e+00 
-5.691146e+00 
-6.448193e+00 
1.135417e+01 
7.898634e+00 
-2.086423e+01 
-1.502051e+00 
-2.755312e+00 
5.801089e+00 
2.306881e+00 
1.390325e+00 
1.352470e+01 
-1.912223e+00 
-1.570388e+01 
-8.859142e+00 
1.089803e+01 
5.912152e-01 
2.581652e+00 
-3.785834e+00 
-5.587709e-01 
-6.818022e-01 
-4.205821e+00 
1.407109e+01 
-3.476518e+00 
7.363645e+00 
-9.158983e+00 
1.083833e+00 
2.953859e+00 
3.777003e+00 
-3.622220e+00 
-2.471431e-01 
1.665079e-02 
-8.787074e+00 
-1.126452e+00 
2.782616e+00 
-4.732910e-01 
-4.822544e-01 
-4.408455e+00 
-4.988666e+00 
-6.400632e+00 
1.325602e+01 
1.324895e+01 
-1.307048e+01 
4.706475e+00 
1.558141e+01 
-4.838317e+00 
-1.307449e+01 
-5.529163e+00 
2.234618e-01 
2.269363e+00 
-1.797509e+00 
-1.419296e+01 
-1.226808e+01 
1.345880e+01 
-3.897430e+00 
-1.557197e+01 
-1.223372e+00 
1.174151e+01 
9.022655e+00 
