2.376202e-01 
8.635197e-01 
-1.335609e+00 
-6.422044e-01 
4.061347e-02 
2.769553e-02 
2.248600e-01 
-4.417151e-01 
-2.056432e-01 
-1.541858e-02 
1.760311e-01 
4.167895e-01 
-6.580553e-01 
-4.151481e-01 
4.051217e-01 
-4.020790e-01 
-9.921708e-01 
1.523051e+00 
7.716845e-01 
-1.561726e-01 
5.398460e-02 
1.538071e-01 
-4.567974e-01 
-2.652445e-01 
4.466173e-01 
-1.997542e-01 
-2.230454e-01 
1.347646e-01 
5.482531e-02 
-5.241321e-01 
-2.078785e-01 
-1.327842e-01 
-1.225104e-01 
-6.442660e-02 
-2.132696e-01 
4.708729e-02 
1.847791e-01 
-4.885981e-01 
-2.326781e-01 
4.950048e-01 
4.429270e-01 
7.633175e-01 
-1.154142e+00 
-6.125844e-01 
3.372432e-01 
1.020140e-01 
2.057709e-01 
-4.977378e-01 
-2.469123e-01 
9.576448e-02 
1.440783e+00 
2.855759e-01 
5.362756e-01 
-2.544257e+00 
2.599869e-01 
-3.342968e-01 
-5.326422e-02 
3.061988e-01 
1.229180e+00 
2.825119e-01 
-9.329795e-01 
-7.193237e-01 
-1.073026e-01 
-9.271953e-02 
5.111636e-01 
-7.940852e-02 
-8.718836e-03 
-2.731193e-02 
-7.705206e-02 
-3.547450e-01 
-1.091991e-01 
-3.915732e-01 
-1.239286e+00 
-5.724436e-01 
-8.618973e-01 
1.487023e+00 
-6.667577e-01 
-4.150770e-02 
-3.186542e-01 
-6.587052e-01 
-1.438371e+00 
-6.647520e-01 
-4.068576e-01 
