TRM WS=1, MS=0, TRMstep=1: ub=0.800000, lb=0.200000, grow=2.000000,shrink=0.500000, b_w=5,b_m=130, lr=1.000000, lambda=0.000000, n=83, n0=4, n1=10, n2=3, sub_tol=0.001000, sub_maxit=1000, tol=1.000000e-08, m=150, nobias=0 
time, iter_t, subset_m_time, g_time, subset_w_time, p1_time, t2, t3, total error, total gmag, rho, sigma, gamma, step, approx error, approx gmag 
9.074384e-03, 9.074384e-03, 0, 5.674406e-04, 1.603763e-05, 3.694487e-04, 7.120709e-03, 1.000748e-03, 3.502332e-01, 6.403245e-04, 1.038028e+00, -0.001879, 1.000000e+00, 0, 0.350233, 6.403245e-04 
1.490858e-02, 5.834199e-03, 0, 6.420885e-04, 1.204280e-04, 4.166868e-04, 3.590388e-03, 1.064607e-03, 3.482828e-01, 5.867063e-04, 1.000118e+00, -0.007617, 1.801183e+00, 0, 0.348283, 5.867063e-04 
2.117026e-02, 6.261675e-03, 0, 6.170114e-04, 1.291758e-04, 4.041483e-04, 4.983913e-03, 1.274263e-04, 3.406649e-01, 4.018286e-04, 1.039040e+00, -0.006787, 2.834532e+00, 0, 0.340665, 4.018286e-04 
2.534267e-02, 4.172409e-03, 0, 6.266340e-04, 1.519201e-04, 3.767386e-04, 2.893189e-03, 1.239272e-04, 3.336126e-01, 3.616098e-04, 1.735040e+00, 0.000008, 1.417266e+00, 0, 0.333613, 3.616098e-04 
3.077680e-02, 5.434133e-03, 0, 5.464459e-04, 1.778719e-05, 3.904434e-04, 4.391104e-03, 8.835277e-05, 3.336126e-01, 3.616098e-04, -4.521507e-01, 0.002530, 7.086331e-01, 0, 0.333613, 3.616098e-04 
3.535131e-02, 4.574516e-03, 0, 6.033066e-04, 1.807879e-05, 4.254346e-04, 3.384815e-03, 1.428807e-04, 3.336126e-01, 3.616098e-04, 1.070110e+00, -0.000571, 1.388114e+00, 0, 0.333613, 3.616098e-04 
4.011274e-02, 4.761427e-03, 0, 5.723977e-04, 1.720401e-05, 3.819872e-04, 3.690988e-03, 9.885013e-05, 3.330019e-01, 3.533520e-04, 1.340674e+00, -0.000079, 1.388114e+00, 0, 0.333002, 3.533520e-04 
4.402184e-02, 3.909100e-03, 0, 4.732559e-04, 7.289833e-05, 3.851948e-04, 2.847409e-03, 1.303422e-04, 3.328960e-01, 3.406452e-04, 9.867851e-01, -0.000041, 1.388114e+00, 0, 0.332896, 3.406452e-04 
4.937695e-02, 5.355111e-03, 0, 6.030150e-04, 2.011994e-05, 4.335992e-04, 4.218480e-03, 7.989657e-05, 3.328557e-01, 3.375596e-04, 7.412382e-01, -0.007617, 1.388114e+00, 0, 0.332856, 3.375596e-04 
5.481692e-02, 5.439965e-03, 0, 6.543354e-04, 8.164613e-06, 3.399978e-04, 4.386147e-03, 5.132042e-05, 3.272100e-01, 4.038462e-04, 1.211638e+00, 0.000050, 6.940570e-01, 0, 0.327210, 4.038462e-04 
6.012567e-02, 5.308748e-03, 0, 5.782295e-04, 1.574604e-05, 4.064811e-04, 4.142666e-03, 1.656250e-04, 3.272100e-01, 4.038462e-04, 8.531933e-01, -0.004722, 1.304691e+00, 0, 0.327210, 4.038462e-04 
6.478416e-02, 4.658495e-03, 0, 5.341989e-04, 1.778719e-05, 4.245599e-04, 3.548399e-03, 1.335497e-04, 3.231813e-01, 2.617005e-04, 1.125387e+00, -0.000208, 2.604719e+00, 0, 0.323181, 2.617005e-04 
6.885480e-02, 4.070643e-03, 0, 5.376981e-04, 1.837038e-05, 4.289338e-04, 2.919724e-03, 1.659166e-04, 3.229474e-01, 2.643334e-04, 9.563974e-01, -0.000557, 2.604719e+00, 0, 0.322947, 2.643334e-04 
7.483538e-02, 5.980579e-03, 0, 5.012489e-04, 1.662082e-05, 3.939426e-04, 4.937549e-03, 1.312170e-04, 3.224148e-01, 3.440956e-04, 5.959239e-01, -0.000074, 2.604719e+00, 0, 0.322415, 3.440956e-04 
8.107489e-02, 6.239514e-03, 0, 5.490702e-04, 1.924516e-05, 4.452630e-04, 5.091219e-03, 1.347161e-04, 3.223709e-01, 3.327227e-04, -2.645071e-01, -0.004348, 1.302359e+00, 0, 0.322371, 3.327227e-04 
8.615707e-02, 5.082180e-03, 0, 8.983990e-04, 1.195533e-05, 5.038732e-04, 3.565895e-03, 1.020577e-04, 3.223709e-01, 3.327227e-04, -1.065243e+00, -0.000316, 6.511797e-01, 0, 0.322371, 3.327227e-04 
9.105497e-02, 4.897893e-03, 0, 6.275088e-04, 9.447623e-05, 3.755722e-04, 3.578725e-03, 2.216109e-04, 3.223709e-01, 3.327227e-04, 9.495416e-01, -0.004624, 1.033230e+00, 0, 0.322371, 3.327227e-04 
9.751201e-02, 6.457042e-03, 0, 5.350737e-04, 8.164613e-06, 3.245434e-04, 5.485162e-03, 1.040988e-04, 3.179806e-01, 3.729076e-04, 7.953581e-01, -0.000671, 1.033230e+00, 0, 0.317981, 3.729076e-04 
1.018847e-01, 4.372733e-03, 0, 4.289338e-04, 1.078895e-05, 3.676992e-04, 3.366736e-03, 1.985750e-04, 3.174470e-01, 5.227608e-04, 1.040453e+00, -0.003607, 1.033230e+00, 0, 0.317447, 5.227608e-04 
1.068555e-01, 4.970791e-03, 0, 4.315581e-04, 1.078895e-05, 3.764470e-04, 4.093970e-03, 5.802707e-05, 3.136941e-01, 3.291466e-04, -3.334410e-01, -0.000273, 5.166149e-01, 0, 0.313694, 3.291466e-04 
1.105681e-01, 3.712566e-03, 0, 4.236851e-04, 9.914172e-06, 3.758638e-04, 2.719108e-03, 1.839954e-04, 3.136941e-01, 3.291466e-04, 1.148115e+00, -0.000320, 9.307997e-01, 0, 0.313694, 3.291466e-04 
1.142072e-01, 3.639084e-03, 0, 4.484705e-04, 1.108055e-05, 3.986081e-04, 2.708610e-03, 7.231514e-05, 3.133269e-01, 3.368126e-04, 7.274496e-01, -0.000208, 9.307997e-01, 0, 0.313327, 3.368126e-04 
1.183067e-01, 4.099510e-03, 0, 6.173030e-04, 1.924516e-05, 4.432218e-04, 2.902228e-03, 1.175121e-04, 3.131756e-01, 3.236394e-04, 1.110087e+00, -0.000024, 9.307997e-01, 0, 0.313176, 3.236394e-04 
1.235883e-01, 5.281630e-03, 0, 5.382812e-04, 2.041153e-05, 4.079390e-04, 4.253180e-03, 6.181778e-05, 3.131494e-01, 3.236485e-04, 1.303772e+00, 0.000025, 4.653998e-01, 0, 0.313149, 3.236485e-04 
1.279640e-01, 4.375649e-03, 0, 5.508198e-04, 2.011994e-05, 4.161036e-04, 3.312792e-03, 7.581426e-05, 3.131494e-01, 3.236485e-04, 9.401083e-01, -0.000275, 5.149342e-01, 0, 0.313149, 3.236485e-04 
1.319197e-01, 3.955755e-03, 0, 5.470290e-04, 1.691241e-05, 4.018156e-04, 2.968420e-03, 2.157790e-05, 3.128904e-01, 3.729940e-04, 1.032142e+00, -0.000150, 5.149342e-01, 0, 0.312890, 3.729940e-04 
1.364079e-01, 4.488204e-03, 0, 5.665658e-04, 1.691241e-05, 3.732394e-04, 3.511658e-03, 1.982834e-05, 3.127356e-01, 3.486273e-04, 1.386418e+00, 0.000015, 2.574671e-01, 0, 0.312736, 3.486273e-04 
1.402940e-01, 3.886064e-03, 0, 6.030150e-04, 1.574604e-05, 3.764470e-04, 2.832246e-03, 5.861025e-05, 3.127356e-01, 3.486273e-04, 1.021876e+00, -0.000142, 2.574671e-01, 0, 0.312736, 3.486273e-04 
1.455666e-01, 5.272590e-03, 0, 5.604423e-04, 1.895356e-05, 4.198944e-04, 4.220230e-03, 5.306998e-05, 3.125907e-01, 3.231909e-04, 1.004988e+00, -0.000124, 4.431214e-01, 0, 0.312591, 3.231909e-04 
1.502131e-01, 4.646539e-03, 0, 6.858275e-04, 1.953675e-05, 4.158121e-04, 3.477833e-03, 4.752971e-05, 3.124658e-01, 3.345294e-04, 1.084099e+00, -0.000059, 7.736699e-01, 0, 0.312466, 3.345294e-04 
1.560733e-01, 5.860151e-03, 0, 5.834782e-04, 1.108055e-05, 4.487621e-04, 4.796418e-03, 2.041153e-05, 3.124019e-01, 3.352580e-04, 1.093025e+00, 0.000278, 3.868349e-01, 0, 0.312402, 3.352580e-04 
1.627108e-01, 6.637538e-03, 0, 6.047645e-04, 1.749560e-05, 3.776133e-04, 5.603257e-03, 3.440801e-05, 3.124019e-01, 3.352580e-04, 9.026894e-01, -0.000829, 6.849113e-01, 0, 0.312402, 3.352580e-04 
1.665330e-01, 3.822205e-03, 0, 5.111631e-04, 1.516285e-05, 3.971501e-04, 2.847117e-03, 5.161202e-05, 3.116540e-01, 4.468776e-04, 9.740063e-01, -0.000021, 6.849113e-01, 0, 0.311654, 4.468776e-04 
1.711376e-01, 4.604550e-03, 0, 5.776463e-04, 1.137214e-05, 4.204775e-04, 3.571726e-03, 2.332746e-05, 3.116331e-01, 4.454277e-04, 1.017949e+00, -0.000300, 6.849113e-01, 0, 0.311633, 4.454277e-04 
1.763612e-01, 5.223602e-03, 0, 6.009738e-04, 1.982834e-05, 4.131877e-04, 4.177366e-03, 1.224692e-05, 3.113277e-01, 3.930891e-04, 2.277133e+00, 0.000486, 3.424557e-01, 0, 0.311328, 3.930891e-04 
1.807257e-01, 4.364569e-03, 0, 4.910431e-04, 1.049736e-05, 3.752806e-04, 3.452756e-03, 3.499120e-05, 3.113277e-01, 3.930891e-04, 8.430580e-01, -0.000007, 3.424557e-01, 0, 0.311328, 3.930891e-04 
1.849439e-01, 4.218189e-03, 0, 4.298085e-04, 1.049736e-05, 3.755722e-04, 3.368194e-03, 3.411642e-05, 3.113214e-01, 3.919458e-04, 9.918237e-01, -0.000056, 3.424557e-01, 0, 0.311321, 3.919458e-04 
1.896330e-01, 4.689112e-03, 0, 6.021402e-04, 1.137214e-05, 4.735475e-04, 3.549857e-03, 5.219520e-05, 3.112656e-01, 4.181781e-04, 1.009457e+00, -0.000054, 3.424557e-01, 0, 0.311266, 4.181781e-04 
1.953949e-01, 5.761884e-03, 0, 6.105964e-04, 1.837038e-05, 3.761554e-04, 4.739558e-03, 1.720401e-05, 3.112110e-01, 3.983435e-04, -5.354599e+00, -0.000002, 1.712278e-01, 0, 0.311211, 3.983435e-04 
1.990337e-01, 3.638793e-03, 0, 4.738391e-04, 1.166373e-05, 4.009408e-04, 2.725814e-03, 2.653499e-05, 3.112110e-01, 3.983435e-04, 1.003601e+00, -0.000492, 1.712278e-01, 0, 0.311211, 3.983435e-04 
2.022153e-01, 3.181575e-03, 0, 5.598591e-04, 1.778719e-05, 4.108550e-04, 2.141753e-03, 5.132042e-05, 3.107172e-01, 3.423076e-04, 9.957535e-01, -0.000004, 1.712278e-01, 0, 0.310717, 3.423076e-04 
2.054193e-01, 3.204027e-03, 0, 5.633583e-04, 2.070312e-05, 4.166868e-04, 2.151375e-03, 5.190361e-05, 3.107133e-01, 3.424897e-04, 9.964978e-01, -0.000003, 1.712278e-01, 0, 0.310713, 3.424897e-04 
2.089508e-01, 3.531487e-03, 0, 4.411807e-04, 1.049736e-05, 3.752806e-04, 2.680617e-03, 2.391065e-05, 3.107107e-01, 3.418399e-04, 9.794089e-01, -0.000202, 1.884345e-01, 0, 0.310711, 3.418399e-04 
2.122202e-01, 3.269344e-03, 0, 5.791043e-04, 1.603763e-05, 3.951089e-04, 2.212318e-03, 6.677487e-05, 3.105128e-01, 3.632430e-04, 9.891182e-01, -0.000023, 1.884345e-01, 0, 0.310513, 3.632430e-04 
2.155143e-01, 3.294130e-03, 0, 6.234265e-04, 2.099472e-05, 4.344740e-04, 2.137962e-03, 7.727223e-05, 3.104897e-01, 3.606742e-04, 1.000738e+00, -0.000000, 1.884345e-01, 0, 0.310490, 3.606742e-04 
2.193855e-01, 3.871193e-03, 0, 5.464459e-04, 1.603763e-05, 3.796545e-04, 2.887649e-03, 4.140625e-05, 3.104895e-01, 3.599259e-04, 1.090158e+00, -0.000024, 1.884345e-01, 0, 0.310490, 3.599259e-04 
2.229569e-01, 3.571435e-03, 0, 4.370984e-04, 8.747799e-06, 3.309584e-04, 2.760222e-03, 3.440801e-05, 3.104638e-01, 3.595886e-04, 9.352173e-01, -0.000074, 2.197610e-01, 0, 0.310464, 3.595886e-04 
2.265388e-01, 3.581932e-03, 0, 4.102718e-04, 1.049736e-05, 3.746974e-04, 2.752349e-03, 3.411642e-05, 3.103942e-01, 3.445326e-04, 9.866419e-01, -0.000047, 2.197610e-01, 0, 0.310394, 3.445326e-04 
2.297875e-01, 3.248641e-03, 0, 4.729643e-04, 1.224692e-05, 3.825704e-04, 2.322541e-03, 5.831866e-05, 3.103474e-01, 3.445256e-04, 9.993663e-01, -0.000000, 2.197610e-01, 0, 0.310347, 3.445256e-04 
2.328690e-01, 3.081558e-03, 0, 5.890185e-04, 1.137214e-05, 3.268761e-04, 2.102096e-03, 5.219520e-05, 3.103472e-01, 3.450183e-04, 1.000642e+00, -0.000000, 2.197610e-01, 0, 0.310347, 3.450183e-04 
2.362285e-01, 3.359446e-03, 0, 5.554852e-04, 1.895356e-05, 4.178532e-04, 2.328373e-03, 3.878191e-05, 3.103472e-01, 3.446588e-04, 1.012987e+00, -0.000046, 2.197610e-01, 0, 0.310347, 3.446588e-04 
2.391438e-01, 2.915350e-03, 0, 5.248680e-04, 1.283011e-05, 3.254181e-04, 2.026282e-03, 2.595180e-05, 3.103003e-01, 3.455339e-04, 9.995953e-01, -0.000000, 2.197610e-01, 0, 0.310300, 3.455339e-04 
2.427785e-01, 3.634711e-03, 0, 5.012489e-04, 1.108055e-05, 3.919014e-04, 2.696946e-03, 3.353323e-05, 3.103003e-01, 3.457528e-04, 9.020139e-01, -0.000938, 3.209309e-01, 0, 0.310300, 3.457528e-04 
2.480506e-01, 5.272007e-03, 0, 5.038732e-04, 1.049736e-05, 3.802377e-04, 4.329577e-03, 4.782130e-05, 3.094543e-01, 4.519007e-04, 1.003893e+00, -0.000909, 5.809745e-01, 0, 0.309454, 4.519007e-04 
2.518958e-01, 3.845241e-03, 0, 5.429467e-04, 1.137214e-05, 3.819872e-04, 2.857031e-03, 5.190361e-05, 3.085420e-01, 3.490887e-04, 7.948030e-01, -0.004185, 5.809745e-01, 0, 0.308542, 3.490887e-04 
2.562767e-01, 4.380898e-03, 0, 5.519861e-04, 1.108055e-05, 3.321248e-04, 3.434386e-03, 5.132042e-05, 3.052153e-01, 5.135243e-04, 1.045567e+00, -0.002502, 5.840683e-01, 0, 0.305215, 5.135243e-04 
2.607856e-01, 4.508907e-03, 0, 6.030150e-04, 9.914172e-06, 3.280425e-04, 3.524197e-03, 4.373900e-05, 3.025988e-01, 4.362688e-04, 6.987493e-01, -0.002820, 5.840683e-01, 0, 0.302599, 4.362688e-04 
2.658342e-01, 5.048647e-03, 0, 5.012489e-04, 1.632923e-05, 3.831536e-04, 4.121088e-03, 2.682658e-05, 3.006285e-01, 3.964041e-04, 5.358257e-01, -0.000439, 5.840683e-01, 0, 0.300628, 3.964041e-04 
2.691088e-01, 3.274593e-03, 0, 5.922260e-04, 1.778719e-05, 4.266010e-04, 2.195406e-03, 4.257262e-05, 3.003933e-01, 4.164774e-04, 1.101933e+00, -0.004704, 5.840683e-01, 0, 0.300393, 4.164774e-04 
2.729424e-01, 3.833577e-03, 0, 5.525693e-04, 1.953675e-05, 4.108550e-04, 2.828163e-03, 2.245268e-05, 2.952100e-01, 3.941396e-04, 1.155202e+00, -0.001190, 1.040042e+00, 0, 0.295210, 3.941396e-04 
2.787504e-01, 5.807955e-03, 0, 5.525693e-04, 2.070312e-05, 4.163952e-04, 4.774840e-03, 4.344740e-05, 2.938353e-01, 4.907281e-04, 7.840764e-01, -0.005394, 1.040042e+00, 0, 0.293835, 4.907281e-04 
2.829936e-01, 4.243266e-03, 0, 4.475957e-04, 1.078895e-05, 3.749890e-04, 3.376942e-03, 3.295004e-05, 2.896058e-01, 4.618650e-04, 1.256627e+00, -0.002255, 1.040042e+00, 0, 0.289606, 4.618650e-04 
2.873439e-01, 4.350281e-03, 0, 4.601342e-04, 1.108055e-05, 4.143541e-04, 3.431762e-03, 3.295004e-05, 2.867717e-01, 3.734654e-04, 1.212625e+00, -0.001089, 1.271516e+00, 0, 0.286772, 3.734654e-04 
2.916604e-01, 4.316456e-03, 0, 4.814205e-04, 9.914172e-06, 3.688655e-04, 3.424180e-03, 3.207526e-05, 2.854517e-01, 3.841382e-04, 9.458152e-01, -0.000006, 1.271516e+00, 0, 0.285452, 3.841382e-04 
2.953502e-01, 3.689822e-03, 0, 4.292253e-04, 1.078895e-05, 3.808209e-04, 2.837786e-03, 3.120048e-05, 2.854463e-01, 3.834976e-04, 9.948832e-01, -0.000014, 1.271516e+00, 0, 0.285446, 3.834976e-04 
2.996719e-01, 4.321704e-03, 0, 5.076639e-04, 1.137214e-05, 3.773217e-04, 3.394146e-03, 3.120048e-05, 2.854326e-01, 3.855903e-04, 1.155251e+00, -0.011336, 1.666252e+00, 0, 0.285433, 3.855903e-04 
3.039082e-01, 4.236268e-03, 0, 4.303917e-04, 1.078895e-05, 3.907350e-04, 3.396187e-03, 8.164613e-06, 2.723371e-01, 5.208261e-04, 1.111660e+00, 0.000547, 8.331262e-01, 0, 0.272337, 5.208261e-04 
3.083856e-01, 4.477415e-03, 0, 6.639580e-04, 1.078895e-05, 3.936510e-04, 3.395896e-03, 1.312170e-05, 2.723371e-01, 5.208261e-04, 1.062121e+00, 0.005405, 4.165631e-01, 0, 0.272337, 5.208261e-04 
3.119500e-01, 3.564437e-03, 0, 4.335992e-04, 1.078895e-05, 3.720731e-04, 2.724065e-03, 2.391065e-05, 2.723371e-01, 5.208261e-04, 1.038472e+00, -0.000318, 4.165631e-01, 0, 0.272337, 5.208261e-04 
3.157853e-01, 3.835327e-03, 0, 5.989327e-04, 1.632923e-05, 3.930678e-04, 2.814750e-03, 1.224692e-05, 2.720069e-01, 5.846228e-04, 1.081297e+00, 0.005517, 2.082816e-01, 0, 0.272007, 5.846228e-04 
3.208080e-01, 5.022695e-03, 0, 4.729643e-04, 1.049736e-05, 3.697403e-04, 4.160745e-03, 8.747799e-06, 2.720069e-01, 5.846228e-04, 1.206719e+00, 0.000159, 1.041408e-01, 0, 0.272007, 5.846228e-04 
3.237788e-01, 2.970753e-03, 0, 4.843365e-04, 1.166373e-05, 3.904434e-04, 2.049901e-03, 3.440801e-05, 2.720069e-01, 5.846228e-04, 1.004992e+00, -0.000002, 1.041408e-01, 0, 0.272007, 5.846228e-04 
3.267936e-01, 3.014783e-03, 0, 5.228268e-04, 1.049736e-05, 3.744058e-04, 2.072354e-03, 3.469960e-05, 2.720051e-01, 5.906933e-04, 1.000563e+00, -0.000000, 1.041408e-01, 0, 0.272005, 5.906933e-04 
3.313235e-01, 4.529902e-03, 0, 5.968915e-04, 1.807879e-05, 4.231019e-04, 3.460921e-03, 3.090889e-05, 2.720050e-01, 5.907440e-04, 9.842553e-01, -0.001996, 2.046007e-01, 0, 0.272005, 5.907440e-04 
3.355580e-01, 4.234518e-03, 0, 4.397227e-04, 1.078895e-05, 3.717815e-04, 3.390064e-03, 2.216109e-05, 2.700406e-01, 4.501052e-04, 4.564094e-01, -0.000001, 2.046007e-01, 0, 0.270041, 4.501052e-04 
3.395447e-01, 3.986664e-03, 0, 6.301331e-04, 2.099472e-05, 4.026904e-04, 2.881525e-03, 5.132042e-05, 2.700400e-01, 4.522234e-04, 1.003198e+00, -0.000002, 2.046007e-01, 0, 0.270040, 4.522234e-04 
3.432456e-01, 3.700902e-03, 0, 5.362401e-04, 1.778719e-05, 3.904434e-04, 2.729897e-03, 2.653499e-05, 2.700375e-01, 4.524894e-04, 1.021980e+00, -0.000338, 2.046007e-01, 0, 0.270038, 4.524894e-04 
3.471121e-01, 3.866527e-03, 0, 6.496699e-04, 1.924516e-05, 4.134793e-04, 2.733396e-03, 5.073724e-05, 2.696925e-01, 4.609757e-04, 1.000987e+00, -0.000329, 2.046007e-01, 0, 0.269693, 4.609757e-04 
3.507252e-01, 3.613133e-03, 0, 4.478873e-04, 1.078895e-05, 3.735310e-04, 2.746809e-03, 3.411642e-05, 2.693632e-01, 4.523670e-04, 9.744994e-01, -0.000000, 2.046007e-01, 0, 0.269363, 4.523670e-04 
3.543617e-01, 3.636460e-03, 0, 4.554687e-04, 1.078895e-05, 3.723647e-04, 2.763721e-03, 3.411642e-05, 2.693630e-01, 4.523670e-04, 1.005884e+00, -0.000010, 2.046007e-01, 0, 0.269363, 4.523670e-04 
3.579521e-01, 3.590388e-03, 0, 4.295169e-04, 1.078895e-05, 3.919014e-04, 2.734270e-03, 2.391065e-05, 2.693528e-01, 4.518124e-04, 1.124812e+00, -0.000015, 2.046007e-01, 0, 0.269353, 4.518124e-04 
3.617195e-01, 3.767386e-03, 0, 5.656910e-04, 1.341329e-05, 3.749890e-04, 2.802212e-03, 1.108055e-05, 2.693359e-01, 4.518939e-04, 1.000861e+00, 0.000000, 1.023003e-01, 0, 0.269336, 4.518939e-04 
3.646459e-01, 2.926430e-03, 0, 4.808374e-04, 1.224692e-05, 3.227938e-04, 2.095973e-03, 1.457967e-05, 2.693359e-01, 4.518939e-04, 1.000011e+00, 0.000000, 5.115017e-02, 0, 0.269336, 4.518939e-04 
3.676694e-01, 3.023531e-03, 0, 4.855029e-04, 1.691241e-05, 3.764470e-04, 2.126590e-03, 1.807879e-05, 2.693359e-01, 4.518939e-04, 1.000001e+00, 0.000000, 2.557509e-02, 0, 0.269336, 4.518939e-04 
3.708005e-01, 3.131129e-03, 0, 6.129291e-04, 1.603763e-05, 3.825704e-04, 2.105887e-03, 1.370489e-05, 2.693359e-01, 4.518939e-04, 1.000001e+00, 0.000000, 1.278754e-02, 0, 0.269336, 4.518939e-04 
3.737725e-01, 2.971919e-03, 0, 4.744223e-04, 1.137214e-05, 4.091054e-04, 2.041445e-03, 3.557438e-05, 2.693359e-01, 4.518939e-04, 9.961038e-01, -0.000004, 1.745555e-02, 0, 0.269336, 4.518939e-04 
3.773716e-01, 3.599136e-03, 0, 4.522612e-04, 1.078895e-05, 3.805293e-04, 2.747684e-03, 7.873019e-06, 2.693320e-01, 4.521918e-04, 9.998613e-01, 0.000001, 8.727776e-03, 0, 0.269332, 4.521918e-04 
3.804631e-01, 3.091472e-03, 0, 5.283671e-04, 1.078895e-05, 3.723647e-04, 2.147876e-03, 3.207526e-05, 2.693320e-01, 4.521918e-04, 9.999748e-01, -0.000000, 8.727776e-03, 0, 0.269332, 4.521918e-04 
3.842345e-01, 3.771468e-03, 0, 5.312830e-04, 2.041153e-05, 5.452795e-04, 2.630755e-03, 4.373900e-05, 2.693320e-01, 4.520581e-04, 9.999683e-01, -0.000000, 8.727776e-03, 0, 0.269332, 4.520581e-04 
3.873884e-01, 3.153873e-03, 0, 5.298250e-04, 2.011994e-05, 4.242683e-04, 2.127465e-03, 5.219520e-05, 2.693319e-01, 4.518540e-04, 1.000748e+00, -0.000000, 8.727776e-03, 0, 0.269332, 4.518540e-04 
3.908627e-01, 3.474334e-03, 0, 4.222271e-04, 8.747799e-06, 3.364987e-04, 2.670995e-03, 3.586598e-05, 2.693317e-01, 4.519167e-04, 9.999988e-01, -0.000000, 8.727776e-03, 0, 0.269332, 4.519167e-04 
3.947418e-01, 3.879066e-03, 0, 5.481954e-04, 2.011994e-05, 3.988996e-04, 2.859656e-03, 5.219520e-05, 2.693316e-01, 4.519206e-04, 1.000038e+00, -0.000000, 8.727776e-03, 0, 0.269332, 4.519206e-04 
3.976694e-01, 2.927597e-03, 0, 4.831701e-04, 1.078895e-05, 3.714899e-04, 2.036779e-03, 2.536862e-05, 2.693315e-01, 4.521184e-04, 1.000083e+00, -0.000000, 8.727776e-03, 0, 0.269332, 4.521184e-04 
4.010117e-01, 3.342242e-03, 0, 6.365482e-04, 1.778719e-05, 4.175616e-04, 2.216984e-03, 5.336158e-05, 2.693315e-01, 4.521104e-04, 9.997489e-01, -0.000000, 8.727776e-03, 0, 0.269332, 4.521104e-04 
4.040821e-01, 3.070478e-03, 0, 5.537357e-04, 1.720401e-05, 3.306668e-04, 2.117551e-03, 5.132042e-05, 2.693315e-01, 4.521106e-04, 9.999684e-01, -0.000000, 8.727776e-03, 0, 0.269332, 4.521106e-04 
4.069316e-01, 2.849450e-03, 0, 4.403059e-04, 1.049736e-05, 3.752806e-04, 1.999164e-03, 2.420224e-05, 2.693314e-01, 4.519095e-04, 9.999558e-01, -0.000000, 8.727776e-03, 0, 0.269331, 4.519095e-04 
4.099122e-01, 2.980667e-03, 0, 5.137874e-04, 1.078895e-05, 3.723647e-04, 2.047860e-03, 3.586598e-05, 2.693314e-01, 4.519137e-04, 1.001497e+00, -0.000001, 8.727776e-03, 0, 0.269331, 4.519137e-04 
4.131029e-01, 3.190614e-03, 0, 5.359485e-04, 1.866197e-05, 4.820037e-04, 2.105595e-03, 4.840449e-05, 2.693308e-01, 4.517852e-04, 1.000049e+00, -0.000000, 8.727776e-03, 0, 0.269331, 4.517852e-04 
4.162935e-01, 3.190614e-03, 0, 5.849362e-04, 2.011994e-05, 4.239767e-04, 2.110844e-03, 5.073724e-05, 2.693307e-01, 4.520339e-04, 1.001701e+00, -0.000001, 1.169513e-02, 0, 0.269331, 4.520339e-04 
4.203425e-01, 4.049065e-03, 0, 6.639580e-04, 1.953675e-05, 4.236851e-04, 2.892606e-03, 4.927927e-05, 2.693299e-01, 4.519129e-04, 9.967534e-01, -0.000003, 2.065861e-02, 0, 0.269330, 4.519129e-04 
4.235428e-01, 3.200237e-03, 0, 5.339073e-04, 2.070312e-05, 4.204775e-04, 2.172079e-03, 5.306998e-05, 2.693272e-01, 4.521752e-04, 1.001504e+00, -0.000001, 2.065861e-02, 0, 0.269327, 4.521752e-04 
4.271198e-01, 3.576975e-03, 0, 4.467209e-04, 1.049736e-05, 3.385398e-04, 2.745351e-03, 3.586598e-05, 2.693265e-01, 4.520419e-04, 1.001863e+00, -0.000003, 2.065861e-02, 0, 0.269327, 4.520419e-04 
4.300759e-01, 2.956173e-03, 0, 4.589679e-04, 1.049736e-05, 4.050231e-04, 2.045819e-03, 3.586598e-05, 2.693232e-01, 4.524084e-04, 9.968544e-01, -0.000002, 2.065861e-02, 0, 0.269323, 4.524084e-04 
4.340363e-01, 3.960420e-03, 0, 6.117628e-04, 1.982834e-05, 4.286422e-04, 2.872777e-03, 2.740977e-05, 2.693211e-01, 4.521137e-04, 9.960426e-01, -0.000003, 2.451790e-02, 0, 0.269321, 4.521137e-04 
4.378399e-01, 3.803543e-03, 0, 5.878521e-04, 1.749560e-05, 3.837368e-04, 2.783258e-03, 3.120048e-05, 2.693178e-01, 4.518366e-04, 1.001653e+00, -0.000001, 2.451790e-02, 0, 0.269318, 4.518366e-04 
4.409637e-01, 3.123839e-03, 0, 5.712313e-04, 1.603763e-05, 3.849032e-04, 2.125715e-03, 2.595180e-05, 2.693170e-01, 4.517204e-04, 1.000009e+00, -0.000000, 2.451790e-02, 0, 0.269317, 4.517204e-04 
4.446276e-01, 3.663870e-03, 0, 4.621754e-04, 1.195533e-05, 4.026904e-04, 2.752932e-03, 3.411642e-05, 2.693170e-01, 4.517202e-04, 1.042153e+00, -0.000001, 3.420828e-02, 0, 0.269317, 4.517202e-04 
4.484930e-01, 3.865361e-03, 0, 5.234100e-04, 2.216109e-05, 4.251430e-04, 2.837786e-03, 5.686069e-05, 2.693164e-01, 4.517322e-04, 1.003862e+00, -0.000003, 3.420828e-02, 0, 0.269316, 4.517322e-04 
4.521510e-01, 3.658038e-03, 0, 4.540108e-04, 1.078895e-05, 3.790713e-04, 2.780342e-03, 3.382482e-05, 2.693129e-01, 4.520083e-04, 9.968946e-01, -0.000004, 3.420828e-02, 0, 0.269313, 4.520083e-04 
4.551083e-01, 2.957339e-03, 0, 5.368233e-04, 8.456206e-06, 3.289172e-04, 2.059524e-03, 2.361906e-05, 2.693092e-01, 4.521343e-04, 9.839676e-01, -0.000004, 4.631224e-02, 0, 0.269309, 4.521343e-04 
4.588716e-01, 3.763303e-03, 0, 5.834782e-04, 1.778719e-05, 3.589514e-04, 2.789673e-03, 1.341329e-05, 2.693052e-01, 4.504412e-04, 1.064506e+00, 0.000001, 2.315612e-02, 0, 0.269305, 4.504412e-04 
4.621497e-01, 3.278092e-03, 0, 6.657075e-04, 1.574604e-05, 3.919014e-04, 2.142044e-03, 6.269256e-05, 2.693052e-01, 4.504412e-04, 9.992772e-01, -0.000000, 2.315612e-02, 0, 0.269305, 4.504412e-04 
4.652199e-01, 3.070186e-03, 0, 4.671325e-04, 1.137214e-05, 4.006492e-04, 2.156041e-03, 3.499120e-05, 2.693050e-01, 4.505074e-04, 9.994499e-01, -0.000000, 2.315612e-02, 0, 0.269305, 4.505074e-04 
4.689450e-01, 3.725104e-03, 0, 4.910431e-04, 1.078895e-05, 3.822788e-04, 2.804253e-03, 3.674076e-05, 2.693050e-01, 4.505073e-04, 1.002836e+00, -0.000000, 2.315612e-02, 0, 0.269305, 4.505073e-04 
4.728037e-01, 3.858654e-03, 0, 5.642330e-04, 1.778719e-05, 3.930678e-04, 2.835453e-03, 4.811290e-05, 2.693046e-01, 4.506975e-04, 9.997561e-01, -0.000000, 2.315612e-02, 0, 0.269305, 4.506975e-04 
4.767623e-01, 3.958671e-03, 0, 5.747304e-04, 2.274428e-05, 4.187280e-04, 2.910101e-03, 3.236686e-05, 2.693046e-01, 4.506673e-04, 9.982270e-01, -0.000001, 2.315612e-02, 0, 0.269305, 4.506673e-04 
4.804702e-01, 3.707900e-03, 0, 5.805623e-04, 1.108055e-05, 3.770301e-04, 2.730771e-03, 8.456206e-06, 2.693039e-01, 4.505593e-04, 1.068987e+00, 0.000001, 1.157806e-02, 0, 0.269304, 4.505593e-04 
4.833678e-01, 2.897563e-03, 0, 4.452630e-04, 1.078895e-05, 3.837368e-04, 2.022783e-03, 3.499120e-05, 2.693039e-01, 4.505593e-04, 1.001814e+00, -0.000001, 1.157806e-02, 0, 0.269304, 4.505593e-04 
4.872154e-01, 3.847574e-03, 0, 5.651078e-04, 1.749560e-05, 3.939426e-04, 2.813292e-03, 5.773547e-05, 2.693032e-01, 4.507042e-04, 9.999343e-01, -0.000000, 1.157806e-02, 0, 0.269303, 4.507042e-04 
4.904605e-01, 3.245142e-03, 0, 6.094300e-04, 1.895356e-05, 4.233935e-04, 2.138545e-03, 5.481954e-05, 2.693032e-01, 4.506932e-04, 9.982180e-01, -0.000001, 1.157806e-02, 0, 0.269303, 4.506932e-04 
4.934843e-01, 3.023823e-03, 0, 5.187445e-04, 1.545445e-05, 3.904434e-04, 2.073812e-03, 2.536862e-05, 2.693025e-01, 4.505513e-04, 1.000023e+00, -0.000000, 1.157806e-02, 0, 0.269302, 4.505513e-04 
4.973331e-01, 3.848740e-03, 0, 5.814371e-04, 1.691241e-05, 3.784881e-04, 2.814459e-03, 5.744388e-05, 2.693025e-01, 4.505508e-04, 9.980134e-01, -0.000001, 1.242791e-02, 0, 0.269302, 4.505508e-04 
5.004388e-01, 3.105760e-03, 0, 5.289503e-04, 1.662082e-05, 3.726562e-04, 2.122508e-03, 6.502531e-05, 2.693016e-01, 4.504163e-04, 1.003707e+00, -0.000003, 2.263089e-02, 0, 0.269302, 4.504163e-04 
5.034796e-01, 3.040735e-03, 0, 5.134958e-04, 1.603763e-05, 3.799461e-04, 2.113177e-03, 1.807879e-05, 2.692984e-01, 4.506917e-04, 1.000000e+00, 0.000000, 1.131545e-02, 0, 0.269298, 4.506917e-04 
5.066011e-01, 3.121506e-03, 0, 5.601507e-04, 1.516285e-05, 3.679908e-04, 2.116967e-03, 6.123459e-05, 2.692984e-01, 4.506917e-04, 1.000021e+00, -0.000000, 1.131545e-02, 0, 0.269298, 4.506917e-04 
5.103819e-01, 3.780799e-03, 0, 6.000990e-04, 1.807879e-05, 4.222271e-04, 2.716483e-03, 2.391065e-05, 2.692984e-01, 4.506934e-04, 9.999988e-01, -0.000000, 1.131545e-02, 0, 0.269298, 4.506934e-04 
5.142490e-01, 3.867110e-03, 0, 5.659826e-04, 2.011994e-05, 4.102718e-04, 2.818249e-03, 5.248680e-05, 2.692984e-01, 4.506824e-04, 9.999833e-01, -0.000000, 1.131545e-02, 0, 0.269298, 4.506824e-04 
5.174195e-01, 3.170494e-03, 0, 6.082636e-04, 1.603763e-05, 3.814040e-04, 2.110844e-03, 5.394476e-05, 2.692984e-01, 4.506833e-04, 1.001493e+00, -0.000001, 1.131545e-02, 0, 0.269298, 4.506833e-04 
5.219937e-01, 4.574224e-03, 0, 4.968750e-04, 2.041153e-05, 4.128961e-04, 3.579599e-03, 6.444212e-05, 2.692978e-01, 4.505517e-04, 1.003363e+00, -0.000001, 1.611670e-02, 0, 0.269298, 4.505517e-04 
5.251461e-01, 3.152415e-03, 0, 6.120544e-04, 2.099472e-05, 4.231019e-04, 2.072645e-03, 2.361906e-05, 2.692970e-01, 4.504224e-04, 9.999291e-01, -0.000000, 1.611670e-02, 0, 0.269297, 4.504224e-04 
5.283105e-01, 3.164371e-03, 0, 6.272172e-04, 1.691241e-05, 3.904434e-04, 2.079352e-03, 5.044564e-05, 2.692970e-01, 4.504164e-04, 9.982186e-01, -0.000001, 1.611670e-02, 0, 0.269297, 4.504164e-04 
5.323202e-01, 4.009700e-03, 0, 6.345070e-04, 1.837038e-05, 4.181448e-04, 2.887649e-03, 5.102883e-05, 2.692963e-01, 4.502745e-04, 9.981096e-01, -0.000002, 1.611670e-02, 0, 0.269296, 4.502745e-04 
5.362034e-01, 3.883148e-03, 0, 6.009738e-04, 1.837038e-05, 4.298085e-04, 2.810085e-03, 2.391065e-05, 2.692947e-01, 4.502519e-04, 9.984802e-01, -0.000001, 1.611670e-02, 0, 0.269295, 4.502519e-04 
5.394581e-01, 3.254764e-03, 0, 5.694817e-04, 1.807879e-05, 4.251430e-04, 2.185200e-03, 5.686069e-05, 2.692941e-01, 4.503884e-04, 1.000002e+00, -0.000000, 1.611670e-02, 0, 0.269294, 4.503884e-04 
5.425274e-01, 3.069311e-03, 0, 5.584012e-04, 1.545445e-05, 3.790713e-04, 2.061565e-03, 5.481954e-05, 2.692941e-01, 4.504015e-04, 1.000007e+00, -0.000000, 1.611670e-02, 0, 0.269294, 4.504015e-04 
5.465572e-01, 4.029819e-03, 0, 6.878686e-04, 1.720401e-05, 4.207691e-04, 2.880067e-03, 2.391065e-05, 2.692941e-01, 4.504011e-04, 1.003771e+00, -0.000003, 2.303237e-02, 0, 0.269294, 4.504011e-04 
5.498453e-01, 3.288006e-03, 0, 6.630832e-04, 1.020577e-05, 3.720731e-04, 2.192490e-03, 5.015405e-05, 2.692907e-01, 4.506694e-04, 9.999651e-01, -0.000000, 2.303237e-02, 0, 0.269291, 4.506694e-04 
5.528924e-01, 3.047150e-03, 0, 4.811290e-04, 1.195533e-05, 4.347656e-04, 2.083143e-03, 3.615757e-05, 2.692907e-01, 4.504649e-04, 1.000041e+00, -0.000000, 2.303237e-02, 0, 0.269291, 4.504649e-04 
5.566665e-01, 3.774092e-03, 0, 4.271842e-04, 1.078895e-05, 3.315416e-04, 2.948008e-03, 5.656910e-05, 2.692906e-01, 4.506683e-04, 9.992369e-01, -0.000006, 3.254743e-02, 0, 0.269291, 4.506683e-04 
5.605324e-01, 3.865944e-03, 0, 5.820202e-04, 1.049736e-05, 3.913182e-04, 2.830496e-03, 5.161202e-05, 2.692846e-01, 4.501313e-04, 1.000311e+00, -0.000000, 3.254743e-02, 0, 0.269285, 4.501313e-04 
5.637335e-01, 3.201111e-03, 0, 5.636499e-04, 1.049736e-05, 4.260178e-04, 2.148459e-03, 5.248680e-05, 2.692841e-01, 4.502257e-04, 9.991681e-01, -0.000000, 3.254743e-02, 0, 0.269284, 4.502257e-04 
5.666238e-01, 2.890273e-03, 0, 4.365152e-04, 1.108055e-05, 3.688655e-04, 2.037946e-03, 3.586598e-05, 2.692839e-01, 4.502746e-04, 1.000020e+00, -0.000000, 3.254743e-02, 0, 0.269284, 4.502746e-04 
5.708321e-01, 4.208275e-03, 0, 4.301001e-04, 1.108055e-05, 3.770301e-04, 3.358572e-03, 3.149208e-05, 2.692839e-01, 4.502759e-04, 1.000585e+00, -0.000006, 3.254743e-02, 0, 0.269284, 4.502759e-04 
5.737092e-01, 2.877151e-03, 0, 4.268926e-04, 1.049736e-05, 3.321248e-04, 2.057774e-03, 4.986246e-05, 2.692779e-01, 4.507956e-04, 9.999720e-01, -0.000000, 3.254743e-02, 0, 0.269278, 4.507956e-04 
5.768695e-01, 3.160288e-03, 0, 5.656910e-04, 1.924516e-05, 4.140625e-04, 2.106178e-03, 5.511113e-05, 2.692779e-01, 4.506530e-04, 9.999662e-01, -0.000000, 3.254743e-02, 0, 0.269278, 4.506530e-04 
5.806460e-01, 3.776425e-03, 0, 4.831701e-04, 1.078895e-05, 3.773217e-04, 2.881233e-03, 2.391065e-05, 2.692778e-01, 4.504494e-04, 1.000393e+00, -0.000000, 3.254743e-02, 0, 0.269278, 4.504494e-04 
5.835211e-01, 2.875110e-03, 0, 4.376816e-04, 1.137214e-05, 3.773217e-04, 2.015201e-03, 3.353323e-05, 2.692778e-01, 4.504992e-04, 1.003063e+00, -0.000003, 3.254743e-02, 0, 0.269278, 4.504992e-04 
5.871246e-01, 3.603510e-03, 0, 4.575099e-04, 1.137214e-05, 3.679908e-04, 2.731063e-03, 3.557438e-05, 2.692751e-01, 4.502626e-04, 1.000068e+00, -0.000000, 3.254743e-02, 0, 0.269275, 4.502626e-04 
5.910261e-01, 3.901518e-03, 0, 5.965999e-04, 1.749560e-05, 4.152289e-04, 2.822040e-03, 5.015405e-05, 2.692751e-01, 4.502677e-04, 9.967482e-01, -0.000003, 3.254743e-02, 0, 0.269275, 4.502677e-04 
5.943185e-01, 3.292380e-03, 0, 5.951419e-04, 1.749560e-05, 4.175616e-04, 2.233896e-03, 2.828455e-05, 2.692724e-01, 4.505162e-04, 1.000038e+00, -0.000000, 3.254743e-02, 0, 0.269272, 4.505162e-04 
5.979716e-01, 3.653081e-03, 0, 4.630502e-04, 1.078895e-05, 3.980249e-04, 2.756723e-03, 2.449384e-05, 2.692723e-01, 4.506872e-04, 1.009592e+00, -0.000002, 3.254743e-02, 0, 0.269272, 4.506872e-04 
6.015754e-01, 3.603802e-03, 0, 4.913347e-04, 1.108055e-05, 3.741142e-04, 2.705111e-03, 2.216109e-05, 2.692707e-01, 4.517047e-04, 9.999819e-01, -0.000007, 3.502941e-02, 0, 0.269271, 4.517047e-04 
6.051867e-01, 3.611383e-03, 0, 5.079555e-04, 1.108055e-05, 4.528444e-04, 2.589932e-03, 4.957086e-05, 2.692638e-01, 4.511162e-04, 9.967720e-01, -0.000003, 3.502941e-02, 0, 0.269264, 4.511162e-04 
6.081228e-01, 2.936053e-03, 0, 5.111631e-04, 1.370489e-05, 3.242518e-04, 2.035321e-03, 5.161202e-05, 2.692611e-01, 4.513697e-04, 9.999728e-01, -0.000000, 3.502941e-02, 0, 0.269261, 4.513697e-04 
6.128691e-01, 4.746264e-03, 0, 6.132207e-04, 1.720401e-05, 3.776133e-04, 3.704110e-03, 3.411642e-05, 2.692610e-01, 4.511965e-04, 9.983090e-01, -0.000007, 3.509323e-02, 0, 0.269261, 4.511965e-04 
6.171036e-01, 4.234518e-03, 0, 4.537192e-04, 1.049736e-05, 3.787797e-04, 3.369652e-03, 2.186950e-05, 2.692545e-01, 4.503217e-04, 1.002959e+00, -0.000005, 3.509323e-02, 0, 0.269254, 4.503217e-04 
6.204869e-01, 3.383357e-03, 0, 6.193442e-04, 1.662082e-05, 3.612841e-04, 2.361906e-03, 2.420224e-05, 2.692490e-01, 4.505762e-04, 9.991872e-01, -0.000000, 3.509323e-02, 0, 0.269249, 4.505762e-04 
6.241144e-01, 3.627421e-03, 0, 4.735475e-04, 1.049736e-05, 3.744058e-04, 2.734854e-03, 3.411642e-05, 2.692489e-01, 4.506239e-04, 9.999967e-01, -0.000000, 3.509323e-02, 0, 0.269249, 4.506239e-04 
6.273300e-01, 3.215691e-03, 0, 5.592760e-04, 2.653499e-05, 4.271842e-04, 2.149917e-03, 5.277839e-05, 2.692489e-01, 4.505981e-04, 9.999697e-01, -0.000000, 3.509323e-02, 0, 0.269249, 4.505981e-04 
6.312424e-01, 3.912307e-03, 0, 5.624835e-04, 1.778719e-05, 4.236851e-04, 2.855865e-03, 5.248680e-05, 2.692489e-01, 4.506016e-04, 9.968288e-01, -0.000003, 3.509323e-02, 0, 0.269249, 4.506016e-04 
6.353702e-01, 4.127795e-03, 0, 6.126375e-04, 2.711818e-05, 4.750055e-04, 2.981833e-03, 3.120048e-05, 2.692462e-01, 4.508171e-04, 9.999296e-01, -0.000000, 3.509323e-02, 0, 0.269246, 4.508171e-04 
6.385264e-01, 3.156206e-03, 0, 5.694817e-04, 1.720401e-05, 4.257262e-04, 2.092474e-03, 5.132042e-05, 2.692462e-01, 4.508092e-04, 9.959566e-01, -0.000003, 3.509323e-02, 0, 0.269246, 4.508092e-04 
6.421754e-01, 3.648999e-03, 0, 5.184529e-04, 1.487126e-05, 3.889855e-04, 2.703653e-03, 2.303587e-05, 2.692432e-01, 4.505213e-04, 1.003636e+00, -0.000000, 3.509323e-02, 0, 0.269243, 4.505213e-04 
6.452260e-01, 3.050649e-03, 0, 4.411807e-04, 1.195533e-05, 4.015240e-04, 2.161290e-03, 3.469960e-05, 2.692432e-01, 4.505165e-04, 1.000031e+00, -0.000000, 3.509323e-02, 0, 0.269243, 4.505165e-04 
6.481034e-01, 2.877443e-03, 0, 4.225187e-04, 1.049736e-05, 3.767386e-04, 2.042320e-03, 2.536862e-05, 2.692432e-01, 4.505185e-04, 1.003761e+00, -0.000003, 3.509323e-02, 0, 0.269243, 4.505185e-04 
6.520181e-01, 3.914640e-03, 0, 5.750220e-04, 1.778719e-05, 4.123129e-04, 2.855282e-03, 5.423636e-05, 2.692399e-01, 4.507991e-04, 9.999842e-01, -0.000001, 3.509323e-02, 0, 0.269240, 4.507991e-04 
6.557896e-01, 3.771468e-03, 0, 5.403224e-04, 1.545445e-05, 3.942342e-04, 2.771886e-03, 4.957086e-05, 2.692392e-01, 4.504844e-04, 1.000248e+00, -0.000000, 3.509323e-02, 0, 0.269239, 4.504844e-04 
6.588061e-01, 3.016533e-03, 0, 5.344905e-04, 1.720401e-05, 4.166868e-04, 2.023658e-03, 2.449384e-05, 2.692392e-01, 4.505473e-04, 1.000040e+00, -0.000000, 3.509323e-02, 0, 0.269239, 4.505473e-04 
6.620632e-01, 3.257097e-03, 0, 5.385728e-04, 1.137214e-05, 4.560519e-04, 2.203571e-03, 4.752971e-05, 2.692391e-01, 4.507445e-04, 9.999609e-01, -0.000000, 3.509323e-02, 0, 0.269239, 4.507445e-04 
6.659411e-01, 3.877899e-03, 0, 5.333242e-04, 1.108055e-05, 5.003741e-04, 2.782092e-03, 5.102883e-05, 2.692391e-01, 4.505182e-04, 1.003341e+00, -0.000000, 3.509323e-02, 0, 0.269239, 4.505182e-04 
6.689355e-01, 2.994372e-03, 0, 4.578015e-04, 1.457967e-05, 3.303752e-04, 2.139420e-03, 5.219520e-05, 2.692389e-01, 4.507300e-04, 9.999663e-01, -0.000000, 3.509323e-02, 0, 0.269239, 4.507300e-04 
6.723427e-01, 3.407268e-03, 0, 5.502366e-04, 7.581426e-06, 3.478708e-04, 2.463963e-03, 3.761554e-05, 2.692388e-01, 4.505265e-04, 1.001405e+00, -0.000001, 3.509323e-02, 0, 0.269239, 4.505265e-04 
6.760553e-01, 3.712566e-03, 0, 5.219520e-04, 1.720401e-05, 3.674076e-04, 2.782092e-03, 2.391065e-05, 2.692383e-01, 4.504055e-04, 1.000051e+00, -0.000000, 3.509323e-02, 0, 0.269238, 4.504055e-04 
6.804872e-01, 4.431927e-03, 0, 4.884188e-04, 1.078895e-05, 4.067727e-04, 3.490663e-03, 3.528279e-05, 2.692382e-01, 4.506527e-04, 1.006642e+00, -0.000000, 3.509323e-02, 0, 0.269238, 4.506527e-04 
6.857312e-01, 5.244014e-03, 0, 5.823118e-04, 1.516285e-05, 5.721061e-04, 4.045274e-03, 2.915933e-05, 2.692380e-01, 4.510552e-04, 9.961137e-01, -0.000003, 3.509323e-02, 0, 0.269238, 4.510552e-04 
6.889049e-01, 3.173702e-03, 0, 5.391560e-04, 1.137214e-05, 4.248514e-04, 2.160706e-03, 3.761554e-05, 2.692348e-01, 4.507693e-04, 1.003780e+00, -0.000003, 3.509323e-02, 0, 0.269235, 4.507693e-04 
6.922810e-01, 3.376067e-03, 0, 5.980579e-04, 1.516285e-05, 4.093970e-04, 2.318458e-03, 3.499120e-05, 2.692314e-01, 4.510504e-04, 1.001790e+00, -0.000001, 3.509323e-02, 0, 0.269231, 4.510504e-04 
6.951739e-01, 2.892897e-03, 0, 4.440966e-04, 1.049736e-05, 3.679908e-04, 2.035321e-03, 3.499120e-05, 2.692306e-01, 4.509225e-04, 1.001212e+00, -0.000000, 3.509323e-02, 0, 0.269231, 4.509225e-04 
6.988474e-01, 3.673492e-03, 0, 5.027069e-04, 1.049736e-05, 3.744058e-04, 2.746809e-03, 3.907350e-05, 2.692305e-01, 4.510669e-04, 9.971186e-01, -0.000003, 3.509323e-02, 0, 0.269231, 4.510669e-04 
7.019059e-01, 3.058522e-03, 0, 5.012489e-04, 1.691241e-05, 3.936510e-04, 2.095098e-03, 5.161202e-05, 2.692272e-01, 4.511695e-04, 1.000009e+00, -0.000000, 3.509323e-02, 0, 0.269227, 4.511695e-04 
7.055065e-01, 3.600594e-03, 0, 4.391395e-04, 1.078895e-05, 3.799461e-04, 2.735728e-03, 3.499120e-05, 2.692272e-01, 4.511681e-04, 1.001832e+00, -0.000001, 3.509323e-02, 0, 0.269227, 4.511681e-04 
7.096019e-01, 4.095428e-03, 0, 6.738721e-04, 2.011994e-05, 4.216439e-04, 2.924972e-03, 5.481954e-05, 2.692264e-01, 4.512551e-04, 9.955062e-01, -0.000003, 3.509323e-02, 0, 0.269226, 4.512551e-04 
7.140222e-01, 4.420263e-03, 0, 5.598591e-04, 1.603763e-05, 3.711983e-04, 3.420389e-03, 5.277839e-05, 2.692235e-01, 4.509489e-04, 9.875843e-01, -0.000000, 3.509323e-02, 0, 0.269223, 4.509489e-04 
7.169221e-01, 2.899895e-03, 0, 4.303917e-04, 1.078895e-05, 3.776133e-04, 2.057482e-03, 2.361906e-05, 2.692234e-01, 4.509855e-04, 1.001497e+00, -0.000001, 3.509323e-02, 0, 0.269223, 4.509855e-04 
7.198366e-01, 2.914475e-03, 0, 4.983330e-04, 9.039393e-06, 3.274593e-04, 2.056024e-03, 2.361906e-05, 2.692228e-01, 4.508547e-04, 1.003786e+00, -0.000003, 3.509323e-02, 0, 0.269223, 4.508547e-04 
7.229727e-01, 3.136086e-03, 0, 6.196358e-04, 1.632923e-05, 3.770301e-04, 2.071479e-03, 5.161202e-05, 2.692195e-01, 4.511440e-04, 9.960039e-01, -0.000003, 3.509323e-02, 0, 0.269219, 4.511440e-04 
7.258198e-01, 2.847117e-03, 0, 4.525528e-04, 1.078895e-05, 3.332911e-04, 2.025990e-03, 2.449384e-05, 2.692161e-01, 4.508476e-04, 1.000010e+00, -0.000000, 3.509323e-02, 0, 0.269216, 4.508476e-04 
7.287200e-01, 2.900187e-03, 0, 5.204941e-04, 9.039393e-06, 3.376650e-04, 2.008786e-03, 2.420224e-05, 2.692161e-01, 4.508967e-04, 1.000022e+00, -0.000000, 3.509323e-02, 0, 0.269216, 4.508967e-04 
7.323109e-01, 3.590972e-03, 0, 4.691736e-04, 1.253851e-05, 3.434969e-04, 2.729897e-03, 3.586598e-05, 2.692161e-01, 4.508981e-04, 9.990180e-01, -0.000001, 3.509323e-02, 0, 0.269216, 4.508981e-04 
7.355284e-01, 3.217441e-03, 0, 5.998074e-04, 1.312170e-05, 4.000660e-04, 2.173245e-03, 3.120048e-05, 2.692152e-01, 4.507826e-04, 1.003695e+00, -0.000003, 3.509323e-02, 0, 0.269215, 4.507826e-04 
7.387548e-01, 3.226480e-03, 0, 5.449879e-04, 1.662082e-05, 4.566351e-04, 2.163331e-03, 4.490537e-05, 2.692121e-01, 4.510557e-04, 1.000092e+00, -0.000000, 3.509323e-02, 0, 0.269212, 4.510557e-04 
7.427091e-01, 3.954297e-03, 0, 6.485035e-04, 2.011994e-05, 4.540108e-04, 2.778301e-03, 5.336158e-05, 2.692121e-01, 4.510635e-04, 1.000204e+00, -0.000000, 3.509323e-02, 0, 0.269212, 4.510635e-04 
7.458006e-01, 3.091472e-03, 0, 6.111796e-04, 1.516285e-05, 3.854864e-04, 2.054566e-03, 2.507702e-05, 2.692120e-01, 4.510386e-04, 1.000039e+00, -0.000000, 3.509323e-02, 0, 0.269212, 4.510386e-04 
7.496222e-01, 3.821622e-03, 0, 5.901849e-04, 9.914172e-06, 3.726562e-04, 2.797838e-03, 5.102883e-05, 2.692119e-01, 4.512329e-04, 9.979703e-01, -0.000000, 3.509323e-02, 0, 0.269212, 4.512329e-04 
7.533223e-01, 3.700027e-03, 0, 4.843365e-04, 1.020577e-05, 3.738226e-04, 2.807752e-03, 2.391065e-05, 2.692118e-01, 4.509790e-04, 1.012789e+00, -0.000000, 3.509323e-02, 0, 0.269212, 4.509790e-04 
7.564245e-01, 3.102261e-03, 0, 5.995158e-04, 9.622579e-06, 3.367903e-04, 2.093932e-03, 6.240097e-05, 2.692118e-01, 4.509645e-04, 9.999287e-01, -0.000000, 3.509323e-02, 0, 0.269212, 4.509645e-04 
7.596178e-01, 3.193238e-03, 0, 4.604258e-04, 1.137214e-05, 3.735310e-04, 2.297172e-03, 5.073724e-05, 2.692118e-01, 4.509647e-04, 9.999764e-01, -0.000000, 3.509323e-02, 0, 0.269212, 4.509647e-04 
7.626882e-01, 3.070478e-03, 0, 5.721061e-04, 1.603763e-05, 3.726562e-04, 2.086350e-03, 2.332746e-05, 2.692118e-01, 4.509626e-04, 1.000005e+00, -0.000000, 3.509323e-02, 0, 0.269212, 4.509626e-04 
7.666137e-01, 3.925429e-03, 0, 5.656910e-04, 1.603763e-05, 3.849032e-04, 2.935470e-03, 2.332746e-05, 2.692118e-01, 4.509624e-04, 1.000005e+00, -0.000000, 3.509323e-02, 0, 0.269212, 4.509624e-04 
7.705330e-01, 3.919306e-03, 0, 6.213853e-04, 1.778719e-05, 4.088138e-04, 2.819416e-03, 5.190361e-05, 2.692118e-01, 4.509939e-04, 1.003379e+00, -0.000003, 3.509323e-02, 0, 0.269212, 4.509939e-04 
7.734999e-01, 2.966962e-03, 0, 5.210772e-04, 1.516285e-05, 3.755722e-04, 2.031531e-03, 2.361906e-05, 2.692083e-01, 4.508385e-04, 9.979395e-01, -0.000001, 3.509323e-02, 0, 0.269208, 4.508385e-04 
7.771562e-01, 3.656288e-03, 0, 4.630502e-04, 1.049736e-05, 3.729478e-04, 2.774219e-03, 3.557438e-05, 2.692072e-01, 4.509814e-04, 9.999960e-01, -0.000000, 3.509323e-02, 0, 0.269207, 4.509814e-04 
7.801069e-01, 2.950633e-03, 0, 4.811290e-04, 1.108055e-05, 3.507867e-04, 2.072062e-03, 3.557438e-05, 2.692072e-01, 4.509193e-04, 9.984703e-01, -0.000001, 3.509323e-02, 0, 0.269207, 4.509193e-04 
7.835208e-01, 3.413974e-03, 0, 6.555018e-04, 1.778719e-05, 4.219355e-04, 2.262472e-03, 5.627751e-05, 2.692066e-01, 4.510534e-04, 9.960415e-01, -0.000003, 3.509323e-02, 0, 0.269207, 4.510534e-04 
7.864723e-01, 2.951507e-03, 0, 4.802542e-04, 1.049736e-05, 3.700319e-04, 2.056608e-03, 3.411642e-05, 2.692033e-01, 4.507604e-04, 9.999919e-01, -0.000000, 3.509323e-02, 0, 0.269203, 4.507604e-04 
7.910431e-01, 4.570725e-03, 0, 5.619003e-04, 1.166373e-05, 3.732394e-04, 3.599428e-03, 2.449384e-05, 2.692033e-01, 4.507217e-04, 9.996689e-01, -0.000000, 3.509323e-02, 0, 0.269203, 4.507217e-04 
7.948204e-01, 3.777300e-03, 0, 4.895852e-04, 1.662082e-05, 3.980249e-04, 2.811834e-03, 6.123459e-05, 2.692033e-01, 4.507043e-04, 9.963597e-01, -0.000000, 3.509323e-02, 0, 0.269203, 4.507043e-04 
7.977098e-01, 2.889398e-03, 0, 4.306833e-04, 1.078895e-05, 3.720731e-04, 2.049609e-03, 2.624340e-05, 2.692032e-01, 4.507179e-04, 1.000030e+00, -0.000000, 3.509323e-02, 0, 0.269203, 4.507179e-04 
8.009368e-01, 3.227063e-03, 0, 5.863941e-04, 1.837038e-05, 4.327245e-04, 2.171495e-03, 1.807879e-05, 2.692032e-01, 4.507150e-04, 1.000000e+00, 0.000000, 1.754661e-02, 0, 0.269203, 4.507150e-04 
8.037834e-01, 2.846534e-03, 0, 4.391395e-04, 1.137214e-05, 3.306668e-04, 2.030947e-03, 3.440801e-05, 2.692032e-01, 4.507150e-04, 9.999657e-01, -0.000000, 1.754661e-02, 0, 0.269203, 4.507150e-04 
8.069996e-01, 3.216274e-03, 0, 4.834617e-04, 1.020577e-05, 3.758638e-04, 2.311169e-03, 3.557438e-05, 2.692032e-01, 4.507127e-04, 1.003687e+00, -0.000003, 2.252332e-02, 0, 0.269203, 4.507127e-04 
8.099013e-01, 2.901645e-03, 0, 4.368068e-04, 1.049736e-05, 3.755722e-04, 2.043777e-03, 3.499120e-05, 2.692000e-01, 4.509863e-04, 9.999844e-01, -0.000000, 2.252332e-02, 0, 0.269200, 4.509863e-04 
8.131753e-01, 3.274010e-03, 0, 5.691901e-04, 1.807879e-05, 4.362236e-04, 2.191615e-03, 5.890185e-05, 2.692000e-01, 4.509903e-04, 1.000020e+00, -0.000000, 2.252332e-02, 0, 0.269200, 4.509903e-04 
8.170284e-01, 3.853114e-03, 0, 6.059309e-04, 1.778719e-05, 3.796545e-04, 2.803961e-03, 4.578015e-05, 2.692000e-01, 4.509921e-04, 9.961189e-01, -0.000003, 2.407145e-02, 0, 0.269200, 4.509921e-04 
8.201563e-01, 3.127921e-03, 0, 5.756052e-04, 1.283011e-05, 3.487456e-04, 2.128340e-03, 6.240097e-05, 2.691969e-01, 4.507019e-04, 9.999693e-01, -0.000000, 2.407145e-02, 0, 0.269197, 4.507019e-04 
8.231364e-01, 2.980084e-03, 0, 4.779214e-04, 1.078895e-05, 4.015240e-04, 2.080227e-03, 9.622579e-06, 2.691969e-01, 4.507030e-04, 9.999069e-01, 0.000000, 1.203572e-02, 0, 0.269197, 4.507030e-04 
8.261395e-01, 3.003119e-03, 0, 4.385563e-04, 1.108055e-05, 3.694487e-04, 2.148168e-03, 3.586598e-05, 2.691969e-01, 4.507030e-04, 9.999787e-01, -0.000000, 1.203572e-02, 0, 0.269197, 4.507030e-04 
8.290788e-01, 2.939261e-03, 0, 4.965834e-04, 1.137214e-05, 3.449549e-04, 2.049609e-03, 3.674076e-05, 2.691969e-01, 4.507005e-04, 1.003819e+00, -0.000003, 2.336007e-02, 0, 0.269197, 4.507005e-04 
8.320612e-01, 2.982416e-03, 0, 4.403059e-04, 1.049736e-05, 3.752806e-04, 2.130964e-03, 2.536862e-05, 2.691935e-01, 4.509915e-04, 1.003095e+00, -0.000003, 2.336007e-02, 0, 0.269193, 4.509915e-04 
8.356854e-01, 3.624213e-03, 0, 4.994993e-04, 1.108055e-05, 3.729478e-04, 2.707444e-03, 3.324164e-05, 2.691907e-01, 4.507481e-04, 1.000019e+00, -0.000000, 2.336007e-02, 0, 0.269191, 4.507481e-04 
8.388332e-01, 3.147750e-03, 0, 5.499450e-04, 2.157790e-05, 4.184364e-04, 2.133005e-03, 2.478543e-05, 2.691907e-01, 4.508413e-04, 9.999051e-01, -0.000000, 2.336007e-02, 0, 0.269191, 4.508413e-04 
8.420013e-01, 3.168161e-03, 0, 5.732724e-04, 1.807879e-05, 3.840284e-04, 2.168871e-03, 2.391065e-05, 2.691907e-01, 4.508332e-04, 1.000036e+00, -0.000000, 2.336007e-02, 0, 0.269191, 4.508332e-04 
8.451934e-01, 3.192072e-03, 0, 5.753136e-04, 1.924516e-05, 4.201860e-04, 2.158957e-03, 1.837038e-05, 2.691907e-01, 4.508362e-04, 9.999997e-01, 0.000000, 1.168004e-02, 0, 0.269191, 4.508362e-04 
8.483948e-01, 3.201403e-03, 0, 5.487786e-04, 2.070312e-05, 4.175616e-04, 2.208236e-03, 6.123459e-06, 2.691907e-01, 4.508362e-04, 1.000001e+00, 0.000000, 5.840018e-03, 0, 0.269191, 4.508362e-04 
8.514064e-01, 3.011576e-03, 0, 4.729643e-04, 1.137214e-05, 3.779049e-04, 2.125132e-03, 2.420224e-05, 2.691907e-01, 4.508362e-04, 1.000191e+00, -0.000000, 5.840018e-03, 0, 0.269191, 4.508362e-04 
8.545264e-01, 3.120048e-03, 0, 4.592595e-04, 2.128631e-05, 4.242683e-04, 2.155166e-03, 6.006822e-05, 2.691907e-01, 4.508360e-04, 1.000035e+00, -0.000000, 5.840018e-03, 0, 0.269191, 4.508360e-04 
8.574327e-01, 2.906310e-03, 0, 4.263094e-04, 1.078895e-05, 3.746974e-04, 2.058357e-03, 3.615757e-05, 2.691907e-01, 4.508338e-04, 9.999999e-01, -0.000000, 5.840018e-03, 0, 0.269191, 4.508338e-04 
8.603586e-01, 2.925847e-03, 0, 4.382647e-04, 1.078895e-05, 3.732394e-04, 2.068855e-03, 3.469960e-05, 2.691907e-01, 4.508343e-04, 9.983154e-01, -0.000001, 7.831486e-03, 0, 0.269191, 4.508343e-04 
8.632279e-01, 2.869278e-03, 0, 4.330161e-04, 1.078895e-05, 3.749890e-04, 2.018700e-03, 3.178367e-05, 2.691900e-01, 4.509542e-04, 1.002066e+00, -0.000001, 1.381000e-02, 0, 0.269190, 4.509542e-04 
8.669681e-01, 3.740267e-03, 0, 5.537357e-04, 1.662082e-05, 3.843200e-04, 2.762263e-03, 2.332746e-05, 2.691887e-01, 4.511683e-04, 9.976530e-01, -0.000001, 1.394671e-02, 0, 0.269189, 4.511683e-04 
8.705404e-01, 3.572310e-03, 0, 4.207691e-04, 1.049736e-05, 3.738226e-04, 2.731646e-03, 3.557438e-05, 2.691875e-01, 4.508992e-04, 1.000929e+00, -0.000000, 1.394671e-02, 0, 0.269187, 4.508992e-04 
8.750222e-01, 4.481789e-03, 0, 5.432383e-04, 1.049736e-05, 3.741142e-04, 3.529737e-03, 2.420224e-05, 2.691874e-01, 4.510040e-04, 9.964239e-01, -0.000004, 2.628377e-02, 0, 0.269187, 4.510040e-04 
8.779828e-01, 2.960547e-03, 0, 5.280755e-04, 1.662082e-05, 3.939426e-04, 2.015785e-03, 6.123459e-06, 2.691836e-01, 4.508052e-04, 1.000211e+00, 0.000000, 1.314189e-02, 0, 0.269184, 4.508052e-04 
8.818190e-01, 3.836202e-03, 0, 5.680238e-04, 2.157790e-05, 4.099802e-04, 2.812709e-03, 2.391065e-05, 2.691836e-01, 4.508052e-04, 1.003734e+00, -0.000003, 2.590605e-02, 0, 0.269184, 4.508052e-04 
8.854668e-01, 3.647832e-03, 0, 5.015405e-04, 1.691241e-05, 3.781965e-04, 2.720857e-03, 3.032570e-05, 2.691802e-01, 4.510685e-04, 9.991145e-01, -0.000000, 2.590605e-02, 0, 0.269180, 4.510685e-04 
8.884349e-01, 2.968128e-03, 0, 4.968750e-04, 1.078895e-05, 3.793629e-04, 2.045527e-03, 3.557438e-05, 2.691802e-01, 4.509530e-04, 1.000001e+00, -0.000000, 2.590605e-02, 0, 0.269180, 4.509530e-04 
8.912835e-01, 2.848575e-03, 0, 4.222271e-04, 1.108055e-05, 3.709067e-04, 2.008203e-03, 3.615757e-05, 2.691802e-01, 4.509594e-04, 9.959400e-01, -0.000003, 2.590605e-02, 0, 0.269180, 4.509594e-04 
8.949608e-01, 3.677283e-03, 0, 4.534276e-04, 1.137214e-05, 3.869443e-04, 2.790840e-03, 3.469960e-05, 2.691771e-01, 4.506745e-04, 1.003850e+00, -0.000004, 2.590605e-02, 0, 0.269177, 4.506745e-04 
8.988804e-01, 3.919597e-03, 0, 5.791043e-04, 1.632923e-05, 4.140625e-04, 2.844784e-03, 6.531690e-05, 2.691736e-01, 4.510023e-04, 9.980106e-01, -0.000001, 2.590605e-02, 0, 0.269174, 4.510023e-04 
9.021512e-01, 3.270802e-03, 0, 6.205106e-04, 1.574604e-05, 4.715064e-04, 2.130964e-03, 3.207526e-05, 2.691727e-01, 4.508401e-04, 1.001898e+00, -0.000001, 2.590605e-02, 0, 0.269173, 4.508401e-04 
9.053453e-01, 3.194113e-03, 0, 6.065141e-04, 1.574604e-05, 4.131877e-04, 2.135921e-03, 2.274428e-05, 2.691719e-01, 4.509953e-04, 9.999969e-01, -0.000000, 2.590605e-02, 0, 0.269172, 4.509953e-04 
9.097950e-01, 4.449714e-03, 0, 5.146622e-04, 1.632923e-05, 3.849032e-04, 3.469960e-03, 6.385893e-05, 2.691719e-01, 4.509897e-04, 9.991965e-01, -0.000006, 3.471898e-02, 0, 0.269172, 4.509897e-04 
9.129002e-01, 3.105177e-03, 0, 5.379897e-04, 2.041153e-05, 4.058979e-04, 2.116676e-03, 2.420224e-05, 2.691655e-01, 4.506924e-04, 1.000018e+00, -0.000000, 3.471898e-02, 0, 0.269165, 4.506924e-04 
9.160042e-01, 3.104011e-03, 0, 5.286587e-04, 1.545445e-05, 3.819872e-04, 2.129214e-03, 4.869608e-05, 2.691654e-01, 4.507810e-04, 9.999661e-01, -0.000000, 3.471898e-02, 0, 0.269165, 4.507810e-04 
9.189024e-01, 2.898146e-03, 0, 4.741307e-04, 1.108055e-05, 3.379566e-04, 2.039404e-03, 3.557438e-05, 2.691654e-01, 4.505793e-04, 1.000042e+00, -0.000000, 3.471898e-02, 0, 0.269165, 4.505793e-04 
9.219058e-01, 3.003411e-03, 0, 5.330326e-04, 1.457967e-05, 3.866527e-04, 2.034447e-03, 3.469960e-05, 2.691653e-01, 4.507809e-04, 9.999661e-01, -0.000000, 3.471898e-02, 0, 0.269165, 4.507809e-04 
9.250949e-01, 3.189156e-03, 0, 6.091384e-04, 1.574604e-05, 3.863611e-04, 2.124840e-03, 5.306998e-05, 2.691652e-01, 4.505792e-04, 1.000042e+00, -0.000000, 3.471898e-02, 0, 0.269165, 4.505792e-04 
9.290221e-01, 3.927179e-03, 0, 6.213853e-04, 1.691241e-05, 4.166868e-04, 2.843618e-03, 2.857614e-05, 2.691651e-01, 4.507808e-04, 1.001635e+00, -0.000000, 3.471898e-02, 0, 0.269165, 4.507808e-04 
9.326973e-01, 3.675242e-03, 0, 4.822953e-04, 1.078895e-05, 4.021072e-04, 2.755848e-03, 2.420224e-05, 2.691651e-01, 4.508713e-04, 9.964897e-01, -0.000003, 3.471898e-02, 0, 0.269165, 4.508713e-04 
9.364767e-01, 3.779341e-03, 0, 5.018321e-04, 1.049736e-05, 4.073558e-04, 2.829621e-03, 3.003411e-05, 2.691624e-01, 4.511398e-04, 1.001504e+00, -0.000001, 3.471898e-02, 0, 0.269162, 4.511398e-04 
9.395043e-01, 3.027613e-03, 0, 5.374065e-04, 8.747799e-06, 3.341659e-04, 2.086642e-03, 6.065141e-05, 2.691617e-01, 4.509435e-04, 9.999817e-01, -0.000000, 3.471898e-02, 0, 0.269162, 4.509435e-04 
9.432489e-01, 3.744641e-03, 0, 5.140790e-04, 1.632923e-05, 3.878191e-04, 2.773636e-03, 5.277839e-05, 2.691617e-01, 4.509423e-04, 9.985750e-01, -0.000001, 3.471898e-02, 0, 0.269162, 4.509423e-04 
9.462774e-01, 3.028488e-03, 0, 4.700484e-04, 1.137214e-05, 3.799461e-04, 2.133005e-03, 3.411642e-05, 2.691611e-01, 4.509622e-04, 1.000039e+00, -0.000000, 3.471898e-02, 0, 0.269161, 4.509622e-04 
9.494106e-01, 3.133170e-03, 0, 5.432383e-04, 1.720401e-05, 4.280590e-04, 2.127465e-03, 1.720401e-05, 2.691611e-01, 4.509619e-04, 1.001288e+00, 0.000000, 1.735949e-02, 0, 0.269161, 4.509619e-04 
9.531138e-01, 3.703235e-03, 0, 5.499450e-04, 1.720401e-05, 3.834452e-04, 2.738936e-03, 1.370489e-05, 2.691611e-01, 4.509619e-04, 1.000140e+00, 0.000000, 8.679745e-03, 0, 0.269161, 4.509619e-04 
9.565441e-01, 3.430304e-03, 0, 7.205271e-04, 1.253851e-05, 4.341824e-04, 2.238270e-03, 2.478543e-05, 2.691611e-01, 4.509619e-04, 9.999925e-01, -0.000000, 8.679745e-03, 0, 0.269161, 4.509619e-04 
9.598966e-01, 3.352448e-03, 0, 4.726728e-04, 1.603763e-05, 5.333242e-04, 2.277635e-03, 5.277839e-05, 2.691611e-01, 4.509240e-04, 1.001476e+00, -0.000001, 8.679745e-03, 0, 0.269161, 4.509240e-04 
9.629023e-01, 3.005744e-03, 0, 4.960002e-04, 1.078895e-05, 3.776133e-04, 2.084309e-03, 3.703235e-05, 2.691605e-01, 4.507949e-04, 1.000010e+00, -0.000000, 8.679745e-03, 0, 0.269160, 4.507949e-04 
9.664904e-01, 3.588056e-03, 0, 4.659661e-04, 1.049736e-05, 3.787797e-04, 2.710068e-03, 2.274428e-05, 2.691605e-01, 4.508435e-04, 1.000998e+00, -0.000000, 8.679745e-03, 0, 0.269160, 4.508435e-04 
9.702837e-01, 3.793337e-03, 0, 5.721061e-04, 1.632923e-05, 3.779049e-04, 2.796088e-03, 3.090889e-05, 2.691605e-01, 4.508993e-04, 9.985411e-01, -0.000001, 9.694547e-03, 0, 0.269160, 4.508993e-04 
9.740957e-01, 3.811999e-03, 0, 5.723977e-04, 9.914172e-06, 3.968585e-04, 2.808335e-03, 2.449384e-05, 2.691599e-01, 4.509762e-04, 9.980165e-01, -0.000000, 9.694547e-03, 0, 0.269160, 4.509762e-04 
9.772639e-01, 3.168161e-03, 0, 6.301331e-04, 1.691241e-05, 3.787797e-04, 2.092474e-03, 4.986246e-05, 2.691598e-01, 4.507130e-04, 1.000002e+00, -0.000000, 9.694547e-03, 0, 0.269160, 4.507130e-04 
9.808117e-01, 3.547816e-03, 0, 4.598426e-04, 8.456206e-06, 3.300836e-04, 2.714150e-03, 3.528279e-05, 2.691598e-01, 4.507126e-04, 9.999515e-01, -0.000000, 9.694547e-03, 0, 0.269160, 4.507126e-04 
9.840134e-01, 3.201695e-03, 0, 6.342154e-04, 1.749560e-05, 3.694487e-04, 2.121633e-03, 5.890185e-05, 2.691598e-01, 4.507129e-04, 1.001483e+00, -0.000001, 9.694547e-03, 0, 0.269160, 4.507129e-04 
9.870110e-01, 2.997579e-03, 0, 5.038732e-04, 1.078895e-05, 3.749890e-04, 2.072937e-03, 3.499120e-05, 2.691592e-01, 4.505835e-04, 1.000016e+00, -0.000000, 9.694547e-03, 0, 0.269159, 4.505835e-04 
9.906028e-01, 3.591846e-03, 0, 4.435134e-04, 1.108055e-05, 3.746974e-04, 2.753807e-03, 8.747799e-06, 2.691592e-01, 4.506617e-04, 9.999999e-01, 0.000000, 4.847273e-03, 0, 0.269159, 4.506617e-04 
9.942221e-01, 3.619256e-03, 0, 5.079555e-04, 1.049736e-05, 3.746974e-04, 2.690240e-03, 3.586598e-05, 2.691592e-01, 4.506617e-04, 9.985005e-01, -0.000001, 9.621751e-03, 0, 0.269159, 4.506617e-04 
9.975244e-01, 3.302294e-03, 0, 6.537522e-04, 9.622579e-06, 3.682823e-04, 2.216401e-03, 5.423636e-05, 2.691586e-01, 4.507934e-04, 9.999903e-01, -0.000000, 9.621751e-03, 0, 0.269159, 4.507934e-04 
1.000723e+00, 3.198779e-03, 0, 6.000990e-04, 1.691241e-05, 4.131877e-04, 2.146418e-03, 2.216109e-05, 2.691586e-01, 4.507443e-04, 1.000010e+00, -0.000000, 9.621751e-03, 0, 0.269159, 4.507443e-04 
1.004279e+00, 3.555397e-03, 0, 4.257262e-04, 1.108055e-05, 3.767386e-04, 2.706569e-03, 3.528279e-05, 2.691586e-01, 4.507441e-04, 9.999935e-01, -0.000000, 9.621751e-03, 0, 0.269159, 4.507441e-04 
1.007630e+00, 3.351282e-03, 0, 6.070973e-04, 9.622579e-06, 4.327245e-04, 2.247893e-03, 5.394476e-05, 2.691586e-01, 4.507447e-04, 9.999666e-01, -0.000000, 9.621751e-03, 0, 0.269159, 4.507447e-04 
1.010840e+00, 3.209859e-03, 0, 6.362566e-04, 1.720401e-05, 4.064811e-04, 2.096264e-03, 5.365317e-05, 2.691585e-01, 4.505418e-04, 9.998794e-01, -0.000000, 9.621751e-03, 0, 0.269158, 4.505418e-04 
1.013931e+00, 3.091764e-03, 0, 6.056393e-04, 1.662082e-05, 3.895687e-04, 2.056608e-03, 2.332746e-05, 2.691585e-01, 4.505503e-04, 1.000036e+00, -0.000000, 9.621751e-03, 0, 0.269158, 4.505503e-04 
1.016958e+00, 3.027030e-03, 0, 5.067892e-04, 1.778719e-05, 4.239767e-04, 2.053983e-03, 2.449384e-05, 2.691585e-01, 4.505506e-04, 1.000000e+00, -0.000000, 9.621751e-03, 0, 0.269158, 4.505506e-04 
1.019997e+00, 3.038111e-03, 0, 5.467374e-04, 1.078895e-05, 3.729478e-04, 2.072062e-03, 3.557438e-05, 2.691585e-01, 4.505478e-04, 1.000046e+00, -0.000000, 9.621751e-03, 0, 0.269158, 4.505478e-04 
1.023044e+00, 3.047442e-03, 0, 5.470290e-04, 2.186950e-05, 4.175616e-04, 2.048735e-03, 1.224692e-05, 2.691585e-01, 4.505435e-04, 9.995869e-01, 0.000000, 4.810875e-03, 0, 0.269158, 4.505435e-04 
1.025937e+00, 2.893189e-03, 0, 4.744223e-04, 8.747799e-06, 3.315416e-04, 2.043194e-03, 3.528279e-05, 2.691585e-01, 4.505435e-04, 1.001996e+00, -0.000001, 8.776543e-03, 0, 0.269158, 4.505435e-04 
1.029438e+00, 3.500869e-03, 0, 5.522777e-04, 2.041153e-05, 5.432383e-04, 2.317292e-03, 6.764965e-05, 2.691576e-01, 4.506806e-04, 9.999787e-01, -0.000000, 8.776543e-03, 0, 0.269158, 4.506806e-04 
1.033419e+00, 3.981123e-03, 0, 6.170114e-04, 1.895356e-05, 4.015240e-04, 2.879775e-03, 6.385893e-05, 2.691576e-01, 4.506782e-04, 9.981681e-01, -0.000001, 1.262139e-02, 0, 0.269158, 4.506782e-04 
1.037062e+00, 3.642875e-03, 0, 4.508033e-04, 1.137214e-05, 4.003576e-04, 2.745351e-03, 3.499120e-05, 2.691566e-01, 4.507451e-04, 9.980429e-01, -0.000000, 1.413340e-02, 0, 0.269157, 4.507451e-04 
1.040104e+00, 3.042193e-03, 0, 4.370984e-04, 1.108055e-05, 3.819872e-04, 2.204154e-03, 7.873019e-06, 2.691566e-01, 4.507423e-04, 1.000001e+00, 0.000000, 7.066700e-03, 0, 0.269157, 4.507423e-04 
1.042980e+00, 2.875985e-03, 0, 4.633418e-04, 1.108055e-05, 3.700319e-04, 2.009369e-03, 2.216109e-05, 2.691566e-01, 4.507423e-04, 1.001487e+00, -0.000001, 7.066700e-03, 0, 0.269157, 4.507423e-04 
1.046872e+00, 3.891604e-03, 0, 6.342154e-04, 2.216109e-05, 3.930678e-04, 2.791714e-03, 5.044564e-05, 2.691560e-01, 4.506123e-04, 9.998099e-01, -0.000000, 7.066700e-03, 0, 0.269156, 4.506123e-04 
1.050831e+00, 3.958962e-03, 0, 5.484870e-04, 1.778719e-05, 4.126045e-04, 2.943926e-03, 3.615757e-05, 2.691560e-01, 4.507374e-04, 9.985589e-01, -0.000001, 9.308039e-03, 0, 0.269156, 4.507374e-04 
1.054093e+00, 3.262054e-03, 0, 6.123459e-04, 1.778719e-05, 4.096886e-04, 2.169163e-03, 5.306998e-05, 2.691554e-01, 4.508527e-04, 1.000121e+00, -0.000000, 9.308039e-03, 0, 0.269155, 4.508527e-04 
1.058015e+00, 3.921930e-03, 0, 5.324494e-04, 2.070312e-05, 4.385563e-04, 2.891148e-03, 3.907350e-05, 2.691554e-01, 4.508526e-04, 9.991383e-01, -0.000000, 9.308039e-03, 0, 0.269155, 4.508526e-04 
1.061047e+00, 3.031696e-03, 0, 5.365317e-04, 1.516285e-05, 3.799461e-04, 2.080810e-03, 1.924516e-05, 2.691554e-01, 4.507358e-04, 1.000754e+00, 0.000000, 4.654020e-03, 0, 0.269155, 4.507358e-04 
1.064151e+00, 3.104011e-03, 0, 5.619003e-04, 1.574604e-05, 3.884023e-04, 2.091307e-03, 4.665493e-05, 2.691554e-01, 4.507358e-04, 9.999710e-01, -0.000000, 4.654020e-03, 0, 0.269155, 4.507358e-04 
1.067085e+00, 2.934012e-03, 0, 4.645081e-04, 1.108055e-05, 3.773217e-04, 2.045235e-03, 3.586598e-05, 2.691554e-01, 4.507340e-04, 9.993493e-01, -0.000000, 4.654020e-03, 0, 0.269155, 4.507340e-04 
1.070091e+00, 3.006619e-03, 0, 5.726893e-04, 9.914172e-06, 3.271677e-04, 2.091016e-03, 5.831866e-06, 2.691554e-01, 4.507002e-04, 1.000000e+00, 0.000000, 2.327010e-03, 0, 0.269155, 4.507002e-04 
1.073125e+00, 3.034028e-03, 0, 5.493618e-04, 1.749560e-05, 3.703235e-04, 2.044652e-03, 5.219520e-05, 2.691554e-01, 4.507002e-04, 1.000003e+00, -0.000000, 2.327010e-03, 0, 0.269155, 4.507002e-04 
1.076136e+00, 3.010992e-03, 0, 4.548856e-04, 1.078895e-05, 3.729478e-04, 2.166247e-03, 6.123459e-06, 2.691554e-01, 4.507172e-04, 1.000030e+00, 0.000000, 1.163505e-03, 0, 0.269155, 4.507172e-04 
1.079199e+00, 3.062604e-03, 0, 5.388644e-04, 1.603763e-05, 3.732394e-04, 2.081976e-03, 5.248680e-05, 2.691554e-01, 4.507172e-04, 9.998691e-01, -0.000000, 1.163505e-03, 0, 0.269155, 4.507172e-04 
1.082471e+00, 3.272260e-03, 0, 5.872689e-04, 1.749560e-05, 4.411807e-04, 2.167121e-03, 5.919344e-05, 2.691554e-01, 4.507219e-04, 1.000049e+00, -0.000000, 1.163505e-03, 0, 0.269155, 4.507219e-04 
1.085511e+00, 3.040443e-03, 0, 4.866692e-04, 1.049736e-05, 3.784881e-04, 2.129214e-03, 3.557438e-05, 2.691554e-01, 4.507172e-04, 9.999800e-01, -0.000000, 1.163505e-03, 0, 0.269155, 4.507172e-04 
1.088695e+00, 3.183033e-03, 0, 5.379897e-04, 1.953675e-05, 4.175616e-04, 2.201529e-03, 6.415053e-06, 2.691554e-01, 4.507175e-04, 1.000013e+00, 0.000000, 5.817524e-04, 0, 0.269155, 4.507175e-04 
1.091638e+00, 2.943343e-03, 0, 4.770466e-04, 1.049736e-05, 3.720731e-04, 2.058649e-03, 2.507702e-05, 2.691554e-01, 4.507175e-04, 9.997082e-01, -0.000000, 5.817524e-04, 0, 0.269155, 4.507175e-04 
1.094557e+00, 2.919141e-03, 0, 4.960002e-04, 1.049736e-05, 3.402894e-04, 2.063897e-03, 8.456206e-06, 2.691554e-01, 4.507175e-04, 9.982938e-01, 0.000000, 2.908762e-04, 0, 0.269155, 4.507175e-04 
1.097518e+00, 2.960547e-03, 0, 4.691736e-04, 1.166373e-05, 4.015240e-04, 2.051942e-03, 2.624340e-05, 2.691554e-01, 4.507175e-04, 9.999919e-01, -0.000000, 2.908762e-04, 0, 0.269155, 4.507175e-04 
1.100410e+00, 2.892606e-03, 0, 4.394311e-04, 1.078895e-05, 3.627421e-04, 2.070312e-03, 9.330986e-06, 2.691554e-01, 4.507150e-04, 1.000002e+00, 0.000000, 1.454381e-04, 0, 0.269155, 4.507150e-04 
1.103217e+00, 2.806877e-03, 0, 4.143541e-04, 1.108055e-05, 3.309584e-04, 2.041445e-03, 9.039393e-06, 2.691554e-01, 4.507150e-04, 9.995724e-01, 0.000000, 7.271906e-05, 0, 0.269155, 4.507150e-04 
1.106326e+00, 3.108968e-03, 0, 5.968915e-04, 1.603763e-05, 3.849032e-04, 2.105012e-03, 6.123459e-06, 2.691554e-01, 4.507150e-04, 9.997696e-01, 0.000000, 3.635953e-05, 0, 0.269155, 4.507150e-04 
1.109633e+00, 3.306668e-03, 0, 7.380227e-04, 2.128631e-05, 4.239767e-04, 2.066813e-03, 5.656910e-05, 2.691554e-01, 4.507150e-04, 1.000053e+00, -0.000000, 3.635953e-05, 0, 0.269155, 4.507150e-04 
1.112470e+00, 2.837494e-03, 0, 4.435134e-04, 8.456206e-06, 3.344575e-04, 2.014618e-03, 3.644916e-05, 2.691554e-01, 4.507148e-04, 9.998597e-01, -0.000000, 3.635953e-05, 0, 0.269155, 4.507148e-04 
1.115773e+00, 3.302877e-03, 0, 6.033066e-04, 1.982834e-05, 4.172700e-04, 2.211444e-03, 5.102883e-05, 2.691554e-01, 4.507151e-04, 1.005468e+00, -0.000000, 3.635953e-05, 0, 0.269155, 4.507151e-04 
1.118678e+00, 2.904561e-03, 0, 4.548856e-04, 1.049736e-05, 3.974417e-04, 2.015201e-03, 2.653499e-05, 2.691554e-01, 4.507151e-04, 1.000065e+00, -0.000000, 3.635953e-05, 0, 0.269155, 4.507151e-04 
1.121907e+00, 3.229687e-03, 0, 6.321743e-04, 1.487126e-05, 4.152289e-04, 2.132130e-03, 3.528279e-05, 2.691554e-01, 4.507152e-04, 1.000021e+00, -0.000000, 3.635953e-05, 0, 0.269155, 4.507152e-04 
1.124876e+00, 2.968711e-03, 0, 5.117463e-04, 1.049736e-05, 3.738226e-04, 2.063897e-03, 8.747799e-06, 2.691554e-01, 4.507150e-04, 1.000131e+00, 0.000000, 1.817976e-05, 0, 0.269155, 4.507150e-04 
1.127804e+00, 2.927888e-03, 0, 4.575099e-04, 1.078895e-05, 3.674076e-04, 2.056024e-03, 3.615757e-05, 2.691554e-01, 4.507150e-04, 1.000151e+00, -0.000000, 1.817976e-05, 0, 0.269155, 4.507150e-04 
1.131141e+00, 3.337577e-03, 0, 6.301331e-04, 1.807879e-05, 4.149373e-04, 2.221066e-03, 5.336158e-05, 2.691554e-01, 4.507150e-04, 9.998124e-01, -0.000000, 1.817976e-05, 0, 0.269155, 4.507150e-04 
1.134191e+00, 3.049191e-03, 0, 5.543189e-04, 2.186950e-05, 4.117297e-04, 2.036779e-03, 2.449384e-05, 2.691554e-01, 4.507151e-04, 9.999808e-01, -0.000000, 1.817976e-05, 0, 0.269155, 4.507151e-04 
1.137469e+00, 3.278675e-03, 0, 6.415053e-04, 1.895356e-05, 3.711983e-04, 2.192198e-03, 5.481954e-05, 2.691554e-01, 4.507153e-04, 1.000003e+00, -0.000000, 1.817976e-05, 0, 0.269155, 4.507153e-04 
1.141260e+00, 3.790713e-03, 0, 5.656910e-04, 1.108055e-05, 3.933594e-04, 2.769845e-03, 5.073724e-05, 2.691554e-01, 4.507157e-04, 1.000033e+00, -0.000000, 1.817976e-05, 0, 0.269155, 4.507157e-04 
1.144420e+00, 3.159705e-03, 0, 5.773547e-04, 2.041153e-05, 4.102718e-04, 2.128048e-03, 2.361906e-05, 2.691554e-01, 4.507150e-04, 9.999989e-01, -0.000000, 1.817976e-05, 0, 0.269155, 4.507150e-04 
1.147535e+00, 3.114800e-03, 0, 5.543189e-04, 1.049736e-05, 4.382647e-04, 2.076144e-03, 3.557438e-05, 2.691554e-01, 4.507151e-04, 1.000074e+00, -0.000000, 1.817976e-05, 0, 0.269155, 4.507151e-04 
1.150497e+00, 2.962588e-03, 0, 4.467209e-04, 1.166373e-05, 3.878191e-04, 2.079643e-03, 3.674076e-05, 2.691554e-01, 4.507154e-04, 9.999957e-01, -0.000000, 1.817976e-05, 0, 0.269155, 4.507154e-04 
1.153466e+00, 2.969295e-03, 0, 5.400308e-04, 1.224692e-05, 3.239602e-04, 2.070021e-03, 2.303587e-05, 2.691554e-01, 4.507153e-04, 9.999953e-01, -0.000000, 3.250915e-05, 0, 0.269155, 4.507153e-04 
1.156451e+00, 2.984749e-03, 0, 4.831701e-04, 1.049736e-05, 3.726562e-04, 2.082268e-03, 3.615757e-05, 2.691554e-01, 4.507146e-04, 1.000087e+00, -0.000000, 3.250915e-05, 0, 0.269155, 4.507146e-04 
1.159667e+00, 3.215399e-03, 0, 5.811455e-04, 1.953675e-05, 4.233935e-04, 2.155166e-03, 3.615757e-05, 2.691554e-01, 4.507149e-04, 9.987899e-01, -0.000000, 3.250915e-05, 0, 0.269155, 4.507149e-04 
1.162746e+00, 3.079225e-03, 0, 6.173030e-04, 1.166373e-05, 3.574934e-04, 2.058066e-03, 3.469960e-05, 2.691554e-01, 4.507149e-04, 9.999926e-01, -0.000000, 3.250915e-05, 0, 0.269155, 4.507149e-04 
1.165676e+00, 2.930513e-03, 0, 5.350737e-04, 1.108055e-05, 3.300836e-04, 2.027157e-03, 2.711818e-05, 2.691554e-01, 4.507151e-04, 1.000554e+00, -0.000000, 3.250915e-05, 0, 0.269155, 4.507151e-04 
1.168650e+00, 2.973377e-03, 0, 4.575099e-04, 1.108055e-05, 3.837368e-04, 2.096556e-03, 2.449384e-05, 2.691554e-01, 4.507150e-04, 9.923880e-01, -0.000000, 3.250915e-05, 0, 0.269155, 4.507150e-04 
1.171685e+00, 3.035778e-03, 0, 5.266175e-04, 1.516285e-05, 3.787797e-04, 2.102679e-03, 1.253851e-05, 2.691554e-01, 4.507150e-04, 1.000001e+00, 0.000000, 1.625457e-05, 0, 0.269155, 4.507150e-04 
1.174859e+00, 3.173702e-03, 0, 5.586928e-04, 7.289833e-06, 4.496369e-04, 2.133005e-03, 2.507702e-05, 2.691554e-01, 4.507150e-04, 1.000006e+00, -0.000000, 1.625457e-05, 0, 0.269155, 4.507150e-04 
1.178075e+00, 3.215983e-03, 0, 6.318827e-04, 1.924516e-05, 4.251430e-04, 2.126007e-03, 1.370489e-05, 2.691554e-01, 4.507155e-04, 1.000391e+00, 0.000000, 8.127287e-06, 0, 0.269155, 4.507155e-04 
1.181702e+00, 3.626838e-03, 0, 5.919344e-04, 1.195533e-05, 3.324164e-04, 2.683533e-03, 6.998239e-06, 2.691554e-01, 4.507155e-04, 1.000282e+00, 0.000000, 4.063644e-06, 0, 0.269155, 4.507155e-04 
1.184796e+00, 3.094388e-03, 0, 5.761884e-04, 1.691241e-05, 3.726562e-04, 2.122508e-03, 6.123459e-06, 2.691554e-01, 4.507155e-04, 1.003045e+00, 0.000000, 2.031822e-06, 0, 0.269155, 4.507155e-04 
1.187971e+00, 3.174868e-03, 0, 5.540273e-04, 1.662082e-05, 4.403059e-04, 2.152542e-03, 1.137214e-05, 2.691554e-01, 4.507155e-04, 1.000456e+00, 0.000000, 1.015911e-06, 0, 0.269155, 4.507155e-04 
1.190924e+00, 2.952382e-03, 0, 4.957086e-04, 1.720401e-05, 3.919014e-04, 2.035613e-03, 1.195533e-05, 2.691554e-01, 4.507155e-04, 1.000123e+00, 0.000000, 5.079555e-07, 0, 0.269155, 4.507155e-04 
1.194140e+00, 3.215983e-03, 0, 5.779379e-04, 1.924516e-05, 4.088138e-04, 2.157207e-03, 5.277839e-05, 2.691554e-01, 4.507155e-04, 9.999969e-01, -0.000000, 9.325992e-07, 0, 0.269155, 4.507155e-04 
1.197379e+00, 3.239018e-03, 0, 6.382977e-04, 1.137214e-05, 3.779049e-04, 2.193365e-03, 1.807879e-05, 2.691554e-01, 4.507155e-04, 1.000250e+00, 0.000000, 4.662996e-07, 0, 0.269155, 4.507155e-04 
1.200341e+00, 2.962296e-03, 0, 5.257427e-04, 1.049736e-05, 3.738226e-04, 2.043194e-03, 9.039393e-06, 2.691554e-01, 4.507155e-04, 1.000085e+00, 0.000000, 2.331498e-07, 0, 0.269155, 4.507155e-04 
1.203418e+00, 3.076893e-03, 0, 5.598591e-04, 1.720401e-05, 4.003576e-04, 2.084892e-03, 1.457967e-05, 2.691554e-01, 4.507155e-04, 1.016226e+00, 0.000000, 1.165749e-07, 0, 0.269155, 4.507155e-04 
1.206398e+00, 2.980375e-03, 0, 5.064976e-04, 1.137214e-05, 4.196028e-04, 2.036196e-03, 6.706646e-06, 2.691554e-01, 4.507155e-04, 1.001002e+00, 0.000000, 5.828745e-08, 0, 0.269155, 4.507155e-04 
0.666667, 0, 0, 0, 0, 0, 0, 0, 0, 0, 0, 0, 0, 0, 0 ,0