2.509292e-01 
6.928344e-01 
-1.004547e+00 
-5.021881e-01 
2.383687e-02 
7.151437e-02 
2.767493e-01 
-4.111787e-01 
-1.686438e-01 
-8.568927e-03 
7.975750e-02 
1.680931e-01 
-1.263411e-01 
-1.168285e-01 
3.396471e-01 
-1.732204e-01 
-4.814686e-01 
7.070542e-01 
3.420958e-01 
-3.205195e-02 
2.060881e-01 
7.652106e-02 
1.064902e-01 
1.202624e-02 
4.351169e-01 
-9.580015e-02 
-3.226551e-01 
5.878183e-01 
2.658207e-01 
-5.406211e-01 
-3.616323e-02 
-1.991621e-01 
3.786648e-01 
1.639953e-01 
-2.176187e-01 
1.474625e-01 
5.202231e-02 
1.023308e-01 
6.248604e-02 
4.698783e-01 
2.421458e-01 
4.994392e-01 
-8.911135e-01 
-4.454479e-01 
2.748860e-01 
1.698052e-01 
2.517329e-02 
1.324042e-01 
6.591111e-02 
6.008357e-02 
1.392626e+00 
4.314412e-01 
2.012539e-01 
-8.808165e-01 
-2.185456e-02 
-6.998253e-01 
-4.481008e-01 
-4.229455e-02 
1.103296e+00 
-1.277460e-01 
-1.498123e-01 
-5.508853e-01 
-2.791989e-01 
-1.878476e-01 
1.781076e-01 
-1.092214e-01 
4.847473e-02 
-2.723733e-02 
-1.054773e-01 
-4.956871e-01 
-1.085483e-01 
-3.985816e-01 
-1.012788e+00 
-3.580542e-01 
-1.440061e-01 
5.600019e-01 
-1.007913e-01 
4.993747e-01 
2.508300e-01 
-4.399060e-02 
-8.848734e-01 
-1.036613e-02 
-5.014689e-01 
