-4.159996e-04 
3.699996e-05 
4.549995e-04 
1.241999e-03 
1.819998e-04 
2.039998e-04 
1.970998e-03 
-6.159994e-04 
1.037999e-03 
5.399995e-04 
1.081861e-03 
1.619508e-03 
-9.023275e-04 
5.409761e-05 
-1.599094e-03 
-1.666904e-03 
2.539929e-04 
1.151381e-03 
1.802887e-03 
-3.350818e-04 
-1.497001e-01 
3.636607e-04 
1.991368e-02 
-8.295200e-04 
-2.338482e-03 
-7.108410e-02 
5.075701e-04 
-5.300557e-02 
-5.608411e-03 
1.441340e-02 
-1.839330e-01 
-3.818778e-04 
1.572606e-01 
-3.226015e-03 
1.323879e-02 
-7.868543e-02 
-1.310649e-02 
-6.422360e-02 
-6.376904e-03 
-9.663873e-02 
-2.525611e-02 
-4.890804e-03 
6.199233e-02 
5.787748e-05 
-1.236878e-03 
-1.168254e-02 
-6.071364e-02 
4.787936e-03 
-1.961404e-02 
-6.658127e-02 
-9.281079e-03 
-1.560671e-03 
-7.184587e-03 
3.524080e-02 
1.013179e-02 
-8.572174e-03 
-1.325523e-02 
-6.678695e-03 
-2.177524e-03 
7.193869e-03 
-2.999190e-03 
-9.663140e-03 
1.524378e-02 
-7.560174e-03 
-3.501290e-02 
4.292616e-04 
-7.670611e-04 
2.973053e-03 
4.132837e-02 
-4.382499e-04 
-1.138221e-02 
-2.637053e-02 
3.068655e-02 
-3.873024e-02 
1.189946e-02 
-4.469585e-03 
2.794083e-03 
-4.953948e-03 
1.049681e-02 
-3.416652e-02 
-1.905122e-01 
-3.239807e-03 
9.366549e-03 
-1.738209e-02 
1.266866e-02 
-2.603875e-02 
6.109978e-03 
-1.641391e-02 
-4.092705e-03 
-5.950408e-02 
-2.538213e-02 
-1.924964e-04 
-2.778629e-03 
-8.673739e-04 
2.160239e-03 
-5.229370e-03 
-8.603308e-04 
-3.183506e-03 
-4.853559e-04 
2.669301e-04 
-1.963237e-01 
7.091053e-04 
2.495217e-03 
1.168378e-03 
-1.191988e-03 
-4.712225e-03 
5.704586e-02 
-3.860712e-03 
7.720252e-04 
2.667638e-03 
-1.297562e-01 
-1.884386e-01 
6.126680e-02 
-2.715576e-02 
-1.230293e-01 
-1.136962e-01 
9.747369e-02 
-1.096647e-01 
-1.692294e-01 
-4.881583e-02 
-1.389725e+00 
-5.263692e-01 
-1.561067e-01 
-6.426619e-02 
-2.595070e-01 
-5.183348e-01 
-4.574232e-02 
-3.057471e-01 
-4.908814e-01 
3.098736e-01 
-9.930479e-01 
-4.404982e-01 
-3.652523e-01 
-5.544337e-02 
-3.159206e-01 
-4.197967e-01 
-9.117375e-01 
-2.130601e-01 
-7.294013e-01 
8.296740e-01 
1.172588e+00 
-5.298920e-01 
9.539664e-02 
3.541353e-02 
-2.989796e-01 
8.219583e-01 
-2.430920e+00 
4.786518e-01 
-7.006647e-01 
1.005798e+00 
2.510624e+00 
-5.082231e-01 
1.406288e-01 
1.061949e-01 
-3.128150e-01 
1.477219e+00 
-6.279374e-01 
5.699846e-01 
-7.649302e-01 
9.284793e-01 
3.006229e+00 
-4.283442e-01 
-9.954324e-03 
-4.504250e-01 
-9.050091e-01 
1.771233e+00 
4.721580e-01 
5.536860e-01 
-9.581903e-01 
-5.820629e-02 
2.544242e+00 
-3.457571e-01 
6.303492e-01 
-7.693114e-01 
-6.787068e-01 
9.675245e-01 
1.987838e-01 
2.114078e-01 
2.671720e-01 
-1.293716e+00 
4.842703e-01 
-1.461171e-01 
9.677610e-01 
-6.301301e-01 
-2.323190e-01 
-2.155344e-01 
-1.460276e+00 
-7.953208e-02 
4.779535e-01 
-7.808334e-01 
-2.700466e-01 
-1.612313e-01 
9.325258e-02 
-1.300503e-01 
1.193455e-02 
-6.939798e-02 
-3.059174e-02 
-4.572976e-02 
1.395058e-02 
-1.367980e-01 
-2.892950e-03 
2.837220e-01 
2.169110e-02 
-3.807328e-03 
-4.865880e-02 
-2.664413e-02 
4.021919e-01 
-2.059553e-02 
2.030992e-03 
-3.583619e-02 
-7.426488e-01 
-6.520421e-01 
1.674161e-01 
-2.523350e-01 
-1.414426e+00 
-4.578322e-01 
4.447083e-01 
-5.274472e-01 
-1.740374e+00 
7.086388e-02 
-2.680393e+00 
-1.766855e+00 
-3.613051e-01 
-1.369819e+00 
-1.688696e+00 
-1.556945e+00 
-9.828209e-01 
-5.532148e-01 
-1.552310e+00 
-5.185874e-02 
-3.796674e-01 
-5.919672e-01 
-2.744667e-01 
-1.856799e-01 
-7.636752e-01 
1.824815e-01 
-1.404536e+00 
1.837832e-01 
-2.107330e-01 
1.806482e+00 
2.243218e+00 
-5.793533e-01 
9.404425e-01 
-3.012762e-01 
-1.255730e+00 
1.394346e+00 
-1.094005e+00 
8.858286e-01 
1.107322e+00 
2.410466e+00 
2.862494e+00 
-1.353395e+00 
9.535032e-01 
-9.461886e-01 
-2.266277e+00 
2.421739e+00 
2.464447e+00 
1.174088e+00 
-2.613698e-01 
3.447183e+00 
2.209403e+00 
-5.375257e-01 
-5.969526e-01 
-7.691744e-01 
-1.735738e+00 
1.889925e+00 
5.312459e+00 
6.285289e-01 
-1.494037e+00 
-4.534178e-01 
3.840628e+00 
-1.746535e+00 
-9.651479e-01 
-1.518666e+00 
-1.497228e+00 
2.508576e+00 
3.674265e+00 
7.197503e-01 
-1.177523e+00 
-3.263595e+00 
2.318571e+00 
3.850705e-01 
1.249275e+00 
-1.610149e+00 
1.884980e-01 
7.010540e-01 
-3.437779e+00 
1.969952e-01 
8.825906e-01 
-2.153436e+00 
-8.387539e-01 
1.914237e-01 
3.424151e-01 
-1.262958e-01 
2.726340e-01 
-3.195750e-01 
-6.126697e-01 
-2.030038e-01 
1.517038e-01 
-4.367272e-01 
3.365428e-04 
-5.794451e-02 
-1.451466e-01 
-3.972628e-02 
-2.109106e-01 
-1.728884e-02 
5.552033e-01 
-3.020831e-02 
-8.037329e-03 
-1.355288e-01 
-5.805297e-01 
-6.675343e-01 
5.063142e-01 
-9.660042e-01 
-1.540207e+00 
-1.095165e+00 
1.090358e+00 
-5.712463e-01 
-2.087358e+00 
-9.045573e-01 
-8.242521e-01 
-2.178903e+00 
8.188054e-01 
-1.885101e+00 
-1.480263e+00 
-2.985837e-01 
-1.081615e+00 
1.194811e-01 
-3.136358e-02 
-2.056354e+00 
1.455126e-01 
-1.094989e+00 
7.363584e-01 
-1.224827e+00 
-1.636326e+00 
2.345794e-01 
-8.821147e-01 
2.203167e-01 
2.282862e+00 
2.339273e-01 
-1.336680e+00 
-1.664552e+00 
1.643770e+00 
-2.166962e+00 
-2.510959e+00 
-6.585064e-01 
-3.138494e-01 
-1.459066e-02 
1.241426e+00 
7.332575e-01 
-2.979627e+00 
-2.356110e+00 
1.740342e-01 
-2.707189e+00 
-2.126541e+00 
-6.667946e-01 
-6.120243e-01 
-3.335755e-01 
-1.232271e+00 
3.170351e-01 
-2.028249e+00 
-1.341267e+00 
-2.004931e+00 
-1.683356e+00 
-1.880389e+00 
-6.097712e-01 
8.818952e-01 
-1.039269e+00 
-2.523547e+00 
-1.193702e-01 
-9.942715e-01 
1.338148e+00 
-2.590607e+00 
3.551010e-01 
-2.755923e-01 
-3.276393e-01 
4.384324e+00 
-7.543693e-01 
-2.631379e+00 
-2.054865e+00 
1.934077e+00 
2.192679e+00 
6.095010e-01 
-1.324938e+00 
-4.053414e-02 
8.859610e-01 
-1.791065e+00 
2.341014e-01 
1.667100e-01 
-1.615252e+00 
-7.652285e-01 
-7.134632e-02 
2.001208e-01 
-7.623670e-01 
-4.163499e-01 
-1.585152e-01 
-9.376815e-01 
-2.984919e-02 
2.081002e-01 
-3.514800e-01 
-2.361311e-02 
-2.299826e-01 
-4.306032e-02 
4.461628e-02 
-1.195355e-01 
-1.045807e-01 
8.581112e-01 
-9.803273e-02 
-1.437173e-01 
-1.063564e-01 
-8.123146e-01 
-9.891040e-01 
8.188312e-02 
-8.458737e-01 
-1.133584e+00 
-1.015498e+00 
-8.692567e-02 
-9.305143e-01 
-1.397574e+00 
-2.303128e+00 
-1.042234e-01 
-7.916107e-01 
2.522870e-01 
-3.285268e-01 
3.634276e-01 
9.800052e-01 
-1.471397e+00 
-4.345478e-02 
9.689098e-01 
-2.753330e+00 
1.464074e-01 
2.615678e-01 
4.074390e-01 
8.853081e-01 
7.024683e-01 
3.696407e-01 
-7.917139e-01 
-9.123150e-02 
1.277785e+00 
-1.146523e-01 
-3.117592e+00 
9.261542e-01 
1.596928e+00 
-4.710715e-01 
7.546184e-01 
-2.871280e+00 
-3.397076e+00 
-1.261758e+00 
3.580507e-01 
-1.263973e+00 
-3.603024e+00 
1.405641e+00 
-5.177089e-01 
-1.185130e-02 
1.029581e+00 
-1.742643e+00 
-3.676845e+00 
-1.079665e+00 
-1.792149e+00 
-2.198741e+00 
-2.170922e+00 
2.471506e+00 
-2.759289e+00 
7.498678e-01 
5.719821e-01 
-1.084039e+00 
-8.957290e-03 
-1.296412e+00 
-2.363727e+00 
-1.662252e+00 
-1.948429e+00 
3.704385e+00 
-2.102808e+00 
1.759105e+00 
1.380868e+00 
-1.407907e+00 
3.021254e+00 
-1.032807e+00 
-1.954966e+00 
-5.720500e-01 
-5.403649e-02 
-3.362737e-01 
3.743441e-01 
-1.582015e+00 
-2.124991e+00 
4.081360e-01 
3.060150e-01 
-8.388834e-02 
6.860650e-03 
-2.477071e+00 
-9.265101e-01 
-9.956088e-01 
1.741443e-01 
-8.615861e-01 
-1.150624e+00 
-3.652290e-01 
-9.945942e-01 
-9.334500e-02 
1.537966e-02 
1.394698e-01 
-8.465270e-02 
-2.593801e-01 
-1.501094e-01 
-2.660748e-01 
-6.212000e-01 
-3.657341e-01 
1.291891e+00 
-2.319931e-01 
-3.111907e-01 
-2.686957e-01 
-7.165998e-01 
-6.654302e-01 
-8.639733e-01 
-7.434006e-01 
-6.893904e-01 
-3.305828e-01 
-4.247987e-01 
-8.413717e-01 
-2.315009e-01 
-2.852008e+00 
2.669390e+00 
1.592582e-01 
6.508391e-01 
3.485567e-01 
2.964190e-01 
1.402857e+00 
-2.191137e+00 
4.607078e-01 
8.333593e-01 
-1.832185e+00 
-7.376436e-01 
4.661636e+00 
-3.637615e-02 
3.448180e+00 
3.380017e+00 
-8.711991e-01 
-2.236509e+00 
-1.248078e+00 
-5.272659e-01 
2.492272e-02 
-3.343566e+00 
6.230057e+00 
9.314979e-01 
1.937516e+00 
3.128400e+00 
-2.524210e+00 
-3.797034e+00 
-1.226950e+00 
2.000878e-01 
-2.469793e+00 
-5.250119e+00 
4.365783e+00 
-1.862821e+00 
2.384403e+00 
2.180893e+00 
-2.297589e+00 
6.909726e-01 
-1.541515e+00 
-1.816309e+00 
-1.957735e+00 
-2.668210e+00 
3.229677e+00 
-2.712775e+00 
1.931395e+00 
7.621529e-01 
-1.167679e+00 
-3.369519e-01 
-1.058405e+00 
-2.958768e+00 
1.202537e+00 
-4.515407e+00 
7.943373e-03 
-1.598410e+00 
-7.081683e-01 
-1.804246e+00 
-2.118957e+00 
1.364354e+00 
-1.449252e+00 
-2.848466e+00 
-9.546456e-01 
-8.788897e-01 
-1.327377e+00 
2.949435e-01 
-3.087374e-01 
-1.856871e+00 
3.524783e-02 
-3.556736e-02 
-1.587398e-01 
1.115411e-01 
-2.174839e+00 
-8.064377e-01 
-1.583106e-01 
4.059346e-02 
4.658552e-02 
-3.281040e-01 
-3.672139e-01 
-5.513568e-01 
-2.205691e-01 
-7.742057e-01 
1.819796e-01 
-4.932497e-01 
-8.754437e-02 
-1.953427e-01 
-1.078345e-01 
-8.588669e-02 
-1.448361e-02 
1.243316e+00 
-3.679391e-01 
-3.532753e-01 
-4.103145e-01 
1.238812e-01 
-2.061151e-01 
6.795792e-02 
-1.879502e+00 
-3.897925e-01 
4.506894e-01 
-1.192298e+00 
-3.734416e-01 
5.698265e-02 
-2.570931e+00 
1.647556e+00 
1.155195e+00 
1.210936e+00 
-1.671964e+00 
-2.214770e-01 
6.271582e-02 
-4.372277e+00 
-4.268819e-01 
-5.160704e-01 
-5.686853e-01 
-1.256441e+00 
1.570063e+00 
3.070199e-03 
-1.082422e+00 
-3.407929e-01 
-1.341901e+00 
-1.664139e+00 
-1.367928e+00 
-1.982074e+00 
1.668413e+00 
-4.493841e+00 
6.441212e-01 
3.975601e-01 
-2.036657e+00 
-1.813395e+00 
-2.666818e+00 
-1.054646e-01 
-1.107056e+00 
4.106208e-02 
1.552257e+00 
-5.120987e+00 
-1.218979e+00 
-5.028990e-01 
-3.014146e+00 
-4.359896e+00 
-2.672186e+00 
-1.348200e+00 
-1.033924e+00 
-9.165861e-01 
2.783124e+00 
-3.998216e+00 
-1.183902e+00 
-3.399145e-01 
-2.569917e+00 
-3.988131e+00 
-1.469026e+00 
-3.676040e+00 
-6.235639e-01 
-1.940971e+00 
7.762624e-01 
-1.564376e+00 
-2.412007e+00 
6.967998e-01 
-2.009375e+00 
-2.870441e+00 
-9.658647e-01 
2.162018e+00 
-9.092877e-01 
-8.278155e-01 
-1.634808e+00 
9.644830e-01 
-1.237561e+00 
4.664782e-01 
-4.833325e-01 
-7.280980e-01 
2.910179e-01 
1.032862e+00 
-3.464140e-01 
-6.574467e-01 
-2.309789e-01 
-3.312911e-01 
-9.781514e-03 
-6.799394e-02 
1.427598e-01 
1.434462e-01 
-1.101300e-01 
-1.195172e-01 
-1.398875e-01 
-5.972792e-01 
5.897763e-01 
-4.820484e-01 
-9.201860e-02 
-2.106300e-01 
-2.912954e-02 
5.841887e-03 
-2.956993e-01 
1.086638e+00 
-1.808297e-01 
-3.422224e-01 
-4.384528e-01 
1.198851e+00 
1.423738e+00 
5.882419e-01 
-1.315304e+00 
-2.217897e-02 
1.748409e+00 
-1.290387e+00 
9.793510e-01 
1.973604e-01 
-1.189371e+00 
2.125876e-01 
2.404825e-01 
-4.279713e-02 
-1.728577e+00 
-9.423227e-01 
9.657388e-01 
-3.690897e+00 
3.855148e-01 
-2.950954e+00 
-7.825360e-01 
-2.258933e+00 
-1.475649e-01 
-5.492783e-01 
-8.340105e-01 
-1.487032e+00 
-4.892873e-03 
-6.990292e-01 
-1.873779e-01 
-2.585595e+00 
1.050747e+00 
-1.513595e+00 
-1.261474e+00 
-5.964164e-03 
-1.072268e+00 
-2.107649e+00 
-7.549452e-01 
2.587771e-01 
-2.577313e-01 
-6.168681e-01 
1.384789e+00 
-4.232612e-01 
-9.520427e-01 
1.299004e+00 
-7.587547e-01 
-1.777100e+00 
-1.095716e+00 
-9.867506e-02 
-2.634063e-01 
1.710522e-01 
2.182523e+00 
3.187744e-01 
-3.264467e-01 
1.063481e+00 
-1.009505e+00 
-1.976606e+00 
-1.533717e+00 
7.629577e-01 
-9.832977e-01 
-3.331696e-01 
-1.674064e+00 
-1.012624e-01 
-5.481983e-01 
1.030019e+00 
-7.750464e-01 
-1.491695e+00 
-8.184503e-01 
5.178511e+00 
-1.301958e+00 
-1.554423e+00 
-2.758844e+00 
3.766176e-01 
-8.555743e-01 
6.558118e-01 
-6.793633e-01 
-1.505055e+00 
1.207763e-01 
7.115615e-01 
-4.173703e-01 
-2.636778e-01 
5.028656e-02 
-1.453991e-01 
1.868842e-01 
-3.023384e-02 
2.468779e-02 
-2.557410e-03 
-3.514544e-02 
-1.584497e-01 
-5.712819e-02 
-1.087344e-01 
2.381409e-01 
-3.192356e-02 
1.982838e-02 
1.613742e-03 
-6.192899e-03 
7.808172e-03 
-1.866020e-01 
3.959695e-01 
-3.829102e-01 
1.277195e-02 
-3.819702e-02 
7.933967e-01 
2.288040e-01 
9.473474e-01 
-3.393666e-01 
-6.217733e-01 
4.254918e-01 
-1.264765e+00 
6.615281e-01 
1.602053e+00 
1.206005e+00 
2.355928e+00 
-8.033299e-01 
6.477265e-01 
-9.133659e-01 
-1.099185e+00 
1.695199e+00 
-2.806382e+00 
6.353484e-01 
-5.259787e-01 
-5.976887e-02 
2.107580e+00 
-8.905419e-01 
-2.963627e-03 
-2.907170e-01 
-6.228698e-01 
1.426488e+00 
-2.208428e+00 
1.937072e-01 
-6.194345e-01 
-4.120085e-02 
1.866937e+00 
-8.536171e-01 
-1.076488e-01 
-1.318074e-01 
-3.114843e-01 
1.021434e+00 
1.133278e+00 
1.066160e-02 
-7.015554e-01 
2.733874e-02 
1.778931e+00 
-5.452207e-01 
2.362674e-01 
-6.682815e-02 
-5.909991e-01 
6.036971e-01 
2.997148e+00 
8.135050e-02 
-3.660546e-01 
-1.324731e-01 
-4.454061e-01 
-6.469998e-01 
4.132129e-01 
-3.528166e-01 
-9.872023e-01 
6.429571e-02 
2.685102e+00 
-3.521497e-01 
-4.056141e-01 
-1.340341e+00 
-1.004751e+00 
-7.619746e-01 
4.418804e-01 
-1.949638e-01 
-7.872396e-01 
-1.279816e-01 
1.991126e+00 
-3.968883e-01 
-8.601651e-01 
-1.101577e+00 
-5.036999e-01 
-2.150104e-01 
4.152086e-02 
-7.296900e-02 
-2.791853e-01 
-1.839125e-01 
-4.998580e-02 
-2.306096e-02 
-6.029401e-02 
1.524058e-01 
-3.324638e-02 
-2.826849e-02 
3.063692e-02 
3.695753e-03 
4.019013e-02 
-5.361702e-02 
-4.238483e-02 
2.401283e-02 
4.933452e-03 
2.454218e-01 
-4.310027e-04 
-2.618467e-04 
-8.823497e-04 
1.416999e-03 
-2.669996e-04 
-3.716262e-02 
-9.650094e-04 
8.684543e-04 
-2.247956e-01 
-5.080857e-04 
4.910504e-02 
1.910132e-02 
1.349132e-01 
-6.458361e-02 
-8.692887e-02 
8.322209e-03 
-8.300085e-01 
9.768659e-02 
1.325231e-01 
3.311958e-01 
-1.112920e-01 
-2.298579e-01 
1.486304e-01 
-1.862867e-01 
-1.501214e-01 
-2.986173e-02 
-3.557710e-01 
-5.548467e-03 
-6.459562e-03 
-7.373598e-02 
2.355952e-02 
-9.586071e-03 
3.110080e-02 
8.834907e-03 
-2.773542e-02 
-6.285143e-03 
-2.605141e-01 
-1.275784e-02 
-1.057203e-03 
-8.245721e-02 
1.402020e-01 
-1.467846e-02 
6.429515e-04 
2.866376e-02 
1.591820e-03 
2.931494e-02 
7.328810e-02 
2.566706e-02 
2.469222e-02 
-3.353660e-02 
8.803444e-02 
-9.364714e-02 
3.581847e-03 
2.420517e-02 
-1.704151e-02 
3.173577e-02 
7.270116e-02 
6.657053e-03 
4.277054e-03 
-1.175681e-01 
-3.433836e-01 
-6.897291e-02 
9.727216e-03 
-5.629697e-02 
-1.285586e-01 
-1.034081e-01 
-4.446202e-02 
-1.169385e-01 
1.318084e-03 
-3.659009e-01 
-9.780236e-02 
-1.316737e-02 
2.597473e-02 
-2.854775e-02 
-5.731739e-02 
-2.351765e-03 
-5.586680e-01 
3.040757e-02 
-6.002613e-03 
-9.116303e-02 
-1.593628e-02 
2.511501e-02 
3.723945e-02 
1.269488e-02 
1.114514e-02 
4.733974e-02 
-5.862220e-01 
8.464809e-02 
9.210470e-04 
1.582537e-02 
8.885058e-06 
-2.203964e-05 
4.607786e-03 
6.417344e-04 
-8.425054e-04 
2.903706e-03 
4.848647e-03 
-1.286329e-04 
7.320034e-04 
1.587506e-02 
-4.691036e+00 
1.030580e+00 
-1.126540e+00 
-1.325806e+00 
-1.767542e+00 
-2.461116e+00 
-1.618079e+00 
-2.159074e+00 
-2.316089e+00 
-1.094111e+00 
-4.754169e-01 
-7.951533e-01 
-2.177271e+00 
-9.197925e-01 
-1.254739e+00 
-1.060168e+00 
-1.043591e+00 
-1.405016e+00 
-7.758327e-01 
5.467739e+00 
2.643930e+00 
-9.792873e-01 
1.282337e+00 
1.183767e+00 
6.153668e-01 
-2.653567e-03 
-2.826016e+00 
-4.591844e-01 
-2.000726e+00 
-2.020917e+00 
-1.826826e+00 
-1.812413e+00 
4.362014e+00 
-2.411619e+00 
1.135547e+00 
-1.829260e+00 
-8.860968e-01 
-9.408564e-01 
-2.836210e-01 
-3.977077e-02 
3.070424e+00 
-1.246768e+00 
-1.554832e+00 
-5.179286e-01 
-1.438214e+00 
-1.749875e+00 
-6.598728e-01 
-1.177882e+00 
-1.017970e+00 
-7.059231e-01 
5.140945e+00 
-5.247078e-01 
4.645364e-02 
-4.464725e+00 
-5.769045e-01 
-1.902619e+00 
3.591892e-02 
-1.579458e+00 
-1.425687e+00 
-1.103071e+00 
-3.407694e-01 
-4.722392e-01 
-2.349867e+00 
-1.009536e+00 
-1.805401e-01 
-8.998197e-01 
-1.031511e+00 
-8.897569e-01 
-1.136216e+00 
3.892008e+00 
-1.452358e+00 
-6.835856e-01 
-1.039516e+00 
-7.648500e-01 
-5.729959e-01 
5.661331e+00 
-1.942888e+00 
-1.752615e+00 
-1.457244e+00 
1.615086e-02 
-5.797681e-01 
-1.149013e+00 
-1.932483e+00 
-4.234622e-01 
7.869355e-01 
-1.341582e+00 
-3.521260e-01 
-8.219254e-01 
-9.549769e-01 
1.280045e+00 
-6.881950e-01 
-9.582987e-01 
-2.297342e-01 
-8.936975e-01 
3.115620e+00 
-4.859694e-01 
-1.208334e+00 
-1.216896e+00 
-8.374201e-01 
2.124649e-01 
-1.268407e+00 
-2.558794e+00 
-2.763861e+00 
2.184974e+00 
-1.747387e+00 
-2.137652e+00 
1.837233e+00 
-2.646314e+00 
1.313883e+00 
-1.524072e+00 
-6.539518e+00 
-1.751176e+00 
-3.987033e+00 
-3.902672e+00 
-4.174980e+00 
-2.225404e+00 
-2.424042e+00 
-1.857063e+00 
-3.648968e+00 
-5.131065e+00 
