-7.627118e-04 
2.137890e-05 
5.221952e-04 
1.243925e-03 
1.733440e-04 
-3.788488e-07 
2.260418e-03 
-6.246901e-04 
9.814149e-04 
5.712871e-04 
2.190563e-02 
-3.518852e-04 
1.578380e-02 
-1.233023e-02 
8.298155e-03 
-1.162834e-02 
-4.086450e-03 
1.829202e-02 
-3.095088e-03 
9.669685e-04 
6.622339e-02 
-3.647700e-03 
4.875720e-02 
-4.365021e-02 
7.979722e-02 
-4.889225e-02 
-3.679190e-02 
1.454388e-01 
-7.610744e-03 
2.463522e-02 
4.643682e-02 
-1.867728e-03 
3.254118e-02 
-5.969363e-02 
1.256272e-01 
-6.160840e-02 
-5.224770e-02 
2.629286e-01 
-3.162421e-02 
4.432958e-02 
-1.877046e-04 
-2.239444e-03 
-8.641155e-03 
1.114286e-02 
8.578805e-02 
-3.202638e-02 
-2.982428e-02 
1.852792e-01 
-1.576551e-02 
2.121001e-02 
7.926961e-03 
-8.280484e-04 
4.440420e-04 
-4.644973e-02 
3.623480e-02 
-1.455209e-02 
-8.362240e-03 
7.449879e-02 
7.677574e-04 
2.941709e-02 
4.328473e-02 
9.846710e-04 
9.765045e-02 
-1.858793e-01 
2.967625e-02 
1.021953e-02 
-1.329885e-02 
2.523166e-02 
2.188391e-02 
3.186994e-03 
9.120314e-02 
-7.873003e-03 
2.327466e-01 
-3.347809e-01 
5.730361e-02 
4.436331e-02 
-4.213786e-03 
-8.855322e-03 
1.858353e-02 
7.427878e-03 
9.057367e-02 
-1.321844e-02 
2.399133e-01 
-2.193511e-01 
3.972238e-02 
2.104339e-02 
4.670423e-03 
-5.934153e-02 
-2.984944e-02 
2.554244e-02 
5.531702e-03 
-2.802222e-03 
1.946821e-03 
-7.476383e-03 
2.859809e-03 
4.266665e-03 
-2.802349e-04 
-6.616343e-04 
7.317808e-04 
-2.201513e-03 
-2.042668e-01 
-4.955486e-03 
1.130790e-02 
3.040622e-03 
-2.881598e-03 
-5.231115e-03 
3.247112e-02 
-4.722624e-03 
-6.255828e-03 
-3.207544e-02 
5.014881e-01 
-3.717149e-01 
9.034180e-01 
-4.084259e-01 
1.822898e-01 
-8.516890e-02 
-3.069745e-01 
1.788884e-01 
-1.739789e-01 
4.385166e-02 
4.279409e-01 
-4.030583e-01 
2.326410e-01 
-1.464331e-01 
5.921298e-01 
-3.352603e-01 
-5.452713e-01 
1.173951e+00 
4.710210e-01 
-1.614558e-01 
-4.870419e-01 
-1.894609e-01 
-2.093275e+00 
6.839401e-01 
7.848406e-01 
-7.260693e-02 
-1.372829e-01 
5.539147e-01 
9.303058e-01 
1.757123e-02 
-4.528880e-01 
-1.399611e-01 
-3.323894e+00 
8.241236e-01 
-1.845025e-01 
1.903757e-01 
3.218425e-01 
-4.734831e-01 
1.991850e-01 
1.110449e+00 
7.089029e-02 
-1.537835e-01 
-1.600893e+00 
1.022164e+00 
-1.474247e+00 
-3.687268e-02 
2.661051e-01 
-9.708862e-01 
-1.142143e+00 
1.267686e+00 
2.411197e-01 
-3.691275e-01 
4.717213e-01 
1.009411e+00 
-1.253840e+00 
2.105755e-02 
-2.651965e-01 
-7.813197e-01 
-1.457337e+00 
1.798134e-02 
-2.218748e-01 
-7.683835e-01 
1.413501e+00 
5.230440e-01 
-6.126852e-01 
1.255659e+00 
-6.880074e-01 
-1.287364e+00 
-2.982902e-01 
-1.954064e+00 
4.608367e-01 
1.466733e-01 
1.992752e+00 
-6.555713e-01 
3.306533e-01 
6.557604e-01 
-4.644976e-01 
-6.874564e-01 
-2.009442e-01 
-1.057921e+00 
1.978217e-01 
-3.869648e-02 
2.954481e-02 
-3.485616e-01 
2.988722e-01 
4.436835e-02 
-5.083302e-02 
4.706720e-01 
-7.436701e-02 
3.684605e-01 
-7.613793e-02 
1.924560e-01 
4.692500e-02 
9.151321e-02 
-9.882396e-03 
-4.500427e-02 
2.083108e-01 
-2.390437e-02 
-7.695682e-02 
-1.527786e-01 
5.566638e-01 
-1.521285e+00 
1.529822e+00 
-1.737276e-02 
5.636268e-01 
1.663663e-02 
-9.001762e-01 
2.564527e-01 
-3.414283e-01 
-6.383292e-02 
-2.538269e-01 
-1.187306e+00 
-4.905912e-01 
5.446948e-01 
8.373943e-01 
2.127146e-01 
-7.739076e-01 
1.147775e+00 
9.039197e-01 
-4.457596e-01 
-8.293807e-01 
-4.705057e-01 
-2.156323e+00 
1.047930e+00 
9.152156e-02 
1.986000e-01 
-1.140609e-01 
-5.305823e-01 
9.350296e-01 
2.084187e-01 
-1.494819e-01 
-4.858128e-01 
-1.886864e+00 
2.259806e-01 
-6.644250e-01 
3.352287e-01 
1.214808e-01 
-1.924261e-01 
6.111667e-01 
6.715586e-01 
1.467078e-01 
-6.141145e-01 
2.071955e-02 
7.022333e-01 
-1.040063e+00 
6.823636e-01 
3.102724e-01 
-8.654114e-01 
-6.936336e-01 
5.201432e-01 
-2.044869e-01 
-6.041819e-01 
-4.727628e-01 
1.969576e+00 
-7.337007e-01 
-1.775839e+00 
1.301996e-01 
-1.219905e+00 
-1.455237e+00 
5.971749e-01 
-4.950492e-01 
-3.236122e-01 
-4.262596e-01 
8.964468e-01 
-4.497397e-01 
-4.823958e-01 
3.125535e-01 
-1.364287e+00 
-5.843017e-01 
-2.129010e+00 
5.016121e-02 
-3.841489e-02 
9.271170e-01 
2.772094e-01 
1.994563e-01 
1.477332e+00 
-4.093634e-01 
-7.463811e-01 
5.438410e-01 
-1.586060e+00 
4.028295e-01 
-3.603708e-01 
-8.764486e-02 
-7.063412e-01 
1.089109e+00 
8.961532e-02 
-2.970551e-01 
7.504847e-01 
8.451821e-02 
1.027462e+00 
-1.081873e-01 
-1.647838e-01 
2.710329e-02 
1.063953e-01 
-5.113215e-02 
-1.103985e-01 
3.912142e-01 
-5.465075e-02 
-2.357204e-01 
-3.393051e-01 
4.864229e-01 
-1.427237e+00 
1.282838e+00 
-7.337506e-02 
1.090687e+00 
3.753700e-01 
-1.024158e+00 
7.527359e-02 
-9.836473e-02 
-5.490399e-01 
-4.221739e-01 
-8.313622e-01 
-3.495342e-02 
6.686270e-01 
1.311913e+00 
6.872665e-01 
-8.235572e-01 
7.708231e-01 
5.994915e-01 
2.000481e-01 
-5.798530e-01 
-5.843630e-01 
-2.165231e+00 
9.668754e-01 
3.289140e-01 
6.259809e-01 
-3.226412e-01 
8.291389e-02 
8.625109e-01 
3.506829e-01 
2.167567e-01 
-1.448721e+00 
-1.008737e+00 
7.370960e-02 
-1.892556e+00 
8.642087e-01 
2.125099e-02 
-9.023250e-01 
6.729667e-01 
2.437450e-01 
-2.771743e-01 
-1.457122e+00 
-2.520031e-01 
-2.610447e-02 
-1.620720e+00 
5.635741e-01 
2.193307e-01 
-1.763843e+00 
2.618149e-01 
-2.487008e-01 
-9.744562e-01 
-1.348347e-01 
-8.737015e-01 
1.551749e+00 
-3.233192e-01 
-1.530842e+00 
3.359235e-02 
-1.556862e+00 
-7.879778e-01 
-2.964582e-02 
-5.186458e-01 
2.043147e-01 
-5.771119e-01 
1.663257e+00 
-7.057483e-01 
-1.212943e+00 
3.837612e-01 
-7.024676e-01 
-1.665905e+00 
-1.821871e+00 
4.864416e-01 
-8.088064e-01 
-1.041111e-01 
2.083864e-01 
2.086175e-02 
1.406495e+00 
4.368240e-01 
-4.401412e-01 
1.383024e-01 
-1.813243e+00 
4.819278e-01 
-7.969587e-01 
-1.675484e-01 
-4.503925e-01 
1.493539e+00 
2.247998e-01 
-5.244973e-01 
6.459950e-01 
3.725541e-01 
7.018131e-01 
-1.139715e-01 
-1.262313e-01 
3.488885e-01 
2.609866e-01 
-1.140942e-01 
-1.098042e-01 
6.433988e-01 
-8.153805e-02 
-3.715627e-01 
-6.427308e-01 
5.849537e-01 
-6.411051e-01 
1.244804e+00 
-4.098223e-01 
2.308730e+00 
1.785582e-01 
-1.203500e+00 
-7.284830e-01 
-3.007559e-01 
-1.049326e+00 
7.578542e-02 
-1.201935e-02 
1.448857e-01 
2.730684e-01 
2.210287e+00 
2.520522e-01 
-5.820397e-01 
3.299700e-01 
1.872272e-01 
8.287458e-01 
1.081664e-01 
1.367306e-01 
-2.418588e+00 
2.910876e-02 
1.089150e-01 
8.632173e-01 
5.298739e-01 
6.195966e-01 
1.047886e+00 
-1.671847e-01 
1.349036e-02 
-4.286971e-02 
-1.036069e+00 
-5.840897e-01 
-1.475463e+00 
1.670076e-01 
6.471077e-01 
-2.702365e+00 
1.668078e+00 
-9.278165e-01 
-8.281858e-01 
2.008269e-01 
4.757538e-01 
-7.619226e-01 
-9.932315e-01 
-6.643838e-01 
-4.708670e-01 
-2.071480e+00 
8.784604e-01 
-1.046025e+00 
-1.514788e+00 
9.149440e-01 
2.509035e-02 
4.805731e-01 
-3.892647e-01 
-1.639026e+00 
-4.268403e-01 
-1.678628e-01 
8.586517e-01 
-1.055539e-01 
-1.095785e+00 
8.621371e-01 
3.131775e-01 
1.430346e+00 
-6.565136e-01 
-5.273982e-01 
7.465404e-01 
6.713500e-01 
-9.861497e-01 
-1.311860e+00 
4.247611e-01 
-1.597448e+00 
-9.637682e-01 
8.015337e-01 
-1.021382e-01 
8.197012e-01 
1.197258e+00 
-4.628017e-01 
-1.023155e-01 
-1.944474e+00 
3.540162e-01 
-9.173056e-01 
-2.571802e-01 
-1.418395e-01 
1.785007e+00 
3.477651e-01 
-8.054645e-01 
4.663143e-01 
7.059418e-01 
1.218117e-01 
-1.696662e-01 
-2.207911e-02 
3.767524e-01 
3.002861e-02 
-7.308593e-01 
-1.612291e-01 
8.919147e-01 
-8.409399e-02 
-4.776902e-01 
-8.136564e-01 
5.365002e-01 
-9.790878e-01 
9.795831e-01 
-3.046600e-01 
3.210676e+00 
8.094238e-02 
-9.829010e-01 
-1.483820e+00 
-8.870104e-01 
-9.917014e-01 
1.142162e+00 
-8.618068e-02 
1.039358e+00 
-1.745737e-01 
3.034255e+00 
3.868738e-01 
-4.986456e-01 
4.522526e-01 
-1.260137e+00 
-7.620003e-02 
7.158809e-01 
1.711168e+00 
7.906382e-01 
-1.353096e+00 
7.233577e-01 
-5.564049e-01 
3.382772e-01 
1.308329e+00 
1.206446e+00 
5.405229e-02 
-8.065490e-01 
1.659945e+00 
-1.220219e-01 
-1.020970e+00 
7.195591e-01 
-1.461572e+00 
5.624117e-02 
-1.213741e+00 
1.706543e+00 
5.671714e-01 
-7.514357e-01 
1.251888e+00 
7.563336e-02 
-5.983267e-01 
-1.959598e-01 
-1.473344e+00 
5.427092e-01 
-1.454521e-01 
1.225303e+00 
-3.186387e-01 
-1.092705e+00 
7.605516e-01 
2.221638e-01 
1.355115e-01 
-1.344417e+00 
-1.566901e+00 
3.994939e-02 
5.953262e-01 
1.142188e+00 
1.273320e+00 
-9.224982e-01 
1.742450e-01 
3.783136e-01 
4.797507e-01 
-9.045049e-01 
-3.020992e-02 
5.947896e-01 
2.352736e-01 
-4.343951e-01 
7.250802e-02 
4.111068e-01 
-4.021779e-01 
-5.794806e-01 
6.252704e-01 
-1.184291e-01 
-8.941987e-02 
1.160223e+00 
-1.946834e-01 
-5.546935e-02 
-1.347041e+00 
5.455101e-02 
-5.884179e-01 
-4.842049e-01 
1.331833e-01 
1.756371e+00 
3.520880e-02 
-9.101756e-01 
1.012793e+00 
5.523455e-01 
-1.083040e-01 
-1.761101e-01 
-1.118288e-01 
2.429910e-01 
9.163853e-02 
-5.087619e-01 
2.623647e-01 
1.018396e+00 
-8.371458e-02 
-5.236311e-01 
-5.997893e-01 
3.512911e-01 
-1.046707e+00 
5.301919e-01 
-8.052456e-02 
2.062010e+00 
2.436459e-01 
-7.169613e-01 
-9.576497e-01 
-7.723565e-01 
-6.486678e-01 
1.149597e+00 
1.158903e-01 
2.281548e-01 
-2.042884e-02 
1.684180e+00 
6.754176e-01 
-1.806377e+00 
4.115895e-01 
-3.960692e-01 
3.749124e-01 
8.979974e-01 
7.651436e-02 
9.071079e-01 
-4.843862e-01 
-2.666987e-01 
-1.105047e+00 
-9.296875e-01 
1.171118e+00 
-1.071372e-01 
9.718490e-01 
-2.961185e-01 
-6.270735e-02 
-3.140057e-01 
-7.968056e-01 
2.308197e-01 
-1.451159e+00 
3.809842e-01 
-2.574547e-02 
3.183602e-01 
1.375157e+00 
-1.746915e-01 
-3.003364e-01 
7.183472e-02 
9.448876e-03 
-2.861660e-01 
-1.505484e+00 
5.927863e-02 
-2.597575e-03 
4.355192e-01 
1.733753e+00 
2.246525e-01 
-1.206157e+00 
2.349606e-01 
2.067102e-01 
-7.766140e-01 
-5.458150e-01 
-7.788915e-01 
-7.706644e-02 
-7.164778e-02 
1.179921e+00 
2.138958e-01 
-8.287250e-01 
4.722194e-01 
4.709663e-02 
-7.672610e-01 
5.864964e-01 
8.229199e-01 
-6.772660e-01 
-8.144159e-01 
-8.433448e-01 
2.133357e-01 
6.086728e-01 
1.123516e-01 
2.303364e-01 
-3.199176e-01 
-8.795066e-02 
6.687045e-01 
-5.818403e-01 
1.852643e-01 
-1.152504e+00 
-2.250302e-01 
-1.349047e-01 
-6.312647e-01 
2.641245e-01 
1.496335e+00 
-8.903695e-02 
-5.880635e-01 
6.518684e-01 
3.832072e-01 
3.760294e-02 
-2.090534e-01 
-1.126850e-01 
-1.380264e-01 
1.172360e-01 
-4.283351e-01 
-2.605268e-01 
1.231181e+00 
-5.109044e-02 
-3.136290e-01 
-2.563589e-01 
2.820384e-01 
-9.016912e-02 
3.716516e-01 
-1.196203e-02 
8.323187e-01 
3.784936e-01 
-4.057294e-01 
-3.488951e-01 
-2.875105e-01 
-4.168194e-01 
7.474589e-01 
7.531820e-03 
3.820244e-01 
2.247350e-02 
1.041139e+00 
5.258465e-01 
-2.506084e+00 
6.363217e-01 
5.407054e-01 
6.094057e-01 
1.638085e+00 
-9.201877e-01 
2.458678e-01 
-5.592177e-01 
6.161517e-01 
-1.286406e+00 
-8.820706e-01 
6.744551e-01 
-5.343959e-01 
6.939003e-01 
-1.706236e-01 
-7.629459e-01 
-1.077004e-01 
-4.142798e-01 
1.037757e+00 
-1.572505e+00 
-4.499426e-02 
-5.769069e-01 
3.177804e-01 
9.678372e-01 
1.043750e-01 
-1.086963e+00 
3.034918e-01 
-5.399698e-02 
-7.175721e-01 
-6.385680e-01 
-5.399676e-02 
7.106308e-01 
-1.086864e-01 
1.407116e+00 
8.657288e-01 
-1.093060e+00 
2.296889e-01 
-3.521236e-01 
-8.791164e-01 
6.567319e-01 
1.354551e-01 
8.327710e-01 
-1.073307e-01 
5.162724e-01 
4.726759e-01 
-1.175476e+00 
4.131883e-01 
-1.182183e-01 
-4.417898e-02 
2.906897e-01 
1.088769e+00 
-9.359762e-01 
-7.050825e-01 
-1.029225e+00 
-3.165169e-01 
-6.898174e-01 
5.416607e-01 
2.955576e-01 
-2.180238e-01 
2.105206e-02 
1.404249e-01 
-1.492797e+00 
3.197298e-03 
-9.704266e-01 
-3.370666e-01 
-4.806491e-02 
-6.189335e-01 
3.244749e-01 
8.720242e-01 
-1.241188e-01 
-2.512201e-01 
-1.234708e-01 
1.451024e-01 
2.340366e-01 
-8.396521e-02 
-2.593368e-02 
-1.282707e-01 
4.855164e-02 
-9.215796e-02 
-1.251419e-01 
4.664931e-01 
-3.926170e-01 
-8.888655e-02 
-4.209238e-02 
-3.141078e-01 
5.288727e-01 
-8.780395e-01 
2.557625e-01 
-8.782321e-01 
1.333456e+00 
-6.458090e-01 
-5.274372e-03 
1.327516e+00 
4.234437e-01 
5.491312e-01 
-1.078910e+00 
-6.131197e-01 
1.175016e-01 
3.528869e-01 
1.803285e+00 
-3.082206e+00 
7.519023e-01 
1.113252e+00 
-3.364430e-01 
1.227308e+00 
-9.409498e-01 
-7.636041e-01 
1.501932e-01 
1.407820e+00 
-1.225100e+00 
-1.456389e+00 
3.937429e-01 
-8.706241e-01 
-2.488724e-01 
4.570314e-01 
-4.114751e-01 
-1.116723e+00 
8.391090e-01 
3.568388e-01 
-1.604158e+00 
4.385665e-01 
-3.770695e-01 
-1.274214e+00 
-2.174503e-01 
8.098256e-01 
-3.433633e-01 
-4.557829e-01 
-3.239483e-01 
-1.246387e+00 
7.360474e-02 
1.220480e+00 
6.642727e-01 
-1.002416e+00 
1.605895e-01 
1.083086e+00 
-4.612754e-01 
9.071695e-01 
-1.067137e+00 
-4.174118e-01 
7.778621e-01 
9.002727e-01 
2.549563e-02 
-7.987577e-01 
-5.520224e-01 
9.885701e-02 
-8.527338e-01 
1.907431e+00 
-5.731429e-02 
3.508291e-01 
3.390034e-01 
3.034130e-01 
-1.184242e+00 
-8.903980e-01 
-1.414492e+00 
-6.367004e-01 
-7.398753e-01 
1.283762e+00 
9.132333e-01 
3.908439e-01 
1.540275e-01 
-7.059326e-01 
-1.083475e+00 
-5.304282e-01 
-6.285311e-01 
-1.476281e-01 
-1.452555e-02 
-2.187664e-01 
7.039684e-02 
3.187084e-01 
-3.434340e-02 
-4.039244e-02 
-2.845829e-01 
-1.683935e-02 
1.549279e-01 
-1.976220e-03 
-5.263416e-03 
9.389444e-03 
5.554613e-03 
8.126251e-05 
-2.471193e-03 
1.106511e-02 
7.160866e-04 
-2.309042e-01 
-2.663588e-03 
-2.150618e-01 
-1.334479e-01 
-3.292797e-01 
1.255806e-01 
-1.559705e-01 
6.097601e-01 
-8.133200e-02 
-2.402225e-02 
6.703430e-01 
1.956464e-02 
-2.719959e-01 
-2.640879e-01 
-5.709396e-01 
1.353620e-01 
-5.581775e-02 
1.316178e+00 
-2.444077e-01 
-9.794876e-02 
1.114172e+00 
-3.912410e-01 
7.366465e-02 
-7.441647e-02 
-1.135545e-01 
6.289088e-02 
8.951993e-02 
3.544651e-01 
-1.984908e-01 
-6.111435e-02 
2.426181e-01 
-3.142059e-01 
1.609420e-01 
-3.306883e-02 
-5.948919e-02 
1.349355e-01 
-1.059268e-01 
-1.800269e-02 
1.576483e-01 
-1.036592e-01 
-2.719844e-01 
-2.002217e-01 
1.345726e-01 
-2.344310e-02 
5.694403e-02 
1.590242e-01 
-1.750524e-01 
3.351354e-02 
1.548179e-01 
-5.809606e-02 
-3.315919e-01 
-1.377833e-01 
-4.029256e-02 
-8.645663e-02 
5.668800e-01 
2.661680e-01 
8.036375e-03 
2.767597e-02 
-2.406491e-01 
-6.463228e-02 
-2.749237e-01 
-2.320211e-01 
-2.107371e-01 
-1.374316e-01 
7.988583e-01 
3.822576e-01 
-1.454333e-02 
-4.961650e-02 
-4.218910e-01 
-9.448815e-02 
-3.486104e-01 
-2.149625e-01 
-7.454918e-02 
-5.952619e-02 
2.646676e-01 
1.724727e-01 
-1.787119e-02 
-2.877088e-02 
-9.288007e-02 
-4.590989e-02 
-1.746822e-01 
-2.849731e-02 
-2.915929e-03 
-1.846046e-04 
4.375556e-03 
4.708865e-03 
-1.175376e-03 
5.172869e-03 
8.354545e-04 
-1.174669e-02 
-1.465243e-03 
3.137903e-03 
-1.741695e+00 
-9.106902e-01 
-1.297953e+00 
-3.023280e-02 
-5.177445e-01 
1.021829e+00 
-9.288987e-01 
-6.185137e-01 
-4.449201e-01 
4.304595e-01 
-2.220225e+00 
-2.499130e+00 
1.674600e+00 
-1.905826e+00 
-2.973290e+00 
-1.614210e+00 
-2.141976e-01 
-2.125606e+00 
-2.361783e+00 
3.421148e+00 
6.461034e+00 
-2.164124e+00 
-3.488815e+00 
-5.853548e-01 
-4.421091e-01 
-1.241898e+00 
-9.779369e-01 
-2.771752e+00 
-6.608648e-01 
-1.151499e+00 
4.533921e-01 
5.536862e+00 
2.743814e+00 
-2.214374e+00 
-3.588991e+00 
-2.969939e+00 
-2.181480e-01 
-3.790089e+00 
-3.975954e+00 
-3.843321e+00 
-2.956013e+00 
1.985981e+00 
-6.630784e+00 
-1.995620e-01 
-1.079729e+00 
9.413699e-01 
-1.097193e+00 
2.242892e-01 
-2.572606e+00 
1.658088e+00 
-6.897987e-01 
-9.215522e-01 
6.531364e-01 
-6.119174e+00 
-1.155824e+00 
-2.561663e+00 
6.868918e-01 
2.159181e+00 
5.389656e+00 
-2.201139e-01 
-1.593806e+00 
-9.217466e-01 
-1.117284e-01 
-2.023327e+00 
5.984979e+00 
-1.702207e+00 
-3.894662e-01 
-4.736069e+00 
-1.756411e+00 
1.822550e+00 
1.119533e+00 
-2.424545e+00 
-5.117039e-01 
-2.286061e+00 
-6.603785e-01 
5.313821e+00 
-2.176101e+00 
-3.378995e+00 
-2.215941e+00 
-3.306589e+00 
-8.821920e-02 
-9.613586e-01 
-1.998575e+00 
-1.786962e+00 
-3.728321e-01 
-1.466500e+00 
6.843610e+00 
-2.104319e+00 
-4.197260e+00 
-1.798704e+00 
8.570041e-01 
-3.348157e+00 
-1.259922e-01 
1.088540e-01 
4.013645e+00 
-1.566512e+00 
-1.437520e+00 
3.352122e+00 
-1.837186e+00 
-4.322304e+00 
-1.340220e+00 
-2.990825e+00 
-1.147269e+00 
4.758408e+00 
-1.736073e+00 
-3.487954e+00 
1.227776e+00 
-5.829647e+00 
4.743511e+00 
-3.365197e+00 
-2.007160e+00 
-2.449293e+00 
-9.886241e-01 
-9.074545e-01 
-4.090148e+00 
-1.095762e+00 
-3.324314e+00 
-1.859329e+00 
-3.490433e+00 
-2.537785e+00 
