-3.791687e+00 
-7.025338e-01 
4.387597e-01 
4.153544e-01 
-1.958092e+00 
-3.653044e+00 
-5.295674e-01 
-3.443219e+00 
1.576473e+00 
2.173267e+00 
-5.039870e+00 
-5.690577e-01 
-2.941359e-01 
-2.662434e-01 
-1.566022e+00 
-2.137297e+00 
-4.687030e-01 
-2.412624e+00 
1.024415e+00 
1.085399e+00 
-3.048538e-01 
-6.966398e-01 
-2.874475e-01 
-4.627198e-01 
4.864781e+00 
6.104519e-01 
-1.992085e+00 
-6.912881e-01 
7.611145e-01 
7.584634e-01 
-3.209705e-01 
-7.309674e-01 
-3.024717e-01 
-5.058768e-01 
4.835364e+00 
6.161441e-01 
-1.970085e+00 
-7.256478e-01 
7.262396e-01 
7.638462e-01 
-4.207811e-01 
-4.786628e-01 
-4.577695e-01 
-3.721392e-01 
2.466483e+00 
6.943619e-01 
7.650648e+00 
-9.445990e-01 
4.998914e-01 
8.109346e-01 
-3.605674e-01 
-2.492860e-01 
-2.641393e-01 
-3.283089e-01 
3.330580e-01 
3.720164e-01 
7.399584e+00 
-6.338288e-01 
1.662119e-01 
4.228982e-01 
-3.354754e-01 
-7.671534e-01 
7.407948e-02 
-4.696261e-01 
-8.775567e-01 
6.097302e-01 
3.131476e-02 
9.195325e+00 
1.464481e+00 
7.121211e-01 
-3.259567e-01 
1.328709e+01 
7.554440e+00 
8.000771e+00 
-1.151404e+00 
7.303673e-01 
-3.922785e-01 
9.612274e+00 
2.801129e+00 
3.058493e-01 
1.761371e+01 
1.438351e-01 
-1.027599e+01 
-9.222657e+00 
-5.283423e-01 
8.244706e-01 
6.663901e+00 
6.788995e-01 
-4.081489e+00 
-8.288240e+00 
-7.758054e-01 
9.072374e+00 
-9.967267e-01 
1.045759e+01 
-1.145179e+01 
1.205124e+01 
-2.333238e+01 
-7.910201e-01 
-3.288831e+00 
-2.014835e+01 
-7.206947e+00 
1.115954e+01 
-6.120634e-01 
-1.600970e+00 
1.137054e+01 
-5.366430e+00 
1.021841e+01 
-3.749179e-01 
-1.831709e+00 
1.102133e+01 
-4.336207e-01 
-7.280275e+00 
-1.140228e+00 
2.547370e+00 
8.494083e+00 
-6.548283e-01 
1.241792e+01 
-5.479072e-01 
-7.682058e+00 
-1.081178e+01 
-1.784611e+00 
-8.649424e+00 
-1.809076e+00 
-8.143285e+00 
1.022312e+01 
3.044968e-01 
-8.466060e+00 
-8.120612e-01 
4.824855e+00 
9.225158e+00 
1.004040e+00 
1.779289e+01 
-1.495055e+00 
-1.405363e+01 
-8.124168e+00 
-6.333497e-01 
-8.617107e+00 
-1.063566e+00 
-1.069126e+01 
8.260398e+00 
-4.536678e+00 
1.903096e-01 
-1.838754e+00 
2.380694e+00 
-1.071746e+01 
