TRM WS=0, MS=0, TRMstep=1: ub=0.800000, lb=0.200000, grow=2.000000,shrink=0.500000, b_w=20,b_m=1000, lr=1.000000, lambda=0.000000e+00, n=145, n0=8, n1=10, n2=5, sub_tol=0.001000, sub_maxit=20, tol=1.000000e-08, m=10368 
time, iter_t, subset_m_time, g_time, subset_w_time, p1_time, t2, t3, total error, total gmag, rho, sigma, gamma, step, approx error, approx gmag, train accuracy, test accuracy 
6.545433e-01, 6.545433e-01, 0, 1.431373e-02, 0, 5.793708e-01, 5.586403e-02, 4.994702e-03, 5.812685e-01, 3.175270e-05, 8.026959e-01, -0.251428, 2.000000e+00, 1, 0.581268, 3.175270e-05, 0.313272, 0.307870 
2.093925e+00, 1.439381e+00, 0, 1.234956e-02, 0, 1.324649e+00, 9.945694e-02, 2.925264e-03, 3.794483e-01, 1.058808e-05, 1.187699e+00, -0.024989, 2.000000e+00, 0, 0.379448, 1.058808e-05, 0.000000, 0.000000 
3.568702e+00, 1.474777e+00, 0, 1.154272e-02, 0, 1.349469e+00, 1.135677e-01, 1.979919e-04, 3.497691e-01, 2.891824e-06, 1.240662e+00, -0.004960, 2.000000e+00, 0, 0.349769, 2.891824e-06, 0.000000, 0.000000 
4.770400e+00, 1.201698e+00, 0, 1.101902e-02, 0, 1.084575e+00, 1.058245e-01, 2.790548e-04, 3.436157e-01, 1.027942e-06, 1.296933e+00, -0.002188, 2.000000e+00, 0, 0.343616, 1.027942e-06, 0.000000, 0.000000 
5.735858e+00, 9.654581e-01, 0, 1.217285e-02, 0, 8.929864e-01, 5.815158e-02, 2.147293e-03, 3.407778e-01, 5.801460e-07, 3.485777e-02, -0.033751, 1.000000e+00, 1, 0.340778, 5.801460e-07, 0.000000, 0.000000 
6.699315e+00, 9.634569e-01, 0, 1.201335e-02, 0, 8.935848e-01, 5.767803e-02, 1.807879e-04, 3.407778e-01, 5.801460e-07, 5.636976e-01, -0.009533, 1.000000e+00, 1, 0.340778, 5.801460e-07, 0.000000, 0.000000 
7.403441e+00, 7.041261e-01, 0, 1.252947e-02, 0, 6.001824e-01, 9.020672e-02, 1.207488e-03, 3.354042e-01, 2.425589e-06, 6.597946e-01, -0.017880, 1.000000e+00, 1, 0.335404, 2.425589e-06, 0.000000, 0.000000 
8.125930e+00, 7.224889e-01, 0, 1.312141e-02, 0, 6.044228e-01, 1.047383e-01, 2.064481e-04, 3.236070e-01, 2.419592e-06, 4.545538e-01, -0.017734, 1.000000e+00, 1, 0.323607, 2.419592e-06, 0.000000, 0.000000 
8.845214e+00, 7.192840e-01, 0, 1.162903e-02, 0, 6.019005e-01, 1.054066e-01, 3.478708e-04, 3.155458e-01, 3.350571e-06, 2.853855e-01, -0.015957, 1.000000e+00, 1, 0.315546, 3.350571e-06, 0.000000, 0.000000 
9.558913e+00, 7.136991e-01, 0, 1.233265e-02, 0, 6.112452e-01, 8.995274e-02, 1.685409e-04, 3.109920e-01, 5.424892e-06, 2.474368e-01, -0.025068, 1.000000e+00, 1, 0.310992, 5.424892e-06, 0.000000, 0.000000 
1.025953e+01, 7.006121e-01, 0, 1.286306e-02, 0, 6.010368e-01, 8.660438e-02, 1.078895e-04, 3.047893e-01, 1.511645e-06, -5.118310e-01, -0.014488, 5.000000e-01, 1, 0.304789, 1.511645e-06, 0.532793, 0.524306 
1.095677e+01, 6.972425e-01, 0, 1.296307e-02, 0, 5.963798e-01, 8.779262e-02, 1.070147e-04, 3.047893e-01, 1.511645e-06, 6.815894e-01, -0.007263, 5.000000e-01, 1, 0.304789, 1.511645e-06, 0.000000, 0.000000 
1.227317e+01, 1.316397e+00, 0, 1.237697e-02, 0, 1.126108e+00, 1.776631e-01, 2.490207e-04, 2.998390e-01, 2.655800e-06, 9.772167e-01, -0.004446, 1.000000e+00, 1, 0.299839, 2.655800e-06, 0.000000, 0.000000 
1.383878e+01, 1.565616e+00, 0, 1.208538e-02, 0, 1.409745e+00, 1.436374e-01, 1.487126e-04, 2.954948e-01, 6.937216e-07, 9.557502e-01, -0.006393, 2.000000e+00, 1, 0.295495, 6.937216e-07, 0.000000, 0.000000 
1.700916e+01, 3.170376e+00, 0, 1.243966e-02, 0, 3.016256e+00, 1.415939e-01, 8.631162e-05, 2.893850e-01, 1.023025e-06, 1.091509e+00, -0.010340, 4.000000e+00, 1, 0.289385, 1.023025e-06, 0.000000, 0.000000 
1.874963e+01, 1.740476e+00, 0, 1.248836e-02, 0, 1.642534e+00, 8.539602e-02, 5.802707e-05, 2.780988e-01, 1.082797e-06, 6.030479e-01, -0.057788, 4.000000e+00, 1, 0.278099, 1.082797e-06, 0.000000, 0.000000 
2.098463e+01, 2.234994e+00, 0, 1.208188e-02, 0, 2.121818e+00, 1.008096e-01, 2.843035e-04, 2.432498e-01, 2.471797e-06, 1.020264e+00, -0.001927, 4.000000e+00, 0, 0.243250, 2.471797e-06, 0.000000, 0.000000 
2.244659e+01, 1.461961e+00, 0, 1.198769e-02, 0, 1.350844e+00, 9.889416e-02, 2.350242e-04, 2.412833e-01, 1.910265e-06, 9.737260e-01, -0.000618, 4.000000e+00, 0, 0.241283, 1.910265e-06, 0.000000, 0.000000 
2.418973e+01, 1.743141e+00, 0, 1.152902e-02, 0, 1.645412e+00, 8.601886e-02, 1.807879e-04, 2.406815e-01, 1.885822e-06, 1.005786e+00, -0.000490, 4.000000e+00, 0, 0.240681, 1.885822e-06, 0.000000, 0.000000 
2.688990e+01, 2.700171e+00, 0, 1.228862e-02, 0, 2.619556e+00, 6.826141e-02, 6.415053e-05, 2.401890e-01, 1.604195e-06, -8.130552e-02, -0.117827, 2.000000e+00, 1, 0.240189, 1.604195e-06, 0.000000, 0.000000 
2.859216e+01, 1.702260e+00, 0, 1.195008e-02, 0, 1.620418e+00, 6.977041e-02, 1.218860e-04, 2.401890e-01, 1.604195e-06, 2.298894e-01, -0.038929, 2.000000e+00, 1, 0.240189, 1.604195e-06, 0.660301, 0.657793 
2.926387e+01, 6.717056e-01, 0, 1.227287e-02, 0, 5.729453e-01, 8.620198e-02, 2.854698e-04, 2.312397e-01, 7.786436e-06, 9.145906e-01, -0.010276, 2.000000e+00, 0, 0.231240, 7.786436e-06, 0.000000, 0.000000 
2.991825e+01, 6.543887e-01, 0, 1.208713e-02, 0, 5.730071e-01, 6.912365e-02, 1.708737e-04, 2.218416e-01, 3.975427e-06, -2.260433e-01, -0.093340, 1.000000e+00, 1, 0.221842, 3.975427e-06, 0.000000, 0.000000 
3.057671e+01, 6.584515e-01, 0, 1.206176e-02, 0, 5.754358e-01, 7.075278e-02, 2.011994e-04, 2.218416e-01, 3.975427e-06, 1.318017e-01, -0.036741, 5.000000e-01, 1, 0.221842, 3.975427e-06, 0.000000, 0.000000 
3.123970e+01, 6.629922e-01, 0, 1.166723e-02, 0, 5.816747e-01, 6.938055e-02, 2.697238e-04, 2.218416e-01, 3.975427e-06, 8.154826e-01, -0.016486, 1.000000e+00, 1, 0.221842, 3.975427e-06, 0.000000, 0.000000 
3.273944e+01, 1.499739e+00, 0, 1.203435e-02, 0, 1.385148e+00, 1.022335e-01, 3.233770e-04, 2.083978e-01, 2.951238e-06, 9.528365e-01, -0.019254, 2.000000e+00, 1, 0.208398, 2.951238e-06, 0.000000, 0.000000 
3.559511e+01, 2.855673e+00, 0, 1.228133e-02, 0, 2.715606e+00, 1.275648e-01, 2.210277e-04, 1.900515e-01, 1.892745e-06, 9.566768e-01, -0.034323, 4.000000e+00, 1, 0.190052, 1.892745e-06, 0.000000, 0.000000 
4.138119e+01, 5.786077e+00, 0, 1.164215e-02, 0, 5.590176e+00, 1.841697e-01, 8.922755e-05, 1.572159e-01, 1.497010e-06, 3.405261e-01, -0.043771, 4.000000e+00, 1, 0.157216, 1.497010e-06, 0.000000, 0.000000 
4.236466e+01, 9.834693e-01, 0, 1.310100e-02, 0, 8.686422e-01, 1.014118e-01, 3.143376e-04, 1.423109e-01, 4.583733e-06, 9.411685e-01, -0.005356, 4.000000e+00, 0, 0.142311, 4.583733e-06, 0.000000, 0.000000 
4.726225e+01, 4.897597e+00, 0, 1.284702e-02, 0, 4.719532e+00, 1.648324e-01, 3.863611e-04, 1.372696e-01, 3.620278e-06, 1.016326e+00, -0.002026, 4.000000e+00, 0, 0.137270, 3.620278e-06, 0.000000, 0.000000 
4.868031e+01, 1.418060e+00, 0, 1.538330e-02, 0, 1.273619e+00, 1.287694e-01, 2.886774e-04, 1.352101e-01, 2.835617e-06, 1.002016e+00, -0.000988, 4.000000e+00, 0, 0.135210, 2.835617e-06, 0.890721, 0.891975 
1.170375e+02, 6.835724e+01, 0, 1.829311e-02, 0, 6.816070e+01, 1.767819e-01, 1.460882e-03, 1.342202e-01, 2.670294e-06, 9.889928e-01, -0.000897, 4.000000e+00, 0, 0.134220, 2.670294e-06, 0.000000, 0.000000 
1.187927e+02, 1.755178e+00, 0, 1.487272e-02, 0, 1.612962e+00, 1.271618e-01, 1.816626e-04, 1.333333e-01, 2.635789e-06, 1.008435e+00, -0.000807, 4.000000e+00, 0, 0.133333, 2.635789e-06, 0.000000, 0.000000 
1.393181e+02, 2.052538e+01, 0, 1.201306e-02, 0, 2.031505e+01, 1.980225e-01, 2.907185e-04, 1.325191e-01, 2.404415e-06, 1.143623e-01, -0.012233, 2.000000e+00, 0, 0.132519, 2.404415e-06, 0.000000, 0.000000 
1.435499e+02, 4.231789e+00, 0, 1.292371e-02, 0, 4.048938e+00, 1.697359e-01, 1.921600e-04, 1.325191e-01, 2.404415e-06, 1.672656e-01, -0.027051, 1.000000e+00, 1, 0.132519, 2.404415e-06, 0.000000, 0.000000 
1.451221e+02, 1.572164e+00, 0, 1.370255e-02, 0, 1.403868e+00, 1.544873e-01, 1.058484e-04, 1.325191e-01, 2.404415e-06, 7.925524e-01, -0.014794, 1.000000e+00, 1, 0.132519, 2.404415e-06, 0.000000, 0.000000 
1.470254e+02, 1.903377e+00, 0, 1.282923e-02, 0, 1.668218e+00, 2.221862e-01, 1.431723e-04, 1.207940e-01, 2.132145e-06, 9.999048e-01, -0.010103, 2.000000e+00, 1, 0.120794, 2.132145e-06, 0.000000, 0.000000 
1.501895e+02, 3.164075e+00, 0, 1.246532e-02, 0, 2.942300e+00, 2.092074e-01, 1.020577e-04, 1.106920e-01, 8.325414e-07, 1.003385e+00, -0.014395, 4.000000e+00, 1, 0.110692, 8.325414e-07, 0.000000, 0.000000 
1.566499e+02, 6.460346e+00, 0, 1.223321e-02, 0, 6.257251e+00, 1.907959e-01, 6.590009e-05, 9.624850e-02, 6.304513e-07, -2.409299e+00, -0.008422, 2.000000e+00, 1, 0.096248, 6.304513e-07, 0.000000, 0.000000 
1.612986e+02, 4.648699e+00, 0, 1.235510e-02, 0, 4.437364e+00, 1.988002e-01, 1.804963e-04, 9.624850e-02, 6.304513e-07, 1.007895e+00, -0.010426, 4.000000e+00, 1, 0.096248, 6.304513e-07, 0.000000, 0.000000 
1.683097e+02, 7.011184e+00, 0, 1.314503e-02, 0, 6.832896e+00, 1.650791e-01, 6.356734e-05, 8.574000e-02, 5.061204e-07, -3.629973e+00, -0.009756, 2.000000e+00, 1, 0.085740, 5.061204e-07, 0.911169, 0.912809 
1.742429e+02, 5.933113e+00, 0, 1.304705e-02, 0, 5.733907e+00, 1.860252e-01, 1.344245e-04, 8.574000e-02, 5.061204e-07, 1.000729e+00, -0.007982, 4.000000e+00, 1, 0.085740, 5.061204e-07, 0.000000, 0.000000 
1.827133e+02, 8.470494e+00, 0, 1.410058e-02, 0, 8.259247e+00, 1.969459e-01, 2.003246e-04, 7.775227e-02, 5.132413e-07, 1.005903e+00, -0.000047, 4.000000e+00, 0, 0.077752, 5.132413e-07, 0.000000, 0.000000 
1.923001e+02, 9.586778e+00, 0, 1.256563e-02, 0, 9.408411e+00, 1.657702e-01, 3.120048e-05, 7.770549e-02, 4.917481e-07, 6.048278e-01, -0.013031, 4.000000e+00, 1, 0.077705, 4.917481e-07, 0.000000, 0.000000 
1.938002e+02, 1.500052e+00, 0, 1.345499e-02, 0, 1.337855e+00, 1.486700e-01, 7.114877e-05, 6.982420e-02, 4.123600e-06, 1.053027e+00, -0.002483, 4.000000e+00, 0, 0.069824, 4.123600e-06, 0.000000, 0.000000 
1.974917e+02, 3.691506e+00, 0, 1.293945e-02, 0, 3.444040e+00, 2.345180e-01, 8.164613e-06, 6.720996e-02, 5.017649e-07, -8.980964e-01, -0.008759, 2.000000e+00, 1, 0.067210, 5.017649e-07, 0.000000, 0.000000 
2.009333e+02, 3.441570e+00, 0, 1.214807e-02, 0, 3.193676e+00, 2.357118e-01, 3.469960e-05, 6.720996e-02, 5.017649e-07, 5.024747e-01, -0.004430, 2.000000e+00, 1, 0.067210, 5.017649e-07, 0.000000, 0.000000 
2.043703e+02, 3.437092e+00, 0, 1.228891e-02, 0, 3.211153e+00, 2.134903e-01, 1.597931e-04, 6.498416e-02, 1.588357e-06, 3.104526e-01, -0.006190, 2.000000e+00, 1, 0.064984, 1.588357e-06, 0.000000, 0.000000 
2.056383e+02, 1.267943e+00, 0, 1.204455e-02, 0, 1.129073e+00, 1.267579e-01, 6.706646e-05, 6.306243e-02, 3.176531e-06, 1.000823e+00, -0.002474, 2.000000e+00, 0, 0.063062, 3.176531e-06, 0.000000, 0.000000 
2.109031e+02, 5.264819e+00, 0, 1.223992e-02, 0, 5.057611e+00, 1.948359e-01, 1.320918e-04, 6.058598e-02, 5.200142e-07, 7.001556e-01, -0.004844, 2.000000e+00, 1, 0.060586, 5.200142e-07, 0.000000, 0.000000 
2.163970e+02, 5.493855e+00, 0, 1.249711e-02, 0, 5.283890e+00, 1.974200e-01, 4.811290e-05, 5.719450e-02, 1.393715e-06, 9.056875e-01, -0.004902, 4.000000e+00, 1, 0.057195, 1.393715e-06, 0.941744, 0.938272 
2.204438e+02, 4.046855e+00, 0, 1.333194e-02, 0, 3.889840e+00, 1.436435e-01, 3.965669e-05, 5.275520e-02, 4.375470e-07, 9.968996e-01, -0.000040, 4.000000e+00, 0, 0.052755, 4.375470e-07, 0.000000, 0.000000 
2.251069e+02, 4.663093e+00, 0, 1.255280e-02, 0, 4.490511e+00, 1.600203e-01, 9.330986e-06, 5.271552e-02, 3.222513e-07, -2.066975e-01, -0.010141, 2.000000e+00, 1, 0.052716, 3.222513e-07, 0.000000, 0.000000 
2.297723e+02, 4.665365e+00, 0, 1.589650e-02, 0, 4.484827e+00, 1.646103e-01, 3.149208e-05, 5.271552e-02, 3.222513e-07, 6.429040e-01, -0.004353, 2.000000e+00, 1, 0.052716, 3.222513e-07, 0.000000, 0.000000 
2.333564e+02, 3.584114e+00, 0, 1.290300e-02, 0, 3.429608e+00, 1.415388e-01, 6.415053e-05, 4.991673e-02, 1.179138e-06, 7.020569e-01, -0.001323, 2.000000e+00, 0, 0.049917, 1.179138e-06, 0.000000, 0.000000 
2.412406e+02, 7.884228e+00, 0, 1.276479e-02, 0, 7.603236e+00, 2.681553e-01, 7.202355e-05, 4.898757e-02, 6.017758e-07, 9.589256e-01, -0.003918, 4.000000e+00, 1, 0.048988, 6.017758e-07, 0.000000, 0.000000 
2.446807e+02, 3.440117e+00, 0, 1.192238e-02, 0, 3.218292e+00, 2.098428e-01, 5.948503e-05, 4.523054e-02, 2.709943e-07, 1.003199e+00, -0.000018, 4.000000e+00, 0, 0.045231, 2.709943e-07, 0.000000, 0.000000 
2.494147e+02, 4.733955e+00, 0, 1.258400e-02, 0, 4.523240e+00, 1.981199e-01, 1.108055e-05, 4.521198e-02, 2.422226e-07, -2.212341e+00, -0.005906, 2.000000e+00, 1, 0.045212, 2.422226e-07, 0.000000, 0.000000 
2.539802e+02, 4.565512e+00, 0, 1.239651e-02, 0, 4.361013e+00, 1.920687e-01, 3.411642e-05, 4.521198e-02, 2.422226e-07, 7.651929e-01, -0.003224, 2.000000e+00, 1, 0.045212, 2.422226e-07, 0.000000, 0.000000 
2.576638e+02, 3.683589e+00, 0, 1.253035e-02, 0, 3.470509e+00, 2.004751e-01, 7.464789e-05, 4.274527e-02, 5.647446e-07, 9.229874e-01, -0.003417, 4.000000e+00, 1, 0.042745, 5.647446e-07, 0.000000, 0.000000 
2.602518e+02, 2.588056e+00, 0, 1.297590e-02, 0, 2.446168e+00, 1.288338e-01, 7.756382e-05, 3.959182e-02, 4.722034e-07, 9.752212e-01, -0.000278, 4.000000e+00, 0, 0.039592, 4.722034e-07, 0.959684, 0.955633 
2.632960e+02, 3.044117e+00, 0, 1.375008e-02, 0, 2.932938e+00, 9.742045e-02, 9.039393e-06, 3.932030e-02, 2.933757e-07, -1.604404e+00, -0.014581, 2.000000e+00, 1, 0.039320, 2.933757e-07, 0.000000, 0.000000 
2.656100e+02, 2.314039e+00, 0, 1.277179e-02, 0, 2.203442e+00, 9.781702e-02, 8.164613e-06, 3.932030e-02, 2.933757e-07, -3.715866e-01, -0.005262, 1.000000e+00, 1, 0.039320, 2.933757e-07, 0.000000, 0.000000 
2.676342e+02, 2.024230e+00, 0, 1.222884e-02, 0, 1.915051e+00, 9.691949e-02, 3.032570e-05, 3.932030e-02, 2.933757e-07, 7.856207e-01, -0.002219, 1.000000e+00, 1, 0.039320, 2.933757e-07, 0.000000, 0.000000 
2.718989e+02, 4.264670e+00, 0, 1.223905e-02, 0, 3.986642e+00, 2.657529e-01, 3.644916e-05, 3.757714e-02, 5.664497e-07, 9.960784e-01, -0.001941, 2.000000e+00, 1, 0.037577, 5.664497e-07, 0.000000, 0.000000 
2.766592e+02, 4.760277e+00, 0, 1.256330e-02, 0, 4.442962e+00, 3.047182e-01, 3.382482e-05, 3.564395e-02, 1.967651e-07, 9.664399e-01, -0.003191, 4.000000e+00, 1, 0.035644, 1.967651e-07, 0.000000, 0.000000 
2.866339e+02, 9.974682e+00, 0, 1.265048e-02, 0, 9.636093e+00, 3.258614e-01, 7.668904e-05, 3.256003e-02, 2.980121e-07, 9.801342e-01, -0.004814, 8.000000e+00, 1, 0.032560, 2.980121e-07, 0.000000, 0.000000 
2.961167e+02, 9.482860e+00, 0, 1.338238e-02, 0, 9.164879e+00, 3.045651e-01, 3.265845e-05, 2.784165e-02, 2.360196e-07, 1.005867e+00, -0.001815, 4.000000e+00, 1, 0.027842, 2.360196e-07, 0.000000, 0.000000 
3.040342e+02, 7.917469e+00, 0, 1.205476e-02, 0, 7.600078e+00, 3.052979e-01, 3.878191e-05, 2.601562e-02, 9.168849e-08, 1.005253e+00, -0.001483, 4.000000e+00, 1, 0.026016, 9.168849e-08, 0.000000, 0.000000 
3.109074e+02, 6.873225e+00, 0, 1.204193e-02, 0, 6.559523e+00, 3.016270e-01, 3.265845e-05, 2.452489e-02, 7.262666e-08, 1.005242e+00, -0.001242, 4.000000e+00, 1, 0.024525, 7.262666e-08, 0.000000, 0.000000 
3.136582e+02, 2.750786e+00, 0, 1.259275e-02, 0, 2.430094e+00, 3.080599e-01, 3.907350e-05, 2.327636e-02, 5.793554e-08, 1.000343e+00, -0.000281, 1.000000e+00, 1, 0.023276, 5.793554e-08, 0.000000, 0.000000 
3.174329e+02, 3.774733e+00, 0, 1.274175e-02, 0, 3.458332e+00, 3.036137e-01, 4.519696e-05, 2.299492e-02, 5.334134e-08, 1.001011e+00, -0.000529, 2.000000e+00, 1, 0.022995, 5.334134e-08, 0.000000, 0.000000 
3.219111e+02, 4.478157e+00, 0, 1.236706e-02, 0, 4.163627e+00, 3.021300e-01, 3.324164e-05, 2.246505e-02, 5.034714e-08, 1.000965e+00, -0.000491, 2.000000e+00, 1, 0.022465, 5.034714e-08, 0.979263, 0.978781 
3.273840e+02, 5.472939e+00, 0, 1.332523e-02, 0, 5.138121e+00, 3.214539e-01, 3.936510e-05, 2.197354e-02, 4.922102e-08, 1.000948e+00, -0.000458, 2.000000e+00, 1, 0.021974, 4.922102e-08, 0.000000, 0.000000 
3.341581e+02, 6.774037e+00, 0, 1.265690e-02, 0, 6.454096e+00, 3.072317e-01, 5.277839e-05, 2.151473e-02, 4.285445e-08, 1.001834e+00, -0.000830, 4.000000e+00, 1, 0.021515, 4.285445e-08, 0.000000, 0.000000 
3.391780e+02, 5.019941e+00, 0, 1.213116e-02, 0, 4.697876e+00, 3.098957e-01, 3.849032e-05, 2.068279e-02, 4.066162e-08, 1.000364e+00, -0.000193, 1.000000e+00, 1, 0.020683, 4.066162e-08, 0.000000, 0.000000 
3.451932e+02, 6.015189e+00, 0, 1.422421e-02, 0, 5.692012e+00, 3.089134e-01, 3.936510e-05, 2.048935e-02, 3.674979e-08, 1.000607e+00, -0.000369, 2.000000e+00, 1, 0.020489, 3.674979e-08, 0.000000, 0.000000 
3.484193e+02, 3.226092e+00, 0, 1.301323e-02, 0, 2.901989e+00, 3.110484e-01, 4.140625e-05, 2.011969e-02, 3.659919e-08, 1.000289e+00, -0.000177, 1.000000e+00, 1, 0.020120, 3.659919e-08, 0.000000, 0.000000 
3.542605e+02, 5.841198e+00, 0, 1.301614e-02, 0, 5.522377e+00, 3.057665e-01, 3.849032e-05, 1.994224e-02, 3.597122e-08, 1.000299e+00, -0.000341, 2.000000e+00, 1, 0.019942, 3.597122e-08, 0.000000, 0.000000 
3.604564e+02, 6.195866e+00, 0, 1.208858e-02, 0, 5.869807e+00, 3.139273e-01, 4.344740e-05, 1.960070e-02, 3.289881e-08, 1.000218e+00, -0.000324, 2.000000e+00, 1, 0.019601, 3.289881e-08, 0.000000, 0.000000 
3.659392e+02, 5.482804e+00, 0, 1.241925e-02, 0, 5.165434e+00, 3.049168e-01, 3.411642e-05, 1.927653e-02, 4.636624e-08, 1.000054e+00, -0.000158, 1.000000e+00, 1, 0.019277, 4.636624e-08, 0.000000, 0.000000 
3.729723e+02, 7.033096e+00, 0, 1.267002e-02, 0, 6.717986e+00, 3.024065e-01, 3.324164e-05, 1.911871e-02, 3.054434e-08, 9.995388e-01, -0.000303, 2.000000e+00, 1, 0.019119, 3.054434e-08, 0.000000, 0.000000 
3.785841e+02, 5.611819e+00, 0, 1.281261e-02, 0, 5.295220e+00, 3.037478e-01, 3.907350e-05, 1.881596e-02, 3.677091e-08, 1.000238e+00, -0.000290, 2.000000e+00, 1, 0.018816, 3.677091e-08, 0.981771, 0.979938 
3.843799e+02, 5.795817e+00, 0, 1.230261e-02, 0, 5.478815e+00, 3.046666e-01, 3.236686e-05, 1.852639e-02, 3.377046e-08, 1.000115e+00, -0.000275, 2.000000e+00, 1, 0.018526, 3.377046e-08, 0.000000, 0.000000 
3.886563e+02, 4.276453e+00, 0, 1.189555e-02, 0, 3.959762e+00, 3.047631e-01, 3.295004e-05, 1.825182e-02, 5.199709e-08, 9.997428e-01, -0.000135, 1.000000e+00, 1, 0.018252, 5.199709e-08, 0.000000, 0.000000 
3.948236e+02, 6.167258e+00, 0, 1.311732e-02, 0, 5.852917e+00, 3.011917e-01, 3.207526e-05, 1.811677e-02, 2.621434e-08, 9.987718e-01, -0.000254, 2.000000e+00, 1, 0.018117, 2.621434e-08, 0.000000, 0.000000 
4.006570e+02, 5.833414e+00, 0, 1.205068e-02, 0, 5.516943e+00, 3.043811e-01, 3.849032e-05, 1.786315e-02, 6.916599e-08, 1.000059e+00, -0.000247, 2.000000e+00, 1, 0.017863, 6.916599e-08, 0.000000, 0.000000 
4.072235e+02, 6.566436e+00, 0, 1.208654e-02, 0, 6.249724e+00, 3.045826e-01, 4.257262e-05, 1.761629e-02, 2.461712e-08, 1.000130e+00, -0.000117, 1.000000e+00, 1, 0.017616, 2.461712e-08, 0.000000, 0.000000 
4.136894e+02, 6.465927e+00, 0, 1.243937e-02, 0, 6.147854e+00, 3.055939e-01, 3.936510e-05, 1.749893e-02, 2.239577e-08, 1.000048e+00, -0.000114, 1.000000e+00, 1, 0.017499, 2.239577e-08, 0.000000, 0.000000 
4.207505e+02, 7.061135e+00, 0, 1.267527e-02, 0, 6.729587e+00, 3.188319e-01, 4.140625e-05, 1.738530e-02, 3.634517e-08, 9.999835e-01, -0.000220, 2.000000e+00, 1, 0.017385, 3.634517e-08, 0.000000, 0.000000 
4.281534e+02, 7.402857e+00, 0, 1.396499e-02, 0, 7.081697e+00, 3.071621e-01, 3.382482e-05, 1.716542e-02, 2.723359e-08, 9.997940e-01, -0.000208, 2.000000e+00, 1, 0.017165, 2.723359e-08, 0.000000, 0.000000 
4.342025e+02, 6.049110e+00, 0, 1.222184e-02, 0, 5.730180e+00, 3.066684e-01, 4.023988e-05, 1.695783e-02, 3.436772e-08, 1.000679e+00, -0.000198, 2.000000e+00, 1, 0.016958, 3.436772e-08, 0.000000, 0.000000 
4.403182e+02, 6.115700e+00, 0, 1.284089e-02, 0, 5.798457e+00, 3.043619e-01, 3.936510e-05, 1.675953e-02, 1.869299e-08, 1.000096e+00, -0.000095, 1.000000e+00, 1, 0.016760, 1.869299e-08, 0.000000, 0.000000 
4.451504e+02, 4.832223e+00, 0, 1.265282e-02, 0, 4.513968e+00, 3.055694e-01, 3.324164e-05, 1.666460e-02, 1.864024e-08, 1.000129e+00, -0.000093, 1.000000e+00, 1, 0.016665, 1.864024e-08, 0.000000, 0.000000 
4.519752e+02, 6.824846e+00, 0, 1.240117e-02, 0, 6.506963e+00, 3.054472e-01, 3.528279e-05, 1.657206e-02, 1.856857e-08, 1.000203e+00, -0.000176, 2.000000e+00, 1, 0.016572, 1.856857e-08, 0.000000, 0.000000 
4.589144e+02, 6.939179e+00, 0, 1.243995e-02, 0, 6.623981e+00, 3.027156e-01, 4.315581e-05, 1.639592e-02, 5.990053e-08, 9.989273e-01, -0.000088, 1.000000e+00, 1, 0.016396, 5.990053e-08, 0.000000, 0.000000 
4.653914e+02, 6.476949e+00, 0, 1.274933e-02, 0, 6.160035e+00, 3.041330e-01, 3.236686e-05, 1.630834e-02, 2.744691e-08, 1.000001e+00, -0.000084, 1.000000e+00, 1, 0.016308, 2.744691e-08, 0.000000, 0.000000 
4.712917e+02, 5.900317e+00, 0, 1.304501e-02, 0, 5.567139e+00, 3.200925e-01, 4.111466e-05, 1.622450e-02, 2.514985e-08, 9.999321e-01, -0.000082, 1.000000e+00, 1, 0.016225, 2.514985e-08, 0.000000, 0.000000 
4.765947e+02, 5.303048e+00, 0, 1.220056e-02, 0, 4.986480e+00, 3.043281e-01, 3.907350e-05, 1.614266e-02, 2.379093e-08, 9.999707e-01, -0.000080, 1.000000e+00, 1, 0.016143, 2.379093e-08, 0.000000, 0.000000 
4.806323e+02, 4.037572e+00, 0, 1.432423e-02, 0, 3.719653e+00, 3.035553e-01, 3.878191e-05, 1.606267e-02, 1.912188e-08, 1.000048e+00, -0.000039, 5.000000e-01, 1, 0.016063, 1.912188e-08, 0.000000, 0.000000 
4.856628e+02, 5.030505e+00, 0, 1.217373e-02, 0, 4.714302e+00, 3.039910e-01, 3.819872e-05, 1.602326e-02, 1.549562e-08, 1.000056e+00, -0.000077, 1.000000e+00, 1, 0.016023, 1.549562e-08, 0.000000, 0.000000 
4.900098e+02, 4.347014e+00, 0, 1.261112e-02, 0, 4.030749e+00, 3.036145e-01, 3.878191e-05, 1.594609e-02, 1.716252e-08, 1.000046e+00, -0.000038, 5.000000e-01, 1, 0.015946, 1.716252e-08, 0.983121, 0.979552 
4.963794e+02, 6.369574e+00, 0, 1.346899e-02, 0, 6.050824e+00, 3.052419e-01, 3.907350e-05, 1.590811e-02, 1.591405e-08, 1.000033e+00, -0.000074, 1.000000e+00, 1, 0.015908, 1.591405e-08, 0.000000, 0.000000 
5.007480e+02, 4.368604e+00, 0, 1.326166e-02, 0, 4.047196e+00, 3.081129e-01, 3.353323e-05, 1.583392e-02, 3.207035e-08, 9.999005e-01, -0.000037, 5.000000e-01, 1, 0.015834, 3.207035e-08, 0.000000, 0.000000 
5.047972e+02, 4.049152e+00, 0, 1.360166e-02, 0, 3.725344e+00, 3.101602e-01, 4.694652e-05, 1.579677e-02, 1.707095e-08, 9.999792e-01, -0.000036, 5.000000e-01, 1, 0.015797, 1.707095e-08, 0.000000, 0.000000 
5.104232e+02, 5.626073e+00, 0, 1.306571e-02, 0, 5.307166e+00, 3.058018e-01, 3.907350e-05, 1.576037e-02, 1.547373e-08, 1.000113e+00, -0.000071, 1.000000e+00, 1, 0.015760, 1.547373e-08, 0.000000, 0.000000 
5.163268e+02, 5.903513e+00, 0, 1.357250e-02, 0, 5.585137e+00, 3.047701e-01, 3.324164e-05, 1.568904e-02, 2.109905e-08, 9.999723e-01, -0.000070, 1.000000e+00, 1, 0.015689, 2.109905e-08, 0.000000, 0.000000 
5.241147e+02, 7.787936e+00, 0, 1.267935e-02, 0, 7.461435e+00, 3.137783e-01, 4.257262e-05, 1.561887e-02, 1.640138e-08, 1.000040e+00, -0.000068, 1.000000e+00, 1, 0.015619, 1.640138e-08, 0.000000, 0.000000 
5.300034e+02, 5.888669e+00, 0, 1.299806e-02, 0, 5.555410e+00, 3.202167e-01, 4.432218e-05, 1.555052e-02, 2.427832e-08, 1.000088e+00, -0.000067, 1.000000e+00, 1, 0.015551, 2.427832e-08, 0.000000, 0.000000 
5.358055e+02, 5.802174e+00, 0, 1.314065e-02, 0, 5.478057e+00, 3.109423e-01, 3.353323e-05, 1.548305e-02, 1.283502e-08, 1.000023e+00, -0.000033, 5.000000e-01, 1, 0.015483, 1.283502e-08, 0.000000, 0.000000 
5.401419e+02, 4.336369e+00, 0, 1.233760e-02, 0, 4.005045e+00, 3.189445e-01, 4.228103e-05, 1.545006e-02, 1.811630e-08, 9.999670e-01, -0.000033, 5.000000e-01, 1, 0.015450, 1.811630e-08, 0.000000, 0.000000 
5.451928e+02, 5.050857e+00, 0, 1.231894e-02, 0, 4.732745e+00, 3.057478e-01, 4.490537e-05, 1.541725e-02, 1.450655e-08, 1.000011e+00, -0.000032, 5.000000e-01, 1, 0.015417, 1.450655e-08, 0.983410, 0.979552 
5.499418e+02, 4.749066e+00, 0, 1.286568e-02, 0, 4.431100e+00, 3.050629e-01, 3.703235e-05, 1.538479e-02, 1.266790e-08, 9.999738e-01, -0.000032, 5.000000e-01, 1, 0.015385, 1.266790e-08, 0.000000, 0.000000 
5.552225e+02, 5.280705e+00, 0, 1.299194e-02, 0, 4.961561e+00, 3.061129e-01, 3.878191e-05, 1.535278e-02, 1.659371e-08, 1.000032e+00, -0.000032, 5.000000e-01, 1, 0.015353, 1.659371e-08, 0.000000, 0.000000 
5.607628e+02, 5.540236e+00, 0, 1.288405e-02, 0, 5.224234e+00, 3.030856e-01, 3.265845e-05, 1.532090e-02, 1.237954e-08, 1.000016e+00, -0.000031, 5.000000e-01, 1, 0.015321, 1.237954e-08, 0.000000, 0.000000 
5.672881e+02, 6.525345e+00, 0, 1.223467e-02, 0, 6.206926e+00, 3.061429e-01, 4.140625e-05, 1.528948e-02, 1.564140e-08, 1.000012e+00, -0.000031, 5.000000e-01, 1, 0.015289, 1.564140e-08, 0.000000, 0.000000 
5.724020e+02, 5.113881e+00, 0, 1.352147e-02, 0, 4.796334e+00, 3.039869e-01, 3.936510e-05, 1.525825e-02, 1.223862e-08, 1.000010e+00, -0.000031, 5.000000e-01, 1, 0.015258, 1.223862e-08, 0.983603, 0.979552 
5.807563e+02, 8.354288e+00, 0, 1.372792e-02, 0, 8.033468e+00, 3.070355e-01, 5.627751e-05, 1.522741e-02, 1.344479e-08, 1.000008e+00, -0.000030, 5.000000e-01, 1, 0.015227, 1.344479e-08, 0.000000, 0.000000 
5.858408e+02, 5.084561e+00, 0, 1.261491e-02, 0, 4.764816e+00, 3.070912e-01, 3.849032e-05, 1.519691e-02, 1.774945e-08, 9.999778e-01, -0.000030, 5.000000e-01, 1, 0.015197, 1.774945e-08, 0.000000, 0.000000 
5.907807e+02, 4.939890e+00, 0, 1.312112e-02, 0, 4.610312e+00, 3.164228e-01, 3.382482e-05, 1.516662e-02, 1.582856e-08, 9.999939e-01, -0.000030, 5.000000e-01, 1, 0.015167, 1.582856e-08, 0.000000, 0.000000 
5.964474e+02, 5.666655e+00, 0, 1.270035e-02, 0, 5.347668e+00, 3.062470e-01, 3.994828e-05, 1.513659e-02, 1.260956e-08, 1.000022e+00, -0.000030, 5.000000e-01, 1, 0.015137, 1.260956e-08, 0.000000, 0.000000 
6.012796e+02, 4.832215e+00, 0, 1.228512e-02, 0, 4.508700e+00, 3.111776e-01, 5.306998e-05, 1.510689e-02, 1.167789e-08, 1.000016e+00, -0.000029, 5.000000e-01, 1, 0.015107, 1.167789e-08, 0.983603, 0.979552 
6.071319e+02, 5.852266e+00, 0, 1.301293e-02, 0, 5.530751e+00, 3.084611e-01, 4.053147e-05, 1.507748e-02, 1.147911e-08, 1.000058e+00, -0.000058, 1.000000e+00, 1, 0.015077, 1.147911e-08, 0.000000, 0.000000 
6.119255e+02, 4.793682e+00, 0, 1.270268e-02, 0, 4.469370e+00, 3.115529e-01, 5.686069e-05, 1.501951e-02, 1.162966e-08, 1.000013e+00, -0.000029, 5.000000e-01, 1, 0.015020, 1.162966e-08, 0.000000, 0.000000 
6.155353e+02, 3.609751e+00, 0, 1.275487e-02, 0, 3.276299e+00, 3.206503e-01, 4.636334e-05, 1.499094e-02, 1.189365e-08, 1.000002e+00, -0.000014, 2.500000e-01, 1, 0.014991, 1.189365e-08, 0.000000, 0.000000 
6.214562e+02, 5.920886e+00, 0, 1.413440e-02, 0, 5.595465e+00, 3.112534e-01, 3.324164e-05, 1.497675e-02, 1.155623e-08, 1.000013e+00, -0.000028, 5.000000e-01, 1, 0.014977, 1.155623e-08, 0.000000, 0.000000 
6.267160e+02, 5.259825e+00, 0, 1.206292e-02, 0, 4.944954e+00, 3.027747e-01, 3.265845e-05, 1.494858e-02, 1.085952e-08, 1.000018e+00, -0.000028, 5.000000e-01, 1, 0.014949, 1.085952e-08, 0.983603, 0.979552 
6.318730e+02, 5.156967e+00, 0, 1.229095e-02, 0, 4.824049e+00, 3.205861e-01, 4.082306e-05, 1.492068e-02, 1.075923e-08, 1.000020e+00, -0.000028, 5.000000e-01, 1, 0.014921, 1.075923e-08, 0.000000, 0.000000 
6.376367e+02, 5.763686e+00, 0, 1.246270e-02, 0, 5.445688e+00, 3.055006e-01, 3.440801e-05, 1.489304e-02, 1.113064e-08, 1.000010e+00, -0.000027, 5.000000e-01, 1, 0.014893, 1.113064e-08, 0.000000, 0.000000 
6.438108e+02, 6.174175e+00, 0, 1.278899e-02, 0, 5.855592e+00, 3.057589e-01, 3.528279e-05, 1.486575e-02, 1.647920e-08, 9.999267e-01, -0.000027, 5.000000e-01, 1, 0.014866, 1.647920e-08, 0.000000, 0.000000 
6.503248e+02, 6.513948e+00, 0, 1.237318e-02, 0, 6.199715e+00, 3.018250e-01, 3.411642e-05, 1.483865e-02, 1.821644e-08, 9.999919e-01, -0.000027, 5.000000e-01, 1, 0.014839, 1.821644e-08, 0.000000, 0.000000 
6.540229e+02, 3.698105e+00, 0, 1.305317e-02, 0, 3.381022e+00, 3.039895e-01, 3.965669e-05, 1.481166e-02, 1.033889e-08, 1.000004e+00, -0.000013, 2.500000e-01, 1, 0.014812, 1.033889e-08, 0.000000, 0.000000 
6.600637e+02, 6.040843e+00, 0, 1.270385e-02, 0, 5.724360e+00, 3.037457e-01, 3.411642e-05, 1.479832e-02, 1.031298e-08, 1.000006e+00, -0.000026, 5.000000e-01, 1, 0.014798, 1.031298e-08, 0.000000, 0.000000 
6.677455e+02, 7.681725e+00, 0, 1.227754e-02, 0, 7.366421e+00, 3.029943e-01, 3.295004e-05, 1.477187e-02, 1.414121e-08, 1.000013e+00, -0.000052, 1.000000e+00, 1, 0.014772, 1.414121e-08, 0.000000, 0.000000 
6.717564e+02, 4.010970e+00, 0, 1.285081e-02, 0, 3.696238e+00, 3.018402e-01, 4.111466e-05, 1.471961e-02, 1.289593e-08, 1.000001e+00, -0.000013, 2.500000e-01, 1, 0.014720, 1.289593e-08, 0.000000, 0.000000 
6.792702e+02, 7.513815e+00, 0, 1.327070e-02, 0, 7.200167e+00, 3.003364e-01, 4.111466e-05, 1.470665e-02, 9.990726e-09, 1.000014e+00, -0.000026, 5.000000e-01, 1, 0.014707, 9.990726e-09, 0.983796, 0.979552  
0.983796, 0, 0, 0, 0, 0, 0, 0, 0, 0, 0, 0, 0, 0, 0 ,0