TRM WS=0, MS=1, TRMstep=0: ub=0.800000, lb=0.200000, grow=2.000000,shrink=0.500000, b_w=0,b_m=0, lr=1.300000, decay=0.000000, lambda=0.000100, n=370, n0=25, n1=10, n2=10, sub_tol=0.001000, sub_maxit=1000, tol=1.000000e-08, m=100 
time, iter_t, subset_m_time, g_time, subset_w_time, p1_time, t2, t3, total error, total gmag, rho, sigma, gamma, step, approx error, approx gmag 
8.150507e-02, 8.150507e-02, 6.065146e-05, 1.554194e-04, 0, 8.122572e-02, 6.240102e-05, 8.747807e-07, 1.461549, 8.063721e-03, 0.000000e+00, 0.000000, 1.300000e+00, 0, 1.461549, 8.063721e-03 
1.591576e-01, 7.765253e-02, 9.039400e-06, 1.417145e-04, 0, 7.747612e-02, 2.507705e-05, 5.831871e-07, 1.115644, 7.074053e-03, 0.000000e+00, 0.000000, 1.300000e+00, 0, 1.115644, 7.074053e-03 
2.370390e-01, 7.788143e-02, 1.078896e-05, 1.242189e-04, 0, 7.772135e-02, 2.420227e-05, 8.747807e-07, 0.798482, 5.755004e-03, 0.000000e+00, 0.000000, 1.300000e+00, 0, 0.798482, 5.755004e-03 
3.171284e-01, 8.008938e-02, 1.020577e-05, 1.198450e-04, 0, 7.993396e-02, 2.478545e-05, 5.831871e-07, 0.792017, 4.984076e-03, 0.000000e+00, 0.000000, 1.300000e+00, 0, 0.792017, 4.984076e-03 
3.966713e-01, 7.954293e-02, 1.078896e-05, 1.259684e-04, 0, 7.937993e-02, 2.536864e-05, 8.747807e-07, 0.731821, 4.761626e-03, 0.000000e+00, 0.000000, 1.300000e+00, 0, 0.731821, 4.761626e-03 
4.728394e-01, 7.616803e-02, 1.049737e-05, 1.256768e-04, 0, 7.599657e-02, 3.440804e-05, 8.747807e-07, 0.598257, 5.045438e-03, 0.000000e+00, 0.000000, 1.300000e+00, 0, 0.598257, 5.045438e-03 
5.497224e-01, 7.688302e-02, 9.622588e-06, 1.437556e-04, 0, 7.669960e-02, 2.886776e-05, 1.166374e-06, 0.707731, 4.490406e-03, 0.000000e+00, 0.000000, 1.300000e+00, 0, 0.707731, 4.490406e-03 
6.620550e-01, 1.123326e-01, 1.049737e-05, 1.516287e-04, 0, 1.121416e-01, 2.770139e-05, 1.166374e-06, 0.129973, 2.443881e-03, 0.000000e+00, 0.000000, 1.300000e+00, 0, 0.129973, 2.443881e-03 
7.400117e-01, 7.795666e-02, 1.399649e-05, 1.449220e-04, 0, 7.777296e-02, 2.361908e-05, 1.166374e-06, 0.741687, 3.983760e-03, 0.000000e+00, 0.000000, 1.300000e+00, 0, 0.741687, 3.983760e-03 
8.208577e-01, 8.084606e-02, 1.020577e-05, 1.248020e-04, 0, 8.068656e-02, 2.391067e-05, 5.831871e-07, 0.727170, 4.795267e-03, 0.000000e+00, 0.000000, 1.300000e+00, 0, 0.727170, 4.795267e-03 
9.007480e-01, 7.989022e-02, 9.622588e-06, 1.256768e-04, 0, 7.972984e-02, 2.420227e-05, 8.747807e-07, 0.653706, 3.992521e-03, 0.000000e+00, 0.000000, 1.300000e+00, 0, 0.653706, 3.992521e-03 
9.819932e-01, 8.124526e-02, 1.108056e-05, 1.253852e-04, 0, 8.106418e-02, 4.373903e-05, 8.747807e-07, 0.702420, 4.403042e-03, 0.000000e+00, 0.000000, 1.300000e+00, 0, 0.702420, 4.403042e-03 
1.060779e+00, 7.878537e-02, 9.914181e-06, 1.644588e-04, 0, 7.858155e-02, 2.828458e-05, 1.166374e-06, 0.589112, 4.725440e-03, 0.000000e+00, 0.000000, 1.300000e+00, 0, 0.589112, 4.725440e-03 
1.138235e+00, 7.745600e-02, 1.195534e-05, 2.268598e-04, 0, 7.718744e-02, 2.857617e-05, 1.166374e-06, 0.808034, 4.229794e-03, 0.000000e+00, 0.000000, 1.300000e+00, 0, 0.808034, 4.229794e-03 
1.214616e+00, 7.638177e-02, 1.283012e-05, 1.414229e-04, 0, 7.619865e-02, 2.799298e-05, 8.747807e-07, 0.638335, 3.613425e-03, 0.000000e+00, 0.000000, 1.300000e+00, 0, 0.638335, 3.613425e-03 
1.289082e+00, 7.446600e-02, 1.020577e-05, 1.455052e-04, 0, 7.428346e-02, 2.595183e-05, 8.747807e-07, 0.551888, 5.241962e-03, 0.000000e+00, 0.000000, 1.300000e+00, 0, 0.551888, 5.241962e-03 
1.365644e+00, 7.656139e-02, 1.166374e-05, 1.180954e-04, 0, 7.640480e-02, 2.624342e-05, 5.831871e-07, 0.811560, 4.335589e-03, 0.000000e+00, 0.000000, 1.300000e+00, 0, 0.811560, 4.335589e-03 
1.444208e+00, 7.856376e-02, 9.622588e-06, 1.291759e-04, 0, 7.839872e-02, 2.566023e-05, 5.831871e-07, 0.630925, 5.221080e-03, 0.000000e+00, 0.000000, 1.300000e+00, 0, 0.630925, 5.221080e-03 
1.521293e+00, 7.708538e-02, 9.330994e-06, 1.361742e-04, 0, 7.691159e-02, 2.740979e-05, 8.747807e-07, 0.760457, 4.996761e-03, 0.000000e+00, 0.000000, 1.300000e+00, 0, 0.760457, 4.996761e-03 
1.599325e+00, 7.803248e-02, 1.078896e-05, 1.192618e-04, 0, 7.787910e-02, 2.274430e-05, 5.831871e-07, 0.771951, 4.778268e-03, 0.000000e+00, 0.000000, 1.300000e+00, 0, 0.771951, 4.778268e-03 
1.675070e+00, 7.574493e-02, 9.039400e-06, 1.379238e-04, 0, 7.556997e-02, 2.682661e-05, 1.166374e-06, 0.606475, 3.473379e-03, 0.000000e+00, 0.000000, 1.300000e+00, 0, 0.606475, 3.473379e-03 
1.755461e+00, 8.039118e-02, 1.049737e-05, 1.364658e-04, 0, 8.021593e-02, 2.711820e-05, 1.166374e-06, 0.693330, 4.636175e-03, 0.000000e+00, 0.000000, 1.300000e+00, 0, 0.693330, 4.636175e-03 
1.828330e+00, 7.286894e-02, 9.914181e-06, 1.367574e-04, 0, 7.269719e-02, 2.420227e-05, 8.747807e-07, 0.634463, 4.833586e-03, 0.000000e+00, 0.000000, 1.300000e+00, 0, 0.634463, 4.833586e-03 
1.905249e+00, 7.691888e-02, 8.747807e-06, 1.186786e-04, 0, 7.676550e-02, 2.536864e-05, 5.831871e-07, 0.579731, 5.548007e-03, 0.000000e+00, 0.000000, 1.300000e+00, 0, 0.579731, 5.548007e-03 
1.984065e+00, 7.881541e-02, 8.456213e-06, 1.210113e-04, 0, 7.866145e-02, 2.391067e-05, 5.831871e-07, 0.694834, 4.314492e-03, 0.000000e+00, 0.000000, 1.300000e+00, 0, 0.694834, 4.314492e-03 
2.064912e+00, 8.084752e-02, 1.108056e-05, 1.210113e-04, 0, 8.069006e-02, 2.478545e-05, 5.831871e-07, 0.707008, 4.609048e-03, 0.000000e+00, 0.000000, 1.300000e+00, 0, 0.707008, 4.609048e-03 
2.143173e+00, 7.826080e-02, 1.108056e-05, 1.323835e-04, 0, 7.807913e-02, 3.732398e-05, 8.747807e-07, 0.530000, 5.718901e-03, 0.000000e+00, 0.000000, 1.300000e+00, 0, 0.530000, 5.718901e-03 
2.220033e+00, 7.686027e-02, 1.283012e-05, 1.475463e-04, 0, 7.666957e-02, 2.945095e-05, 8.747807e-07, 0.913904, 3.497295e-03, 0.000000e+00, 0.000000, 1.300000e+00, 0, 0.913904, 3.497295e-03 
2.299067e+00, 7.903323e-02, 9.914181e-06, 1.393817e-04, 0, 7.885623e-02, 2.711820e-05, 5.831871e-07, 0.430435, 3.167387e-03, 0.000000e+00, 0.000000, 1.300000e+00, 0, 0.430435, 3.167387e-03 
2.375219e+00, 7.615199e-02, 1.108056e-05, 1.414229e-04, 0, 7.596858e-02, 3.003414e-05, 8.747807e-07, 0.814285, 3.750371e-03, 0.000000e+00, 0.000000, 1.300000e+00, 0, 0.814285, 3.750371e-03 
2.454116e+00, 7.889764e-02, 9.914181e-06, 1.463800e-04, 0, 7.871364e-02, 2.682661e-05, 8.747807e-07, 0.585129, 2.571268e-03, 0.000000e+00, 0.000000, 1.300000e+00, 0, 0.585129, 2.571268e-03 
2.563551e+00, 1.094351e-01, 1.049737e-05, 1.396733e-04, 0, 1.092569e-01, 2.711820e-05, 8.747807e-07, 0.188430, 3.501081e-03, 0.000000e+00, 0.000000, 1.300000e+00, 0, 0.188430, 3.501081e-03 
2.636527e+00, 7.297625e-02, 1.078896e-05, 1.939097e-04, 0, 7.274239e-02, 2.828458e-05, 8.747807e-07, 0.863172, 2.902392e-03, 0.000000e+00, 0.000000, 1.300000e+00, 0, 0.863172, 2.902392e-03 
2.714097e+00, 7.757001e-02, 1.049737e-05, 1.332583e-04, 0, 7.740176e-02, 2.391067e-05, 5.831871e-07, 0.344321, 5.061170e-03, 0.000000e+00, 0.000000, 1.300000e+00, 0, 0.344321, 5.061170e-03 
2.812041e+00, 9.794336e-02, 8.164620e-06, 1.443388e-04, 0, 9.776520e-02, 2.478545e-05, 8.747807e-07, 0.049390, 1.256987e-03, 0.000000e+00, 0.000000, 1.300000e+00, 0, 0.049390, 1.256987e-03 
2.890529e+00, 7.848853e-02, 1.108056e-05, 1.227609e-04, 0, 7.831911e-02, 3.411645e-05, 1.457968e-06, 0.873566, 2.398111e-03, 0.000000e+00, 0.000000, 1.300000e+00, 0, 0.873566, 2.398111e-03 
2.968147e+00, 7.761725e-02, 9.039400e-06, 1.329667e-04, 0, 7.744608e-02, 2.857617e-05, 5.831871e-07, 0.766459, 4.901171e-03, 0.000000e+00, 0.000000, 1.300000e+00, 0, 0.766459, 4.901171e-03 
3.044772e+00, 7.662554e-02, 1.049737e-05, 1.420061e-04, 0, 7.644242e-02, 2.945095e-05, 1.166374e-06, 0.499666, 1.647915e-03, 0.000000e+00, 0.000000, 1.300000e+00, 0, 0.499666, 1.647915e-03 
3.121205e+00, 7.643250e-02, 1.224693e-05, 1.414229e-04, 0, 7.625142e-02, 2.653501e-05, 8.747807e-07, 0.683057, 4.716025e-03, 0.000000e+00, 0.000000, 1.300000e+00, 0, 0.683057, 4.716025e-03 
3.197827e+00, 7.662233e-02, 9.039400e-06, 1.440472e-04, 0, 7.643921e-02, 2.915936e-05, 8.747807e-07, 0.686989, 4.083034e-03, 0.000000e+00, 0.000000, 1.300000e+00, 0, 0.686989, 4.083034e-03 
3.275466e+00, 7.763912e-02, 1.108056e-05, 1.265516e-04, 0, 7.747524e-02, 2.536864e-05, 8.747807e-07, 0.442288, 3.152480e-03, 0.000000e+00, 0.000000, 1.300000e+00, 0, 0.442288, 3.152480e-03 
3.351254e+00, 7.578779e-02, 9.330994e-06, 1.268432e-04, 0, 7.562683e-02, 2.420227e-05, 5.831871e-07, 0.668938, 4.758363e-03, 0.000000e+00, 0.000000, 1.300000e+00, 0, 0.668938, 4.758363e-03 
3.429034e+00, 7.777967e-02, 9.914181e-06, 1.355910e-04, 0, 7.761083e-02, 2.274430e-05, 5.831871e-07, 0.763247, 4.266519e-03, 0.000000e+00, 0.000000, 1.300000e+00, 0, 0.763247, 4.266519e-03 
3.505765e+00, 7.673168e-02, 1.108056e-05, 1.379238e-04, 0, 7.655322e-02, 2.828458e-05, 1.166374e-06, 0.539252, 1.993037e-03, 0.000000e+00, 0.000000, 1.300000e+00, 0, 0.539252, 1.993037e-03 
3.582984e+00, 7.721835e-02, 1.137215e-05, 1.630008e-04, 0, 7.701423e-02, 2.886776e-05, 8.747807e-07, 0.684437, 3.920066e-03, 0.000000e+00, 0.000000, 1.300000e+00, 0, 0.684437, 3.920066e-03 
3.659610e+00, 7.662671e-02, 1.516287e-05, 1.288844e-04, 0, 7.645321e-02, 2.857617e-05, 8.747807e-07, 0.473815, 4.137724e-03, 0.000000e+00, 0.000000, 1.300000e+00, 0, 0.473815, 4.137724e-03 
3.740893e+00, 8.128258e-02, 8.747807e-06, 1.242189e-04, 0, 8.112541e-02, 2.361908e-05, 5.831871e-07, 0.835377, 3.797640e-03, 0.000000e+00, 0.000000, 1.300000e+00, 0, 0.835377, 3.797640e-03 
3.814028e+00, 7.313516e-02, 1.137215e-05, 1.148879e-04, 0, 7.298383e-02, 2.449386e-05, 5.831871e-07, 0.563636, 3.365189e-03, 0.000000e+00, 0.000000, 1.300000e+00, 0, 0.563636, 3.365189e-03 
3.893896e+00, 7.986777e-02, 1.049737e-05, 1.163458e-04, 0, 7.969689e-02, 4.315585e-05, 8.747807e-07, 0.754052, 4.724035e-03, 0.000000e+00, 0.000000, 1.300000e+00, 0, 0.754052, 4.724035e-03 
3.977718e+00, 8.382207e-02, 1.108056e-05, 1.632924e-04, 0, 8.361737e-02, 2.915936e-05, 1.166374e-06, 0.519207, 4.732002e-03, 0.000000e+00, 0.000000, 1.300000e+00, 0, 0.519207, 4.732002e-03 
4.059720e+00, 8.200223e-02, 1.399649e-05, 1.551278e-04, 0, 8.179024e-02, 4.198947e-05, 8.747807e-07, 0.644107, 5.077774e-03, 0.000000e+00, 0.000000, 1.300000e+00, 0, 0.644107, 5.077774e-03 
4.143682e+00, 8.396203e-02, 1.020577e-05, 1.539614e-04, 0, 8.376812e-02, 2.857617e-05, 1.166374e-06, 0.711995, 5.038188e-03, 0.000000e+00, 0.000000, 1.300000e+00, 0, 0.711995, 5.038188e-03 
4.220131e+00, 7.644883e-02, 1.253852e-05, 1.568773e-04, 0, 7.625376e-02, 2.449386e-05, 1.166374e-06, 0.596956, 5.673507e-03, 0.000000e+00, 0.000000, 1.300000e+00, 0, 0.596956, 5.673507e-03 
4.362616e+00, 1.424849e-01, 1.137215e-05, 1.236357e-04, 0, 1.423227e-01, 2.624342e-05, 8.747807e-07, 0.076613, 1.822678e-03, 0.000000e+00, 0.000000, 1.300000e+00, 0, 0.076613, 1.822678e-03 
4.441986e+00, 7.937060e-02, 9.622588e-06, 1.341330e-04, 0, 7.920293e-02, 2.303589e-05, 8.747807e-07, 0.810928, 3.457936e-03, 0.000000e+00, 0.000000, 1.300000e+00, 0, 0.810928, 3.457936e-03 
4.520352e+00, 7.836548e-02, 1.049737e-05, 1.178038e-04, 0, 7.821210e-02, 2.420227e-05, 8.747807e-07, 0.624652, 3.874101e-03, 0.000000e+00, 0.000000, 1.300000e+00, 0, 0.624652, 3.874101e-03 
4.596807e+00, 7.645496e-02, 8.747807e-06, 1.280096e-04, 0, 7.629341e-02, 2.420227e-05, 5.831871e-07, 0.608173, 4.151156e-03, 0.000000e+00, 0.000000, 1.300000e+00, 0, 0.608173, 4.151156e-03 
4.675395e+00, 7.858767e-02, 1.020577e-05, 1.221777e-04, 0, 7.842963e-02, 2.478545e-05, 8.747807e-07, 0.812457, 4.292292e-03, 0.000000e+00, 0.000000, 1.300000e+00, 0, 0.812457, 4.292292e-03 
4.752121e+00, 7.672643e-02, 9.330994e-06, 1.396733e-04, 0, 7.654885e-02, 2.799298e-05, 5.831871e-07, 0.408854, 3.101564e-03, 0.000000e+00, 0.000000, 1.300000e+00, 0, 0.408854, 3.101564e-03 
4.828233e+00, 7.611233e-02, 1.312171e-05, 1.166374e-04, 0, 7.595371e-02, 2.770139e-05, 1.166374e-06, 0.761575, 4.464205e-03, 0.000000e+00, 0.000000, 1.300000e+00, 0, 0.761575, 4.464205e-03 
4.902584e+00, 7.435053e-02, 9.330994e-06, 1.361742e-04, 0, 7.417790e-02, 2.624342e-05, 8.747807e-07, 0.723861, 5.282215e-03, 0.000000e+00, 0.000000, 1.300000e+00, 0, 0.723861, 5.282215e-03 
4.978631e+00, 7.604702e-02, 9.622588e-06, 1.326751e-04, 0, 7.587964e-02, 2.449386e-05, 5.831871e-07, 0.727839, 4.701193e-03, 0.000000e+00, 0.000000, 1.300000e+00, 0, 0.727839, 4.701193e-03 
5.056523e+00, 7.789222e-02, 1.078896e-05, 1.236357e-04, 0, 7.773330e-02, 2.361908e-05, 8.747807e-07, 0.407902, 3.834795e-03, 0.000000e+00, 0.000000, 1.300000e+00, 0, 0.407902, 3.834795e-03 
5.134042e+00, 7.751927e-02, 9.330994e-06, 1.265516e-04, 0, 7.735890e-02, 2.391067e-05, 5.831871e-07, 0.836586, 3.554789e-03, 0.000000e+00, 0.000000, 1.300000e+00, 0, 0.836586, 3.554789e-03 
5.211426e+00, 7.738397e-02, 1.108056e-05, 1.320919e-04, 0, 7.721602e-02, 2.420227e-05, 5.831871e-07, 0.612915, 3.403761e-03, 0.000000e+00, 0.000000, 1.300000e+00, 0, 0.612915, 3.403761e-03 
5.288841e+00, 7.741488e-02, 1.049737e-05, 1.277180e-04, 0, 7.724722e-02, 2.857617e-05, 8.747807e-07, 0.679374, 4.071921e-03, 0.000000e+00, 0.000000, 1.300000e+00, 0, 0.679374, 4.071921e-03 
5.365304e+00, 7.646283e-02, 1.224693e-05, 1.443388e-04, 0, 7.626396e-02, 4.140629e-05, 8.747807e-07, 0.603794, 3.443514e-03, 0.000000e+00, 0.000000, 1.300000e+00, 0, 0.603794, 3.443514e-03 
5.442799e+00, 7.749507e-02, 1.078896e-05, 1.525034e-04, 0, 7.730262e-02, 2.828458e-05, 8.747807e-07, 0.633243, 4.745051e-03, 0.000000e+00, 0.000000, 1.300000e+00, 0, 0.633243, 4.745051e-03 
5.519423e+00, 7.662408e-02, 1.166374e-05, 1.533782e-04, 0, 7.643221e-02, 2.595183e-05, 8.747807e-07, 0.806282, 4.687235e-03, 0.000000e+00, 0.000000, 1.300000e+00, 0, 0.806282, 4.687235e-03 
5.597173e+00, 7.774992e-02, 9.914181e-06, 1.309255e-04, 0, 7.758401e-02, 2.420227e-05, 8.747807e-07, 0.396048, 3.636080e-03, 0.000000e+00, 0.000000, 1.300000e+00, 0, 0.396048, 3.636080e-03 
5.675347e+00, 7.817361e-02, 1.020577e-05, 1.248020e-04, 0, 7.801265e-02, 2.536864e-05, 5.831871e-07, 0.904826, 2.826126e-03, 0.000000e+00, 0.000000, 1.300000e+00, 0, 0.904826, 2.826126e-03 
5.752995e+00, 7.764874e-02, 1.020577e-05, 1.201365e-04, 0, 7.749303e-02, 2.449386e-05, 8.747807e-07, 0.432734, 2.858769e-03, 0.000000e+00, 0.000000, 1.300000e+00, 0, 0.432734, 2.858769e-03 
5.937974e+00, 1.849785e-01, 1.166374e-05, 1.248020e-04, 0, 1.848146e-01, 2.624342e-05, 1.166374e-06, 0.047704, 9.832498e-04, 0.000000e+00, 0.000000, 1.300000e+00, 0, 0.047704, 9.832498e-04 
6.015499e+00, 7.752511e-02, 9.330994e-06, 1.306339e-04, 0, 7.736036e-02, 2.420227e-05, 5.831871e-07, 0.838468, 2.953554e-03, 0.000000e+00, 0.000000, 1.300000e+00, 0, 0.838468, 2.953554e-03 
6.092083e+00, 7.658442e-02, 1.020577e-05, 1.201365e-04, 0, 7.642405e-02, 2.828458e-05, 1.749561e-06, 0.541282, 3.178525e-03, 0.000000e+00, 0.000000, 1.300000e+00, 0, 0.541282, 3.178525e-03 
6.169574e+00, 7.749041e-02, 1.020577e-05, 1.463800e-04, 0, 7.730933e-02, 2.391067e-05, 5.831871e-07, 0.538095, 5.936080e-03, 0.000000e+00, 0.000000, 1.300000e+00, 0, 0.538095, 5.936080e-03 
6.247127e+00, 7.755339e-02, 1.020577e-05, 1.248020e-04, 0, 7.739243e-02, 2.536864e-05, 5.831871e-07, 0.760295, 4.694293e-03, 0.000000e+00, 0.000000, 1.300000e+00, 0, 0.760295, 4.694293e-03 
6.326075e+00, 7.894808e-02, 1.049737e-05, 1.250936e-04, 0, 7.878391e-02, 2.770139e-05, 8.747807e-07, 0.792457, 5.313113e-03, 0.000000e+00, 0.000000, 1.300000e+00, 0, 0.792457, 5.313113e-03 
6.407829e+00, 8.175321e-02, 1.224693e-05, 1.440472e-04, 0, 8.157155e-02, 2.478545e-05, 5.831871e-07, 0.530484, 1.886636e-03, 0.000000e+00, 0.000000, 1.300000e+00, 0, 0.530484, 1.886636e-03 
6.517211e+00, 1.093826e-01, 9.330994e-06, 1.320919e-04, 0, 1.092137e-01, 2.624342e-05, 1.166374e-06, 0.117752, 3.004321e-03, 0.000000e+00, 0.000000, 1.300000e+00, 0, 0.117752, 3.004321e-03 
6.593224e+00, 7.601319e-02, 1.049737e-05, 1.355910e-04, 0, 7.583999e-02, 2.624342e-05, 8.747807e-07, 0.851587, 3.217408e-03, 0.000000e+00, 0.000000, 1.300000e+00, 0, 0.851587, 3.217408e-03 
6.669503e+00, 7.627883e-02, 1.108056e-05, 1.329667e-04, 0, 7.610767e-02, 2.653501e-05, 5.831871e-07, 0.431609, 2.249161e-03, 0.000000e+00, 0.000000, 1.300000e+00, 0, 0.431609, 2.249161e-03 
6.747372e+00, 7.786889e-02, 8.747807e-06, 1.283012e-04, 0, 7.770560e-02, 2.507705e-05, 1.166374e-06, 0.757780, 4.451865e-03, 0.000000e+00, 0.000000, 1.300000e+00, 0, 0.757780, 4.451865e-03 
6.825868e+00, 7.849582e-02, 9.330994e-06, 1.163458e-04, 0, 7.834273e-02, 2.682661e-05, 5.831871e-07, 0.501408, 1.561083e-03, 0.000000e+00, 0.000000, 1.300000e+00, 0, 0.501408, 1.561083e-03 
6.954134e+00, 1.282662e-01, 1.137215e-05, 1.224693e-04, 0, 1.281067e-01, 2.507705e-05, 5.831871e-07, 0.080337, 2.435997e-03, 0.000000e+00, 0.000000, 1.300000e+00, 0, 0.080337, 2.435997e-03 
7.028683e+00, 7.454939e-02, 8.747807e-06, 1.186786e-04, 0, 7.439893e-02, 2.245270e-05, 5.831871e-07, 0.867497, 3.285692e-03, 0.000000e+00, 0.000000, 1.300000e+00, 0, 0.867497, 3.285692e-03 
7.108028e+00, 7.934407e-02, 1.078896e-05, 1.178038e-04, 0, 7.918981e-02, 2.478545e-05, 8.747807e-07, 0.470251, 1.313179e-03, 0.000000e+00, 0.000000, 1.300000e+00, 0, 0.470251, 1.313179e-03 
7.186619e+00, 7.859146e-02, 1.049737e-05, 1.437556e-04, 0, 7.841242e-02, 2.391067e-05, 8.747807e-07, 0.696963, 5.081369e-03, 0.000000e+00, 0.000000, 1.300000e+00, 0, 0.696963, 5.081369e-03 
7.264702e+00, 7.808292e-02, 9.914181e-06, 1.239273e-04, 0, 7.792342e-02, 2.478545e-05, 8.747807e-07, 0.673740, 4.355868e-03, 0.000000e+00, 0.000000, 1.300000e+00, 0, 0.673740, 4.355868e-03 
7.340651e+00, 7.594875e-02, 1.020577e-05, 1.248020e-04, 0, 7.578837e-02, 2.478545e-05, 5.831871e-07, 0.282111, 4.359564e-03, 0.000000e+00, 0.000000, 1.300000e+00, 0, 0.282111, 4.359564e-03 
7.417692e+00, 7.704164e-02, 1.049737e-05, 1.215945e-04, 0, 7.687835e-02, 3.003414e-05, 1.166374e-06, 0.889823, 2.530282e-03, 0.000000e+00, 0.000000, 1.300000e+00, 0, 0.889823, 2.530282e-03 
7.501954e+00, 8.426179e-02, 9.622588e-06, 1.650420e-04, 0, 8.405943e-02, 2.711820e-05, 5.831871e-07, 1.162213, 4.936506e-03, 0.000000e+00, 0.000000, 1.300000e+00, 0, 1.162213, 4.936506e-03 
7.577346e+00, 7.539152e-02, 1.078896e-05, 1.781637e-04, 0, 7.517690e-02, 2.507705e-05, 5.831871e-07, 0.525259, 2.631835e-03, 0.000000e+00, 0.000000, 1.300000e+00, 0, 0.525259, 2.631835e-03 
7.651739e+00, 7.439368e-02, 9.622588e-06, 1.195534e-04, 0, 7.423972e-02, 2.391067e-05, 8.747807e-07, 0.610187, 5.861315e-03, 0.000000e+00, 0.000000, 1.300000e+00, 0, 0.610187, 5.861315e-03 
7.729174e+00, 7.743442e-02, 1.049737e-05, 1.250936e-04, 0, 7.727288e-02, 2.536864e-05, 5.831871e-07, 0.869722, 4.218569e-03, 0.000000e+00, 0.000000, 1.300000e+00, 0, 0.869722, 4.218569e-03 
7.809138e+00, 7.996458e-02, 9.914181e-06, 1.183870e-04, 0, 7.980974e-02, 2.566023e-05, 8.747807e-07, 0.498362, 1.748057e-03, 0.000000e+00, 0.000000, 1.300000e+00, 0, 0.498362, 1.748057e-03 
7.887739e+00, 7.860050e-02, 2.041155e-05, 1.288844e-04, 0, 7.842759e-02, 2.303589e-05, 5.831871e-07, 0.525366, 4.734714e-03, 0.000000e+00, 0.000000, 1.300000e+00, 0, 0.525366, 4.734714e-03 
7.965662e+00, 7.792313e-02, 9.330994e-06, 1.183870e-04, 0, 7.776771e-02, 2.711820e-05, 5.831871e-07, 0.848707, 4.435000e-03, 0.000000e+00, 0.000000, 1.300000e+00, 0, 0.848707, 4.435000e-03 
8.042489e+00, 7.682703e-02, 1.049737e-05, 1.385069e-04, 0, 7.665266e-02, 2.478545e-05, 5.831871e-07, 0.452095, 2.775410e-03, 0.000000e+00, 0.000000, 1.300000e+00, 0, 0.452095, 2.775410e-03 
8.451738e+00, 4.092486e-01, 1.020577e-05, 1.615428e-04, 0, 4.090501e-01, 2.566023e-05, 1.166374e-06, 0.039042, 1.031187e-03, 0.000000e+00, 0.000000, 1.300000e+00, 0, 0.039042, 1.031187e-03 
8.529206e+00, 7.746854e-02, 1.078896e-05, 1.574605e-04, 0, 7.726996e-02, 2.945095e-05, 8.747807e-07, 0.869607, 3.013565e-03, 0.000000e+00, 0.000000, 1.300000e+00, 0, 0.869607, 3.013565e-03 
8.605505e+00, 7.629837e-02, 1.370490e-05, 1.312171e-04, 0, 7.612837e-02, 2.449386e-05, 5.831871e-07, 0.998934, 6.190838e-03, 0.000000e+00, 0.000000, 1.300000e+00, 0, 0.998934, 6.190838e-03 
8.682647e+00, 7.714253e-02, 9.622588e-06, 1.318003e-04, 0, 7.697399e-02, 2.653501e-05, 5.831871e-07, 0.375684, 3.534361e-03, 0.000000e+00, 0.000000, 1.300000e+00, 0, 0.375684, 3.534361e-03 
8.760588e+00, 7.794121e-02, 1.049737e-05, 1.239273e-04, 0, 7.777646e-02, 2.857617e-05, 1.749561e-06, 0.867232, 3.371617e-03, 0.000000e+00, 0.000000, 1.300000e+00, 0, 0.867232, 3.371617e-03 
8.835966e+00, 7.537810e-02, 1.224693e-05, 1.364658e-04, 0, 7.520431e-02, 2.449386e-05, 5.831871e-07, 0.367065, 3.280344e-03, 0.000000e+00, 0.000000, 1.300000e+00, 0, 0.367065, 3.280344e-03 
8.915974e+00, 8.000715e-02, 1.020577e-05, 1.262600e-04, 0, 7.984298e-02, 2.682661e-05, 8.747807e-07, 0.784827, 4.087748e-03, 0.000000e+00, 0.000000, 1.300000e+00, 0, 0.784827, 4.087748e-03 
8.997700e+00, 8.172697e-02, 9.914181e-06, 1.425893e-04, 0, 8.154385e-02, 3.003414e-05, 5.831871e-07, 0.606444, 3.507647e-03, 0.000000e+00, 0.000000, 1.300000e+00, 0, 0.606444, 3.507647e-03 
9.074986e+00, 7.728512e-02, 1.020577e-05, 1.300507e-04, 0, 7.712067e-02, 2.361908e-05, 5.831871e-07, 0.611710, 3.953703e-03, 0.000000e+00, 0.000000, 1.300000e+00, 0, 0.611710, 3.953703e-03 
9.150456e+00, 7.547083e-02, 1.108056e-05, 1.218861e-04, 0, 7.531162e-02, 2.507705e-05, 1.166374e-06, 0.697631, 4.520921e-03, 0.000000e+00, 0.000000, 1.300000e+00, 0, 0.697631, 4.520921e-03 
9.228749e+00, 7.829229e-02, 9.622588e-06, 1.297591e-04, 0, 7.812666e-02, 2.566023e-05, 5.831871e-07, 0.559221, 5.135432e-03, 0.000000e+00, 0.000000, 1.300000e+00, 0, 0.559221, 5.135432e-03 
9.305629e+00, 7.688010e-02, 1.108056e-05, 1.408397e-04, 0, 7.670310e-02, 2.449386e-05, 5.831871e-07, 0.721048, 5.784559e-03, 0.000000e+00, 0.000000, 1.300000e+00, 0, 0.721048, 5.784559e-03 
9.383742e+00, 7.811296e-02, 9.914181e-06, 1.248020e-04, 0, 7.795200e-02, 2.566023e-05, 5.831871e-07, 0.745605, 5.098618e-03, 0.000000e+00, 0.000000, 1.300000e+00, 0, 0.745605, 5.098618e-03 
9.461191e+00, 7.744929e-02, 1.078896e-05, 1.385069e-04, 0, 7.727521e-02, 2.391067e-05, 8.747807e-07, 0.599328, 5.818956e-03, 0.000000e+00, 0.000000, 1.300000e+00, 0, 0.599328, 5.818956e-03 
9.537749e+00, 7.655818e-02, 1.020577e-05, 1.315087e-04, 0, 7.639197e-02, 2.361908e-05, 8.747807e-07, 0.778465, 4.608499e-03, 0.000000e+00, 0.000000, 1.300000e+00, 0, 0.778465, 4.608499e-03 
9.617890e+00, 8.014099e-02, 1.078896e-05, 1.224693e-04, 0, 7.998324e-02, 2.391067e-05, 5.831871e-07, 0.713078, 4.952694e-03, 0.000000e+00, 0.000000, 1.300000e+00, 0, 0.713078, 4.952694e-03 
9.695495e+00, 7.760471e-02, 9.622588e-06, 1.210113e-04, 0, 7.744258e-02, 3.061732e-05, 8.747807e-07, 0.723534, 5.768506e-03, 0.000000e+00, 0.000000, 1.300000e+00, 0, 0.723534, 5.768506e-03 
9.775378e+00, 7.988322e-02, 1.108056e-05, 1.306339e-04, 0, 7.971352e-02, 2.740979e-05, 5.831871e-07, 0.843969, 4.829068e-03, 0.000000e+00, 0.000000, 1.300000e+00, 0, 0.843969, 4.829068e-03 
9.849311e+00, 7.393326e-02, 1.078896e-05, 1.355910e-04, 0, 7.376034e-02, 2.595183e-05, 5.831871e-07, 0.570868, 2.156180e-03, 0.000000e+00, 0.000000, 1.300000e+00, 0, 0.570868, 2.156180e-03 
9.924409e+00, 7.509759e-02, 1.020577e-05, 1.154711e-04, 0, 7.494742e-02, 2.391067e-05, 5.831871e-07, 0.605036, 3.181440e-03, 0.000000e+00, 0.000000, 1.300000e+00, 0, 0.605036, 3.181440e-03 
1.000379e+01, 7.938489e-02, 1.137215e-05, 1.271348e-04, 0, 7.922072e-02, 2.478545e-05, 8.747807e-07, 0.611462, 2.999117e-03, 0.000000e+00, 0.000000, 1.300000e+00, 0, 0.611462, 2.999117e-03 
1.008086e+01, 7.706264e-02, 1.049737e-05, 1.265516e-04, 0, 7.690110e-02, 2.391067e-05, 5.831871e-07, 0.609636, 3.530235e-03, 0.000000e+00, 0.000000, 1.300000e+00, 0, 0.609636, 3.530235e-03 
1.015763e+01, 7.677104e-02, 9.039400e-06, 1.259684e-04, 0, 7.661067e-02, 2.478545e-05, 5.831871e-07, 0.574378, 4.702616e-03, 0.000000e+00, 0.000000, 1.300000e+00, 0, 0.574378, 4.702616e-03 
1.023461e+01, 7.698653e-02, 1.137215e-05, 1.326751e-04, 0, 7.681799e-02, 2.391067e-05, 5.831871e-07, 0.866417, 4.558281e-03, 0.000000e+00, 0.000000, 1.300000e+00, 0, 0.866417, 4.558281e-03 
1.031182e+01, 7.720435e-02, 1.078896e-05, 1.271348e-04, 0, 7.703756e-02, 2.799298e-05, 8.747807e-07, 0.451640, 3.348569e-03, 0.000000e+00, 0.000000, 1.300000e+00, 0, 0.451640, 3.348569e-03 
1.045647e+01, 1.446552e-01, 1.283012e-05, 1.635840e-04, 0, 1.444505e-01, 2.770139e-05, 5.831871e-07, 0.079756, 1.382028e-03, 0.000000e+00, 0.000000, 1.300000e+00, 0, 0.079756, 1.382028e-03 
1.053290e+01, 7.642901e-02, 1.020577e-05, 1.315087e-04, 0, 7.626076e-02, 2.536864e-05, 1.166374e-06, 0.879632, 2.439909e-03, 0.000000e+00, 0.000000, 1.300000e+00, 0, 0.879632, 2.439909e-03 
1.061219e+01, 7.928429e-02, 1.049737e-05, 1.370490e-04, 0, 7.911400e-02, 2.216111e-05, 5.831871e-07, 0.355591, 4.297009e-03, 0.000000e+00, 0.000000, 1.300000e+00, 0, 0.355591, 4.297009e-03 
1.068944e+01, 7.725713e-02, 1.078896e-05, 1.390901e-04, 0, 7.708072e-02, 2.566023e-05, 8.747807e-07, 0.915297, 2.574958e-03, 0.000000e+00, 0.000000, 1.300000e+00, 0, 0.915297, 2.574958e-03 
1.076649e+01, 7.704806e-02, 9.330994e-06, 1.329667e-04, 0, 7.688185e-02, 2.303589e-05, 8.747807e-07, 0.468800, 4.039800e-03, 0.000000e+00, 0.000000, 1.300000e+00, 0, 0.468800, 4.039800e-03 
1.083823e+01, 7.173697e-02, 8.164620e-06, 1.151795e-04, 0, 7.159030e-02, 2.245270e-05, 8.747807e-07, 0.587632, 5.075274e-03, 0.000000e+00, 0.000000, 1.300000e+00, 0, 0.587632, 5.075274e-03 
1.091442e+01, 7.618698e-02, 8.456213e-06, 1.163458e-04, 0, 7.603623e-02, 2.536864e-05, 5.831871e-07, 0.482398, 5.847689e-03, 0.000000e+00, 0.000000, 1.300000e+00, 0, 0.482398, 5.847689e-03 
1.099205e+01, 7.763183e-02, 1.195534e-05, 1.218861e-04, 0, 7.747437e-02, 2.303589e-05, 5.831871e-07, 0.677994, 4.477407e-03, 0.000000e+00, 0.000000, 1.300000e+00, 0, 0.677994, 4.477407e-03 
1.107008e+01, 7.802781e-02, 1.108056e-05, 1.420061e-04, 0, 7.785111e-02, 2.303589e-05, 5.831871e-07, 0.596480, 3.901606e-03, 0.000000e+00, 0.000000, 1.300000e+00, 0, 0.596480, 3.901606e-03 
1.114667e+01, 7.659813e-02, 8.456213e-06, 1.256768e-04, 0, 7.644067e-02, 2.274430e-05, 5.831871e-07, 0.621234, 4.776551e-03, 0.000000e+00, 0.000000, 1.300000e+00, 0, 0.621234, 4.776551e-03 
1.122345e+01, 7.677425e-02, 1.108056e-05, 1.478379e-04, 0, 7.658792e-02, 2.682661e-05, 5.831871e-07, 0.425823, 5.854536e-03, 0.000000e+00, 0.000000, 1.300000e+00, 0, 0.425823, 5.854536e-03 
1.130076e+01, 7.731049e-02, 1.108056e-05, 1.227609e-04, 0, 7.715128e-02, 2.478545e-05, 5.831871e-07, 0.713929, 4.549857e-03, 0.000000e+00, 0.000000, 1.300000e+00, 0, 0.713929, 4.549857e-03 
1.138106e+01, 8.029962e-02, 8.747807e-06, 1.350078e-04, 0, 8.012845e-02, 2.682661e-05, 5.831871e-07, 0.491250, 2.599508e-03, 0.000000e+00, 0.000000, 1.300000e+00, 0, 0.491250, 2.599508e-03 
1.149099e+01, 1.099343e-01, 1.078896e-05, 1.250936e-04, 0, 1.097681e-01, 2.915936e-05, 1.166374e-06, 0.062071, 1.481338e-03, 0.000000e+00, 0.000000, 1.300000e+00, 0, 0.062071, 1.481338e-03 
1.157027e+01, 7.928167e-02, 9.330994e-06, 1.352994e-04, 0, 7.911225e-02, 2.391067e-05, 8.747807e-07, 0.773108, 3.932262e-03, 0.000000e+00, 0.000000, 1.300000e+00, 0, 0.773108, 3.932262e-03 
1.164244e+01, 7.216562e-02, 9.039400e-06, 1.163458e-04, 0, 7.201136e-02, 2.770139e-05, 1.166374e-06, 0.480001, 2.874114e-03, 0.000000e+00, 0.000000, 1.300000e+00, 0, 0.480001, 2.874114e-03 
1.172021e+01, 7.777296e-02, 9.622588e-06, 1.210113e-04, 0, 7.761929e-02, 2.245270e-05, 5.831871e-07, 0.809761, 4.256700e-03, 0.000000e+00, 0.000000, 1.300000e+00, 0, 0.809761, 4.256700e-03 
1.179845e+01, 7.823484e-02, 2.011996e-05, 1.285928e-04, 0, 7.805960e-02, 2.566023e-05, 8.747807e-07, 0.550349, 2.004559e-03, 0.000000e+00, 0.000000, 1.300000e+00, 0, 0.550349, 2.004559e-03 
1.187533e+01, 7.688010e-02, 1.108056e-05, 1.303423e-04, 0, 7.671185e-02, 2.595183e-05, 8.747807e-07, 0.505623, 4.908245e-03, 0.000000e+00, 0.000000, 1.300000e+00, 0, 0.505623, 4.908245e-03 
1.195438e+01, 7.905101e-02, 9.622588e-06, 1.175122e-04, 0, 7.890026e-02, 2.303589e-05, 5.831871e-07, 0.070574, 2.248026e-03, 0.000000e+00, 0.000000, 1.300000e+00, 0, 0.070574, 2.248026e-03 
1.203290e+01, 7.852236e-02, 1.049737e-05, 1.183870e-04, 0, 7.836898e-02, 2.391067e-05, 5.831871e-07, 0.792333, 4.047542e-03, 0.000000e+00, 0.000000, 1.300000e+00, 0, 0.792333, 4.047542e-03 
1.211237e+01, 7.947003e-02, 1.049737e-05, 1.230525e-04, 0, 7.930878e-02, 2.711820e-05, 5.831871e-07, 0.620429, 4.477737e-03, 0.000000e+00, 0.000000, 1.300000e+00, 0, 0.620429, 4.477737e-03 
1.218979e+01, 7.742042e-02, 1.020577e-05, 1.271348e-04, 0, 7.725771e-02, 2.449386e-05, 8.747807e-07, 0.864320, 5.290978e-03, 0.000000e+00, 0.000000, 1.300000e+00, 0, 0.864320, 5.290978e-03 
1.226681e+01, 7.701802e-02, 1.108056e-05, 1.268432e-04, 0, 7.685182e-02, 2.711820e-05, 1.166374e-06, 0.502620, 1.924727e-03, 0.000000e+00, 0.000000, 1.300000e+00, 0, 0.502620, 1.924727e-03 
1.239549e+01, 1.286791e-01, 9.330994e-06, 1.370490e-04, 0, 1.285032e-01, 2.828458e-05, 1.166374e-06, 0.098801, 2.178017e-03, 0.000000e+00, 0.000000, 1.300000e+00, 0, 0.098801, 2.178017e-03 
1.246876e+01, 7.326930e-02, 9.914181e-06, 1.478379e-04, 0, 7.308763e-02, 2.332748e-05, 5.831871e-07, 0.863706, 3.216162e-03, 0.000000e+00, 0.000000, 1.300000e+00, 0, 0.863706, 3.216162e-03 
1.254707e+01, 7.831212e-02, 1.137215e-05, 1.271348e-04, 0, 7.813833e-02, 2.507705e-05, 1.020577e-05, 0.480425, 1.314476e-03, 0.000000e+00, 0.000000, 1.300000e+00, 0, 0.480425, 1.314476e-03 
1.262500e+01, 7.792692e-02, 1.049737e-05, 1.259684e-04, 0, 7.776480e-02, 2.478545e-05, 8.747807e-07, 0.675678, 4.600195e-03, 0.000000e+00, 0.000000, 1.300000e+00, 0, 0.675678, 4.600195e-03 
1.270351e+01, 7.851536e-02, 9.914181e-06, 1.300507e-04, 0, 7.835090e-02, 2.391067e-05, 5.831871e-07, 0.503449, 4.012950e-03, 0.000000e+00, 0.000000, 1.300000e+00, 0, 0.503449, 4.012950e-03 
1.278165e+01, 7.813833e-02, 1.078896e-05, 1.288844e-04, 0, 7.797328e-02, 2.478545e-05, 5.831871e-07, 0.604790, 5.835584e-03, 0.000000e+00, 0.000000, 1.300000e+00, 0, 0.604790, 5.835584e-03 
1.286015e+01, 7.850253e-02, 1.078896e-05, 1.233441e-04, 0, 7.834128e-02, 2.624342e-05, 8.747807e-07, 0.816068, 4.070156e-03, 0.000000e+00, 0.000000, 1.300000e+00, 0, 0.816068, 4.070156e-03 
1.293730e+01, 7.715041e-02, 1.020577e-05, 1.262600e-04, 0, 7.698828e-02, 2.507705e-05, 5.831871e-07, 0.476480, 1.325296e-03, 0.000000e+00, 0.000000, 1.300000e+00, 0, 0.476480, 1.325296e-03 
1.301532e+01, 7.801848e-02, 1.020577e-05, 1.245105e-04, 0, 7.785052e-02, 3.207529e-05, 1.166374e-06, 0.461279, 4.907676e-03, 0.000000e+00, 0.000000, 1.300000e+00, 0, 0.461279, 4.907676e-03 
1.309575e+01, 8.042325e-02, 9.914181e-06, 1.408397e-04, 0, 8.024742e-02, 2.449386e-05, 5.831871e-07, 0.744441, 5.874649e-03, 0.000000e+00, 0.000000, 1.300000e+00, 0, 0.744441, 5.874649e-03 
1.317586e+01, 8.011533e-02, 1.108056e-05, 1.224693e-04, 0, 7.995758e-02, 2.332748e-05, 8.747807e-07, 0.800121, 5.717582e-03, 0.000000e+00, 0.000000, 1.300000e+00, 0, 0.800121, 5.717582e-03 
1.324999e+01, 7.413125e-02, 9.622588e-06, 1.201365e-04, 0, 7.397612e-02, 2.449386e-05, 8.747807e-07, 0.702662, 5.415974e-03, 0.000000e+00, 0.000000, 1.300000e+00, 0, 0.702662, 5.415974e-03 
1.332728e+01, 7.729300e-02, 1.137215e-05, 1.230525e-04, 0, 7.713320e-02, 2.449386e-05, 8.747807e-07, 0.459036, 6.061510e-03, 0.000000e+00, 0.000000, 1.300000e+00, 0, 0.459036, 6.061510e-03 
1.341349e+01, 8.620585e-02, 1.049737e-05, 1.224693e-04, 0, 8.604839e-02, 2.391067e-05, 5.831871e-07, 0.916829, 3.309041e-03, 0.000000e+00, 0.000000, 1.300000e+00, 0, 0.916829, 3.309041e-03 
1.351429e+01, 1.007978e-01, 1.108056e-05, 1.303423e-04, 0, 1.006269e-01, 2.886776e-05, 5.831871e-07, 0.431146, 7.009509e-03, 0.000000e+00, 0.000000, 1.300000e+00, 0, 0.431146, 7.009509e-03 
1.360809e+01, 9.379836e-02, 1.020577e-05, 1.303423e-04, 0, 9.362982e-02, 2.711820e-05, 8.747807e-07, 0.847346, 4.413831e-03, 0.000000e+00, 0.000000, 1.300000e+00, 0, 0.847346, 4.413831e-03 
1.368809e+01, 8.000015e-02, 1.370490e-05, 1.224693e-04, 0, 7.983482e-02, 2.828458e-05, 8.747807e-07, 0.426352, 2.894130e-03, 0.000000e+00, 0.000000, 1.300000e+00, 0, 0.426352, 2.894130e-03 
1.376585e+01, 7.776742e-02, 1.283012e-05, 1.490043e-04, 0, 7.758080e-02, 2.391067e-05, 8.747807e-07, 0.853739, 3.516657e-03, 0.000000e+00, 0.000000, 1.300000e+00, 0, 0.853739, 3.516657e-03 
1.384424e+01, 7.838910e-02, 9.330994e-06, 1.265516e-04, 0, 7.822960e-02, 2.303589e-05, 5.831871e-07, 0.330473, 3.858384e-03, 0.000000e+00, 0.000000, 1.300000e+00, 0, 0.330473, 3.858384e-03 
1.392209e+01, 7.784790e-02, 1.078896e-05, 1.606681e-04, 0, 7.764816e-02, 2.711820e-05, 1.166374e-06, 0.686984, 5.471056e-03, 0.000000e+00, 0.000000, 1.300000e+00, 0, 0.686984, 5.471056e-03 
1.400067e+01, 7.857863e-02, 9.039400e-06, 1.329667e-04, 0, 7.841359e-02, 2.245270e-05, 5.831871e-07, 0.744169, 5.272936e-03, 0.000000e+00, 0.000000, 1.300000e+00, 0, 0.744169, 5.272936e-03 
1.407618e+01, 7.550582e-02, 1.137215e-05, 1.192618e-04, 0, 7.534574e-02, 2.828458e-05, 1.166374e-06, 0.444178, 2.661073e-03, 0.000000e+00, 0.000000, 1.300000e+00, 0, 0.444178, 2.661073e-03 
1.415251e+01, 7.633861e-02, 1.049737e-05, 1.315087e-04, 0, 7.616920e-02, 2.682661e-05, 5.831871e-07, 0.842993, 3.782625e-03, 0.000000e+00, 0.000000, 1.300000e+00, 0, 0.842993, 3.782625e-03 
1.422994e+01, 7.742859e-02, 1.049737e-05, 1.457968e-04, 0, 7.724693e-02, 2.449386e-05, 8.747807e-07, 0.262738, 3.825603e-03, 0.000000e+00, 0.000000, 1.300000e+00, 0, 0.262738, 3.825603e-03 
1.430640e+01, 7.645642e-02, 9.914181e-06, 1.297591e-04, 0, 7.629050e-02, 2.566023e-05, 5.831871e-07, 0.792864, 3.733468e-03, 0.000000e+00, 0.000000, 1.300000e+00, 0, 0.792864, 3.733468e-03 
1.438677e+01, 8.036756e-02, 1.108056e-05, 1.250936e-04, 0, 8.020747e-02, 2.332748e-05, 5.831871e-07, 0.463362, 1.726133e-03, 0.000000e+00, 0.000000, 1.300000e+00, 0, 0.463362, 1.726133e-03 
1.446476e+01, 7.799778e-02, 9.330994e-06, 1.192618e-04, 0, 7.784353e-02, 2.478545e-05, 8.747807e-07, 0.820982, 4.006403e-03, 0.000000e+00, 0.000000, 1.300000e+00, 0, 0.820982, 4.006403e-03 
1.454194e+01, 7.717607e-02, 1.108056e-05, 1.318003e-04, 0, 7.700694e-02, 2.478545e-05, 1.457968e-06, 0.474881, 1.237804e-03, 0.000000e+00, 0.000000, 1.300000e+00, 0, 0.474881, 1.237804e-03 
1.461984e+01, 7.789426e-02, 9.330994e-06, 1.259684e-04, 0, 7.773330e-02, 2.507705e-05, 5.831871e-07, 0.642850, 4.476018e-03, 0.000000e+00, 0.000000, 1.300000e+00, 0, 0.642850, 4.476018e-03 
1.469733e+01, 7.749740e-02, 1.078896e-05, 1.259684e-04, 0, 7.733265e-02, 2.740979e-05, 5.831871e-07, 0.794319, 4.544551e-03, 0.000000e+00, 0.000000, 1.300000e+00, 0, 0.794319, 4.544551e-03 
1.477519e+01, 7.785956e-02, 1.078896e-05, 1.218861e-04, 0, 7.770239e-02, 2.391067e-05, 5.831871e-07, 0.459429, 1.987242e-03, 0.000000e+00, 0.000000, 1.300000e+00, 0, 0.459429, 1.987242e-03 
1.485257e+01, 7.737493e-02, 9.330994e-06, 1.201365e-04, 0, 7.722010e-02, 2.420227e-05, 1.166374e-06, 0.549180, 4.413514e-03, 0.000000e+00, 0.000000, 1.300000e+00, 0, 0.549180, 4.413514e-03 
1.492944e+01, 7.687689e-02, 1.108056e-05, 1.338414e-04, 0, 7.670660e-02, 2.449386e-05, 8.747807e-07, 0.871714, 5.074415e-03, 0.000000e+00, 0.000000, 1.300000e+00, 0, 0.871714, 5.074415e-03 
1.501380e+01, 8.435802e-02, 9.914181e-06, 1.332583e-04, 0, 8.418948e-02, 2.449386e-05, 8.747807e-07, 0.529148, 2.010619e-03, 0.000000e+00, 0.000000, 1.300000e+00, 0, 0.529148, 2.010619e-03 
1.509473e+01, 8.092538e-02, 1.020577e-05, 1.280096e-04, 0, 8.076267e-02, 2.391067e-05, 5.831871e-07, 0.630343, 4.584381e-03, 0.000000e+00, 0.000000, 1.300000e+00, 0, 0.630343, 4.584381e-03 
1.517550e+01, 8.077521e-02, 8.747807e-06, 1.259684e-04, 0, 8.061396e-02, 2.595183e-05, 5.831871e-07, 0.553102, 4.375646e-03, 0.000000e+00, 0.000000, 1.300000e+00, 0, 0.553102, 4.375646e-03 
1.525168e+01, 7.617736e-02, 1.078896e-05, 1.277180e-04, 0, 7.600882e-02, 2.886776e-05, 1.166374e-06, 0.701668, 5.032613e-03, 0.000000e+00, 0.000000, 1.300000e+00, 0, 0.701668, 5.032613e-03 
1.532842e+01, 7.673576e-02, 1.545446e-05, 1.487127e-04, 0, 7.654739e-02, 2.361908e-05, 5.831871e-07, 0.536720, 7.284310e-03, 0.000000e+00, 0.000000, 1.300000e+00, 0, 0.536720, 7.284310e-03 
1.540668e+01, 7.826517e-02, 1.020577e-05, 1.364658e-04, 0, 7.809225e-02, 2.536864e-05, 8.747807e-07, 0.416938, 6.219554e-03, 0.000000e+00, 0.000000, 1.300000e+00, 0, 0.416938, 6.219554e-03 
1.548589e+01, 7.921197e-02, 1.370490e-05, 1.227609e-04, 0, 7.905014e-02, 2.478545e-05, 5.831871e-07, 0.962567, 4.567749e-03, 0.000000e+00, 0.000000, 1.300000e+00, 0, 0.962567, 4.567749e-03 
1.556203e+01, 7.613245e-02, 1.020577e-05, 1.320919e-04, 0, 7.596479e-02, 2.478545e-05, 5.831871e-07, 0.480134, 3.050148e-03, 0.000000e+00, 0.000000, 1.300000e+00, 0, 0.480134, 3.050148e-03 
1.564165e+01, 7.962954e-02, 8.747807e-06, 1.265516e-04, 0, 7.946683e-02, 2.595183e-05, 1.457968e-06, 0.499248, 6.262356e-03, 0.000000e+00, 0.000000, 1.300000e+00, 0, 0.499248, 6.262356e-03 
1.571395e+01, 7.229392e-02, 1.020577e-05, 1.387985e-04, 0, 7.212042e-02, 2.391067e-05, 5.831871e-07, 0.639746, 4.173528e-03, 0.000000e+00, 0.000000, 1.300000e+00, 0, 0.639746, 4.173528e-03 
1.579033e+01, 7.638206e-02, 9.622588e-06, 1.151795e-04, 0, 7.622839e-02, 2.682661e-05, 2.041155e-06, 0.547192, 5.411619e-03, 0.000000e+00, 0.000000, 1.300000e+00, 0, 0.547192, 5.411619e-03 
1.586806e+01, 7.772951e-02, 1.108056e-05, 1.437556e-04, 0, 7.754872e-02, 2.536864e-05, 5.831871e-07, 0.851446, 3.917214e-03, 0.000000e+00, 0.000000, 1.300000e+00, 0, 0.851446, 3.917214e-03 
1.594550e+01, 7.743559e-02, 9.330994e-06, 1.297591e-04, 0, 7.727171e-02, 2.420227e-05, 5.831871e-07, 0.221461, 4.659103e-03, 0.000000e+00, 0.000000, 1.300000e+00, 0, 0.221461, 4.659103e-03 
1.602337e+01, 7.787618e-02, 1.224693e-05, 1.265516e-04, 0, 7.771377e-02, 2.303589e-05, 5.831871e-07, 0.702759, 5.563473e-03, 0.000000e+00, 0.000000, 1.300000e+00, 0, 0.702759, 5.563473e-03 
1.610159e+01, 7.821356e-02, 1.108056e-05, 1.201365e-04, 0, 7.805202e-02, 2.915936e-05, 1.166374e-06, 0.498933, 5.461308e-03, 0.000000e+00, 0.000000, 1.300000e+00, 0, 0.498933, 5.461308e-03 
1.618057e+01, 7.898920e-02, 1.166374e-05, 1.484211e-04, 0, 7.880170e-02, 2.653501e-05, 8.747807e-07, 0.623084, 5.496517e-03, 0.000000e+00, 0.000000, 1.300000e+00, 0, 0.623084, 5.496517e-03 
1.625775e+01, 7.717461e-02, 8.456213e-06, 1.192618e-04, 0, 7.701832e-02, 2.770139e-05, 8.747807e-07, 0.996071, 6.461966e-03, 0.000000e+00, 0.000000, 1.300000e+00, 0, 0.996071, 6.461966e-03 
1.633636e+01, 7.861071e-02, 1.195534e-05, 1.717486e-04, 0, 7.839872e-02, 2.711820e-05, 1.166374e-06, 0.248701, 4.918947e-03, 0.000000e+00, 0.000000, 1.300000e+00, 0, 0.248701, 4.918947e-03 
1.642067e+01, 8.430641e-02, 9.622588e-06, 1.347162e-04, 0, 8.413407e-02, 2.711820e-05, 8.747807e-07, 0.695393, 4.996279e-03, 0.000000e+00, 0.000000, 1.300000e+00, 0, 0.695393, 4.996279e-03 
0.240000, 0, 0, 0, 0, 0, 0, 0, 0, 0, 0, 0, 0, 0, 0 ,0