TRM WS=0, MS=1, TRMstep=0: ub=0.800000, lb=0.200000, grow=2.000000,shrink=0.500000, b_w=0,b_m=0, lr=0.900000, decay=0.000000, lambda=0.000100, n=370, n0=25, n1=10, n2=10, sub_tol=0.001000, sub_maxit=1000, tol=1.000000e-08, m=100 
time, iter_t, subset_m_time, g_time, subset_w_time, p1_time, t2, t3, total error, total gmag, rho, sigma, gamma, step, approx error, approx gmag 
8.264782e-02, 8.264782e-02, 1.253852e-05, 1.985752e-04, 0, 8.231978e-02, 1.151795e-04, 1.749561e-06, 1.625764, 8.506012e-03, 0.000000e+00, 0.000000, 9.000000e-01, 0, 1.625764, 8.506012e-03 
1.603415e-01, 7.769365e-02, 9.330994e-06, 1.256768e-04, 0, 7.753589e-02, 2.216111e-05, 5.831871e-07, 1.019813, 7.457942e-03, 0.000000e+00, 0.000000, 9.000000e-01, 0, 1.019813, 7.457942e-03 
2.373682e-01, 7.702677e-02, 1.108056e-05, 1.207197e-04, 0, 7.687164e-02, 2.245270e-05, 8.747807e-07, 0.842053, 6.213405e-03, 0.000000e+00, 0.000000, 9.000000e-01, 0, 0.842053, 6.213405e-03 
3.133444e-01, 7.597616e-02, 1.078896e-05, 1.201365e-04, 0, 7.582132e-02, 2.303589e-05, 8.747807e-07, 0.617739, 5.397568e-03, 0.000000e+00, 0.000000, 9.000000e-01, 0, 0.617739, 5.397568e-03 
3.895480e-01, 7.620360e-02, 8.747807e-06, 1.195534e-04, 0, 7.605081e-02, 2.391067e-05, 5.831871e-07, 0.750405, 4.853392e-03, 0.000000e+00, 0.000000, 9.000000e-01, 0, 0.750405, 4.853392e-03 
4.683103e-01, 7.876234e-02, 1.049737e-05, 1.431724e-04, 0, 7.858067e-02, 2.711820e-05, 8.747807e-07, 0.659677, 4.900486e-03, 0.000000e+00, 0.000000, 9.000000e-01, 0, 0.659677, 4.900486e-03 
5.456098e-01, 7.729941e-02, 9.039400e-06, 1.312171e-04, 0, 7.713466e-02, 2.361908e-05, 8.747807e-07, 0.524192, 5.485954e-03, 0.000000e+00, 0.000000, 9.000000e-01, 0, 0.524192, 5.485954e-03 
6.231016e-01, 7.749186e-02, 1.108056e-05, 1.437556e-04, 0, 7.728775e-02, 4.811294e-05, 1.166374e-06, 0.778536, 4.910666e-03, 0.000000e+00, 0.000000, 9.000000e-01, 0, 0.778536, 4.910666e-03 
7.032321e-01, 8.013049e-02, 1.195534e-05, 1.527950e-04, 0, 7.993658e-02, 2.828458e-05, 8.747807e-07, 0.663802, 4.145769e-03, 0.000000e+00, 0.000000, 9.000000e-01, 0, 0.663802, 4.145769e-03 
7.820035e-01, 7.877138e-02, 1.020577e-05, 1.253852e-04, 0, 7.861013e-02, 2.478545e-05, 8.747807e-07, 0.477526, 5.023887e-03, 0.000000e+00, 0.000000, 9.000000e-01, 0, 0.477526, 5.023887e-03 
8.588145e-01, 7.681099e-02, 9.330994e-06, 1.271348e-04, 0, 7.664828e-02, 2.536864e-05, 8.747807e-07, 0.798014, 4.441237e-03, 0.000000e+00, 0.000000, 9.000000e-01, 0, 0.798014, 4.441237e-03 
9.362404e-01, 7.742596e-02, 9.039400e-06, 1.163458e-04, 0, 7.727579e-02, 2.420227e-05, 5.831871e-07, 0.455046, 4.491250e-03, 0.000000e+00, 0.000000, 9.000000e-01, 0, 0.455046, 4.491250e-03 
1.013612e+00, 7.737144e-02, 1.108056e-05, 1.245105e-04, 0, 7.720756e-02, 2.740979e-05, 8.747807e-07, 0.774552, 4.566414e-03, 0.000000e+00, 0.000000, 9.000000e-01, 0, 0.774552, 4.566414e-03 
1.089886e+00, 7.627446e-02, 1.020577e-05, 1.396733e-04, 0, 7.610096e-02, 2.303589e-05, 5.831871e-07, 0.526818, 3.640305e-03, 0.000000e+00, 0.000000, 9.000000e-01, 0, 0.526818, 3.640305e-03 
1.165974e+00, 7.608726e-02, 9.914181e-06, 1.145963e-04, 0, 7.593738e-02, 2.449386e-05, 8.747807e-07, 0.551790, 5.159623e-03, 0.000000e+00, 0.000000, 9.000000e-01, 0, 0.551790, 5.159623e-03 
1.243877e+00, 7.790389e-02, 9.622588e-06, 1.224693e-04, 0, 7.774526e-02, 2.566023e-05, 8.747807e-07, 0.501932, 5.248823e-03, 0.000000e+00, 0.000000, 9.000000e-01, 0, 0.501932, 5.248823e-03 
1.322720e+00, 7.884223e-02, 9.622588e-06, 1.245105e-04, 0, 7.868186e-02, 2.536864e-05, 8.747807e-07, 0.555084, 5.560450e-03, 0.000000e+00, 0.000000, 9.000000e-01, 0, 0.555084, 5.560450e-03 
1.401386e+00, 7.866640e-02, 9.622588e-06, 1.268432e-04, 0, 7.850457e-02, 2.478545e-05, 5.831871e-07, 0.491370, 5.641223e-03, 0.000000e+00, 0.000000, 9.000000e-01, 0, 0.491370, 5.641223e-03 
1.479033e+00, 7.764699e-02, 9.914181e-06, 1.271348e-04, 0, 7.748487e-02, 2.420227e-05, 8.747807e-07, 0.742745, 4.911815e-03, 0.000000e+00, 0.000000, 9.000000e-01, 0, 0.742745, 4.911815e-03 
1.556399e+00, 7.736560e-02, 1.953677e-05, 1.189702e-04, 0, 7.720319e-02, 2.332748e-05, 5.831871e-07, 0.566063, 3.031454e-03, 0.000000e+00, 0.000000, 9.000000e-01, 0, 0.566063, 3.031454e-03 
1.633068e+00, 7.666899e-02, 1.078896e-05, 1.253852e-04, 0, 7.650832e-02, 2.391067e-05, 5.831871e-07, 0.572151, 3.815904e-03, 0.000000e+00, 0.000000, 9.000000e-01, 0, 0.572151, 3.815904e-03 
1.709803e+00, 7.673576e-02, 1.049737e-05, 1.323835e-04, 0, 7.656868e-02, 2.361908e-05, 5.831871e-07, 0.554793, 4.727153e-03, 0.000000e+00, 0.000000, 9.000000e-01, 0, 0.554793, 4.727153e-03 
1.823944e+00, 1.141402e-01, 1.049737e-05, 1.233441e-04, 0, 1.139790e-01, 2.595183e-05, 1.457968e-06, 0.172534, 3.167369e-03, 0.000000e+00, 0.000000, 9.000000e-01, 0, 0.172534, 3.167369e-03 
1.907625e+00, 8.368094e-02, 9.330994e-06, 1.417145e-04, 0, 8.350627e-02, 2.303589e-05, 5.831871e-07, 0.849120, 3.329976e-03, 0.000000e+00, 0.000000, 9.000000e-01, 0, 0.849120, 3.329976e-03 
1.981200e+00, 7.357547e-02, 1.020577e-05, 1.137215e-04, 0, 7.342792e-02, 2.303589e-05, 5.831871e-07, 0.544034, 2.282764e-03, 0.000000e+00, 0.000000, 9.000000e-01, 0, 0.544034, 2.282764e-03 
2.058172e+00, 7.697195e-02, 1.108056e-05, 1.294675e-04, 0, 7.680516e-02, 2.566023e-05, 5.831871e-07, 0.509536, 2.587072e-03, 0.000000e+00, 0.000000, 9.000000e-01, 0, 0.509536, 2.587072e-03 
2.135446e+00, 7.727404e-02, 1.108056e-05, 1.417145e-04, 0, 7.709530e-02, 2.507705e-05, 8.747807e-07, 0.645804, 3.589487e-03, 0.000000e+00, 0.000000, 9.000000e-01, 0, 0.645804, 3.589487e-03 
2.212727e+00, 7.728133e-02, 1.020577e-05, 1.221777e-04, 0, 7.712329e-02, 2.478545e-05, 8.747807e-07, 0.531779, 2.449629e-03, 0.000000e+00, 0.000000, 9.000000e-01, 0, 0.531779, 2.449629e-03 
2.289915e+00, 7.718773e-02, 1.137215e-05, 1.323835e-04, 0, 7.701511e-02, 2.740979e-05, 1.457968e-06, 0.619356, 3.304719e-03, 0.000000e+00, 0.000000, 9.000000e-01, 0, 0.619356, 3.304719e-03 
2.364432e+00, 7.451644e-02, 1.195534e-05, 1.332583e-04, 0, 7.434586e-02, 2.420227e-05, 1.166374e-06, 0.513114, 3.408848e-03, 0.000000e+00, 0.000000, 9.000000e-01, 0, 0.513114, 3.408848e-03 
2.439469e+00, 7.503723e-02, 1.020577e-05, 1.183870e-04, 0, 7.488414e-02, 2.391067e-05, 5.831871e-07, 0.610502, 4.916231e-03, 0.000000e+00, 0.000000, 9.000000e-01, 0, 0.610502, 4.916231e-03 
2.516766e+00, 7.729679e-02, 9.622588e-06, 1.198450e-04, 0, 7.713904e-02, 2.740979e-05, 8.747807e-07, 0.566047, 5.011992e-03, 0.000000e+00, 0.000000, 9.000000e-01, 0, 0.566047, 5.011992e-03 
2.597687e+00, 8.092159e-02, 1.399649e-05, 1.253852e-04, 0, 8.075275e-02, 2.886776e-05, 5.831871e-07, 0.499252, 6.067910e-03, 0.000000e+00, 0.000000, 9.000000e-01, 0, 0.499252, 6.067910e-03 
2.675940e+00, 7.825234e-02, 1.020577e-05, 1.387985e-04, 0, 7.807301e-02, 2.945095e-05, 8.747807e-07, 0.555389, 5.314489e-03, 0.000000e+00, 0.000000, 9.000000e-01, 0, 0.555389, 5.314489e-03 
2.753868e+00, 7.792867e-02, 1.020577e-05, 1.297591e-04, 0, 7.776334e-02, 2.449386e-05, 8.747807e-07, 0.745431, 4.718277e-03, 0.000000e+00, 0.000000, 9.000000e-01, 0, 0.745431, 4.718277e-03 
2.831033e+00, 7.716528e-02, 9.622588e-06, 1.443388e-04, 0, 7.698828e-02, 2.245270e-05, 5.831871e-07, 0.513390, 3.176521e-03, 0.000000e+00, 0.000000, 9.000000e-01, 0, 0.513390, 3.176521e-03 
2.908326e+00, 7.729241e-02, 1.020577e-05, 1.151795e-04, 0, 7.713787e-02, 2.828458e-05, 8.747807e-07, 0.538632, 4.726134e-03, 0.000000e+00, 0.000000, 9.000000e-01, 0, 0.538632, 4.726134e-03 
2.987009e+00, 7.868332e-02, 1.078896e-05, 1.323835e-04, 0, 7.850982e-02, 2.915936e-05, 1.166374e-06, 0.722754, 4.848887e-03, 0.000000e+00, 0.000000, 9.000000e-01, 0, 0.722754, 4.848887e-03 
3.065762e+00, 7.875301e-02, 1.137215e-05, 1.183870e-04, 0, 7.859496e-02, 2.740979e-05, 8.747807e-07, 0.593981, 2.811348e-03, 0.000000e+00, 0.000000, 9.000000e-01, 0, 0.593981, 2.811348e-03 
3.145275e+00, 7.951232e-02, 1.195534e-05, 1.358826e-04, 0, 7.933940e-02, 2.420227e-05, 8.747807e-07, 0.533046, 2.953333e-03, 0.000000e+00, 0.000000, 9.000000e-01, 0, 0.533046, 2.953333e-03 
3.223811e+00, 7.853694e-02, 1.049737e-05, 1.259684e-04, 0, 7.837393e-02, 2.595183e-05, 5.831871e-07, 0.527281, 4.777626e-03, 0.000000e+00, 0.000000, 9.000000e-01, 0, 0.527281, 4.777626e-03 
3.302169e+00, 7.835731e-02, 1.049737e-05, 1.262600e-04, 0, 7.819081e-02, 2.828458e-05, 1.457968e-06, 0.726383, 4.893413e-03, 0.000000e+00, 0.000000, 9.000000e-01, 0, 0.726383, 4.893413e-03 
3.381621e+00, 7.945196e-02, 1.020577e-05, 1.320919e-04, 0, 7.928604e-02, 2.303589e-05, 5.831871e-07, 0.637153, 3.702706e-03, 0.000000e+00, 0.000000, 9.000000e-01, 0, 0.637153, 3.702706e-03 
3.454253e+00, 7.263275e-02, 8.747807e-06, 1.198450e-04, 0, 7.247587e-02, 2.740979e-05, 8.747807e-07, 0.399113, 4.806711e-03, 0.000000e+00, 0.000000, 9.000000e-01, 0, 0.399113, 4.806711e-03 
3.530100e+00, 7.584640e-02, 1.195534e-05, 1.140131e-04, 0, 7.569477e-02, 2.478545e-05, 8.747807e-07, 0.719968, 4.921548e-03, 0.000000e+00, 0.000000, 9.000000e-01, 0, 0.719968, 4.921548e-03 
3.608276e+00, 7.817594e-02, 1.078896e-05, 1.303423e-04, 0, 7.800944e-02, 2.478545e-05, 5.831871e-07, 0.355102, 5.616546e-03, 0.000000e+00, 0.000000, 9.000000e-01, 0, 0.355102, 5.616546e-03 
3.958344e+00, 3.500677e-01, 1.195534e-05, 1.151795e-04, 0, 3.499123e-01, 2.740979e-05, 8.747807e-07, 0.059836, 1.364821e-03, 0.000000e+00, 0.000000, 9.000000e-01, 0, 0.059836, 1.364821e-03 
4.031695e+00, 7.335182e-02, 1.108056e-05, 1.338414e-04, 0, 7.318357e-02, 2.274430e-05, 5.831871e-07, 0.868617, 2.797379e-03, 0.000000e+00, 0.000000, 9.000000e-01, 0, 0.868617, 2.797379e-03 
4.140513e+00, 1.088175e-01, 9.039400e-06, 1.183870e-04, 0, 1.086641e-01, 2.507705e-05, 8.747807e-07, 0.142114, 3.481810e-03, 0.000000e+00, 0.000000, 9.000000e-01, 0, 0.142114, 3.481810e-03 
4.217814e+00, 7.730145e-02, 9.039400e-06, 1.318003e-04, 0, 7.713524e-02, 2.449386e-05, 8.747807e-07, 0.795742, 3.554157e-03, 0.000000e+00, 0.000000, 9.000000e-01, 0, 0.795742, 3.554157e-03 
4.297216e+00, 7.940180e-02, 1.166374e-05, 1.711654e-04, 0, 7.919390e-02, 2.420227e-05, 8.747807e-07, 0.524201, 2.084352e-03, 0.000000e+00, 0.000000, 9.000000e-01, 0, 0.524201, 2.084352e-03 
4.374852e+00, 7.763620e-02, 9.622588e-06, 1.248020e-04, 0, 7.747758e-02, 2.303589e-05, 1.166374e-06, 0.532804, 2.664277e-03, 0.000000e+00, 0.000000, 9.000000e-01, 0, 0.532804, 2.664277e-03 
4.452094e+00, 7.724138e-02, 1.049737e-05, 1.201365e-04, 0, 7.707051e-02, 3.965672e-05, 5.831871e-07, 0.479324, 4.362205e-03, 0.000000e+00, 0.000000, 9.000000e-01, 0, 0.479324, 4.362205e-03 
4.529724e+00, 7.763037e-02, 1.166374e-05, 1.233441e-04, 0, 7.746883e-02, 2.536864e-05, 1.166374e-06, 0.534296, 6.382869e-03, 0.000000e+00, 0.000000, 9.000000e-01, 0, 0.534296, 6.382869e-03 
4.816601e+00, 2.868767e-01, 1.020577e-05, 1.291759e-04, 0, 2.867102e-01, 2.624342e-05, 8.747807e-07, 0.088227, 2.311551e-03, 0.000000e+00, 0.000000, 9.000000e-01, 0, 0.088227, 2.311551e-03 
4.892991e+00, 7.639022e-02, 1.049737e-05, 1.484211e-04, 0, 7.620710e-02, 2.303589e-05, 1.166374e-06, 0.795640, 3.539578e-03, 0.000000e+00, 0.000000, 9.000000e-01, 0, 0.795640, 3.539578e-03 
4.969526e+00, 7.653456e-02, 1.020577e-05, 1.148879e-04, 0, 7.638381e-02, 2.478545e-05, 8.747807e-07, 0.517566, 2.622377e-03, 0.000000e+00, 0.000000, 9.000000e-01, 0, 0.517566, 2.622377e-03 
5.046564e+00, 7.703844e-02, 9.330994e-06, 1.169290e-04, 0, 7.688768e-02, 2.361908e-05, 8.747807e-07, 0.589451, 3.414860e-03, 0.000000e+00, 0.000000, 9.000000e-01, 0, 0.589451, 3.414860e-03 
5.124554e+00, 7.799020e-02, 9.914181e-06, 1.195534e-04, 0, 7.783390e-02, 2.595183e-05, 8.747807e-07, 0.592658, 2.783258e-03, 0.000000e+00, 0.000000, 9.000000e-01, 0, 0.592658, 2.783258e-03 
5.201634e+00, 7.707955e-02, 2.566023e-05, 1.358826e-04, 0, 7.688914e-02, 2.799298e-05, 8.747807e-07, 0.516900, 2.386662e-03, 0.000000e+00, 0.000000, 9.000000e-01, 0, 0.516900, 2.386662e-03 
5.275459e+00, 7.382537e-02, 9.622588e-06, 1.350078e-04, 0, 7.365012e-02, 2.915936e-05, 1.457968e-06, 0.535297, 4.233790e-03, 0.000000e+00, 0.000000, 9.000000e-01, 0, 0.535297, 4.233790e-03 
5.351203e+00, 7.574347e-02, 1.108056e-05, 1.358826e-04, 0, 7.557085e-02, 2.507705e-05, 5.831871e-07, 0.555867, 4.684517e-03, 0.000000e+00, 0.000000, 9.000000e-01, 0, 0.555867, 4.684517e-03 
5.429470e+00, 7.826721e-02, 8.456213e-06, 1.347162e-04, 0, 7.810042e-02, 2.303589e-05, 5.831871e-07, 0.777013, 5.314398e-03, 0.000000e+00, 0.000000, 9.000000e-01, 0, 0.777013, 5.314398e-03 
5.506239e+00, 7.676929e-02, 1.049737e-05, 1.137215e-04, 0, 7.661971e-02, 2.478545e-05, 5.831871e-07, 0.333329, 4.099775e-03, 0.000000e+00, 0.000000, 9.000000e-01, 0, 0.333329, 4.099775e-03 
5.582344e+00, 7.610475e-02, 9.914181e-06, 1.271348e-04, 0, 7.594321e-02, 2.361908e-05, 8.747807e-07, 0.732059, 4.411297e-03, 0.000000e+00, 0.000000, 9.000000e-01, 0, 0.732059, 4.411297e-03 
5.660890e+00, 7.854597e-02, 1.049737e-05, 1.283012e-04, 0, 7.838093e-02, 2.536864e-05, 8.747807e-07, 0.599188, 3.064394e-03, 0.000000e+00, 0.000000, 9.000000e-01, 0, 0.599188, 3.064394e-03 
5.737999e+00, 7.710871e-02, 9.039400e-06, 1.277180e-04, 0, 7.694104e-02, 2.945095e-05, 1.457968e-06, 0.373860, 4.096525e-03, 0.000000e+00, 0.000000, 9.000000e-01, 0, 0.373860, 4.096525e-03 
5.815567e+00, 7.756855e-02, 1.399649e-05, 1.568773e-04, 0, 7.737348e-02, 2.361908e-05, 5.831871e-07, 0.603105, 5.186622e-03, 0.000000e+00, 0.000000, 9.000000e-01, 0, 0.603105, 5.186622e-03 
5.893689e+00, 7.812171e-02, 1.078896e-05, 1.227609e-04, 0, 7.796366e-02, 2.391067e-05, 5.831871e-07, 0.762684, 5.098318e-03, 0.000000e+00, 0.000000, 9.000000e-01, 0, 0.762684, 5.098318e-03 
5.974675e+00, 8.098632e-02, 1.137215e-05, 1.239273e-04, 0, 8.082303e-02, 2.711820e-05, 8.747807e-07, 0.405231, 3.334604e-03, 0.000000e+00, 0.000000, 9.000000e-01, 0, 0.405231, 3.334604e-03 
6.054897e+00, 8.022176e-02, 1.049737e-05, 1.370490e-04, 0, 8.004564e-02, 2.740979e-05, 1.166374e-06, 0.714565, 4.696821e-03, 0.000000e+00, 0.000000, 9.000000e-01, 0, 0.714565, 4.696821e-03 
6.127728e+00, 7.283132e-02, 9.622588e-06, 1.370490e-04, 0, 7.266162e-02, 2.216111e-05, 8.747807e-07, 0.498732, 2.395804e-03, 0.000000e+00, 0.000000, 9.000000e-01, 0, 0.498732, 2.395804e-03 
6.205207e+00, 7.747845e-02, 1.020577e-05, 1.236357e-04, 0, 7.732070e-02, 2.332748e-05, 5.831871e-07, 0.615381, 4.084113e-03, 0.000000e+00, 0.000000, 9.000000e-01, 0, 0.615381, 4.084113e-03 
6.285146e+00, 7.993921e-02, 1.078896e-05, 1.329667e-04, 0, 7.977242e-02, 2.245270e-05, 5.831871e-07, 0.279867, 4.830164e-03, 0.000000e+00, 0.000000, 9.000000e-01, 0, 0.279867, 4.830164e-03 
6.363203e+00, 7.805756e-02, 9.039400e-06, 1.189702e-04, 0, 7.790622e-02, 2.274430e-05, 5.831871e-07, 0.848576, 3.586426e-03, 0.000000e+00, 0.000000, 9.000000e-01, 0, 0.848576, 3.586426e-03 
6.440981e+00, 7.777733e-02, 9.039400e-06, 1.213029e-04, 0, 7.762308e-02, 2.332748e-05, 5.831871e-07, 0.602323, 3.113927e-03, 0.000000e+00, 0.000000, 9.000000e-01, 0, 0.602323, 3.113927e-03 
6.517986e+00, 7.700490e-02, 9.622588e-06, 1.213029e-04, 0, 7.684803e-02, 2.507705e-05, 8.747807e-07, 0.485295, 3.034358e-03, 0.000000e+00, 0.000000, 9.000000e-01, 0, 0.485295, 3.034358e-03 
6.596002e+00, 7.801615e-02, 1.312171e-05, 1.291759e-04, 0, 7.784586e-02, 2.711820e-05, 8.747807e-07, 0.584766, 4.969625e-03, 0.000000e+00, 0.000000, 9.000000e-01, 0, 0.584766, 4.969625e-03 
6.673605e+00, 7.760325e-02, 1.137215e-05, 1.259684e-04, 0, 7.744317e-02, 2.216111e-05, 5.831871e-07, 0.725570, 4.923634e-03, 0.000000e+00, 0.000000, 9.000000e-01, 0, 0.725570, 4.923634e-03 
6.751312e+00, 7.770735e-02, 1.049737e-05, 1.172206e-04, 0, 7.755106e-02, 2.770139e-05, 8.747807e-07, 0.516363, 2.954747e-03, 0.000000e+00, 0.000000, 9.000000e-01, 0, 0.516363, 2.954747e-03 
6.832030e+00, 8.071747e-02, 1.137215e-05, 1.323835e-04, 0, 8.054572e-02, 2.653501e-05, 1.457968e-06, 0.613488, 4.985037e-03, 0.000000e+00, 0.000000, 9.000000e-01, 0, 0.613488, 4.985037e-03 
6.905201e+00, 7.317103e-02, 9.330994e-06, 1.612512e-04, 0, 7.297654e-02, 2.332748e-05, 5.831871e-07, 0.450105, 6.516641e-03, 0.000000e+00, 0.000000, 9.000000e-01, 0, 0.450105, 6.516641e-03 
6.983180e+00, 7.797941e-02, 1.049737e-05, 1.195534e-04, 0, 7.782399e-02, 2.478545e-05, 5.831871e-07, 0.786908, 4.925656e-03, 0.000000e+00, 0.000000, 9.000000e-01, 0, 0.786908, 4.925656e-03 
7.061258e+00, 7.807797e-02, 1.312171e-05, 1.285928e-04, 0, 7.791118e-02, 2.449386e-05, 5.831871e-07, 0.672631, 4.827282e-03, 0.000000e+00, 0.000000, 9.000000e-01, 0, 0.672631, 4.827282e-03 
7.137546e+00, 7.628817e-02, 9.039400e-06, 1.248020e-04, 0, 7.612837e-02, 2.536864e-05, 5.831871e-07, 0.655335, 3.821173e-03, 0.000000e+00, 0.000000, 9.000000e-01, 0, 0.655335, 3.821173e-03 
7.215451e+00, 7.790476e-02, 9.039400e-06, 1.271348e-04, 0, 7.774205e-02, 2.595183e-05, 5.831871e-07, 0.472206, 3.488347e-03, 0.000000e+00, 0.000000, 9.000000e-01, 0, 0.472206, 3.488347e-03 
7.293484e+00, 7.803306e-02, 1.487127e-05, 1.300507e-04, 0, 7.786102e-02, 2.653501e-05, 5.831871e-07, 0.649331, 5.743303e-03, 0.000000e+00, 0.000000, 9.000000e-01, 0, 0.649331, 5.743303e-03 
7.372497e+00, 7.901282e-02, 9.622588e-06, 1.227609e-04, 0, 7.885127e-02, 2.828458e-05, 8.747807e-07, 0.672295, 5.786192e-03, 0.000000e+00, 0.000000, 9.000000e-01, 0, 0.672295, 5.786192e-03 
7.449961e+00, 7.746387e-02, 1.020577e-05, 1.676663e-04, 0, 7.726063e-02, 2.478545e-05, 5.831871e-07, 0.552833, 6.580285e-03, 0.000000e+00, 0.000000, 9.000000e-01, 0, 0.552833, 6.580285e-03 
7.527983e+00, 7.802169e-02, 1.049737e-05, 1.204281e-04, 0, 7.786219e-02, 2.770139e-05, 8.747807e-07, 0.880818, 4.903627e-03, 0.000000e+00, 0.000000, 9.000000e-01, 0, 0.880818, 4.903627e-03 
7.607901e+00, 7.991821e-02, 9.330994e-06, 1.355910e-04, 0, 7.974647e-02, 2.595183e-05, 8.747807e-07, 0.474635, 3.406139e-03, 0.000000e+00, 0.000000, 9.000000e-01, 0, 0.474635, 3.406139e-03 
7.680412e+00, 7.251086e-02, 9.914181e-06, 1.455052e-04, 0, 7.232891e-02, 2.566023e-05, 8.747807e-07, 0.703165, 4.707751e-03, 0.000000e+00, 0.000000, 9.000000e-01, 0, 0.703165, 4.707751e-03 
7.756335e+00, 7.592338e-02, 1.253852e-05, 1.172206e-04, 0, 7.576388e-02, 2.886776e-05, 8.747807e-07, 0.523045, 4.463367e-03, 0.000000e+00, 0.000000, 9.000000e-01, 0, 0.523045, 4.463367e-03 
7.836168e+00, 7.983336e-02, 9.914181e-06, 1.539614e-04, 0, 7.964295e-02, 2.595183e-05, 5.831871e-07, 0.593972, 6.254706e-03, 0.000000e+00, 0.000000, 9.000000e-01, 0, 0.593972, 6.254706e-03 
8.014717e+00, 1.785486e-01, 1.108056e-05, 1.455052e-04, 0, 1.783654e-01, 2.595183e-05, 5.831871e-07, 0.146158, 2.995973e-03, 0.000000e+00, 0.000000, 9.000000e-01, 0, 0.146158, 2.995973e-03 
8.093662e+00, 7.894458e-02, 1.049737e-05, 1.329667e-04, 0, 7.877254e-02, 2.740979e-05, 1.166374e-06, 0.756776, 4.472638e-03, 0.000000e+00, 0.000000, 9.000000e-01, 0, 0.756776, 4.472638e-03 
8.170442e+00, 7.678067e-02, 1.078896e-05, 1.778721e-04, 0, 7.656664e-02, 2.449386e-05, 8.747807e-07, 0.340989, 4.508158e-03, 0.000000e+00, 0.000000, 9.000000e-01, 0, 0.340989, 4.508158e-03 
8.246335e+00, 7.589306e-02, 1.020577e-05, 1.236357e-04, 0, 7.573560e-02, 2.303589e-05, 5.831871e-07, 0.731269, 4.334894e-03, 0.000000e+00, 0.000000, 9.000000e-01, 0, 0.731269, 4.334894e-03 
8.324005e+00, 7.766944e-02, 2.507705e-05, 1.390901e-04, 0, 7.747962e-02, 2.478545e-05, 8.747807e-07, 0.297976, 3.926156e-03, 0.000000e+00, 0.000000, 9.000000e-01, 0, 0.297976, 3.926156e-03 
8.502089e+00, 1.780844e-01, 1.108056e-05, 1.256768e-04, 0, 1.779240e-01, 2.274430e-05, 8.747807e-07, 0.074791, 1.260177e-03, 0.000000e+00, 0.000000, 9.000000e-01, 0, 0.074791, 1.260177e-03 
8.582028e+00, 7.993921e-02, 1.224693e-05, 1.355910e-04, 0, 7.976571e-02, 2.507705e-05, 5.831871e-07, 0.897731, 2.126533e-03, 0.000000e+00, 0.000000, 9.000000e-01, 0, 0.897731, 2.126533e-03 
8.660467e+00, 7.843838e-02, 9.914181e-06, 1.274264e-04, 0, 7.827625e-02, 2.361908e-05, 1.166374e-06, 0.586854, 3.734664e-03, 0.000000e+00, 0.000000, 9.000000e-01, 0, 0.586854, 3.734664e-03 
8.739850e+00, 7.938314e-02, 1.078896e-05, 1.224693e-04, 0, 7.921402e-02, 3.499123e-05, 8.747807e-07, 0.539137, 2.075359e-03, 0.000000e+00, 0.000000, 9.000000e-01, 0, 0.539137, 2.075359e-03 
8.816702e+00, 7.685182e-02, 1.137215e-05, 1.210113e-04, 0, 7.669086e-02, 2.799298e-05, 5.831871e-07, 0.546141, 2.008527e-03, 0.000000e+00, 0.000000, 9.000000e-01, 0, 0.546141, 2.008527e-03 
8.895426e+00, 7.872443e-02, 9.914181e-06, 1.382153e-04, 0, 7.854568e-02, 2.974254e-05, 8.747807e-07, 0.438803, 3.262202e-03, 0.000000e+00, 0.000000, 9.000000e-01, 0, 0.438803, 3.262202e-03 
8.969852e+00, 7.442547e-02, 1.049737e-05, 1.309255e-04, 0, 7.425518e-02, 2.828458e-05, 5.831871e-07, 0.752599, 4.716055e-03, 0.000000e+00, 0.000000, 9.000000e-01, 0, 0.752599, 4.716055e-03 
9.045209e+00, 7.535769e-02, 1.078896e-05, 1.329667e-04, 0, 7.518623e-02, 2.682661e-05, 8.747807e-07, 0.435251, 2.654022e-03, 0.000000e+00, 0.000000, 9.000000e-01, 0, 0.435251, 2.654022e-03 
9.122640e+00, 7.743063e-02, 9.914181e-06, 1.268432e-04, 0, 7.726850e-02, 2.449386e-05, 8.747807e-07, 0.688813, 4.599399e-03, 0.000000e+00, 0.000000, 9.000000e-01, 0, 0.688813, 4.599399e-03 
9.199434e+00, 7.679408e-02, 1.078896e-05, 1.224693e-04, 0, 7.663400e-02, 2.595183e-05, 8.747807e-07, 0.435573, 2.470016e-03, 0.000000e+00, 0.000000, 9.000000e-01, 0, 0.435573, 2.470016e-03 
9.382436e+00, 1.830024e-01, 1.049737e-05, 1.274264e-04, 0, 1.828405e-01, 2.303589e-05, 8.747807e-07, 0.086730, 2.735081e-03, 0.000000e+00, 0.000000, 9.000000e-01, 0, 0.086730, 2.735081e-03 
9.458510e+00, 7.607414e-02, 9.914181e-06, 1.145963e-04, 0, 7.592455e-02, 2.449386e-05, 5.831871e-07, 0.784082, 3.798204e-03, 0.000000e+00, 0.000000, 9.000000e-01, 0, 0.784082, 3.798204e-03 
9.536253e+00, 7.774234e-02, 1.020577e-05, 1.224693e-04, 0, 7.758605e-02, 2.303589e-05, 5.831871e-07, 0.287204, 4.538928e-03, 0.000000e+00, 0.000000, 9.000000e-01, 0, 0.287204, 4.538928e-03 
9.615397e+00, 7.914462e-02, 1.137215e-05, 1.262600e-04, 0, 7.898191e-02, 2.420227e-05, 8.747807e-07, 0.848816, 3.454310e-03, 0.000000e+00, 0.000000, 9.000000e-01, 0, 0.848816, 3.454310e-03 
9.692006e+00, 7.660834e-02, 1.253852e-05, 1.268432e-04, 0, 7.644096e-02, 2.711820e-05, 8.747807e-07, 0.527767, 1.579746e-03, 0.000000e+00, 0.000000, 9.000000e-01, 0, 0.527767, 1.579746e-03 
9.769889e+00, 7.788289e-02, 1.049737e-05, 1.250936e-04, 0, 7.771960e-02, 2.682661e-05, 8.747807e-07, 0.489647, 1.810251e-03, 0.000000e+00, 0.000000, 9.000000e-01, 0, 0.489647, 1.810251e-03 
9.852060e+00, 8.217136e-02, 9.622588e-06, 1.431724e-04, 0, 8.199057e-02, 2.682661e-05, 1.166374e-06, 0.567888, 3.702877e-03, 0.000000e+00, 0.000000, 9.000000e-01, 0, 0.567888, 3.702877e-03 
9.928258e+00, 7.619835e-02, 9.330994e-06, 1.341330e-04, 0, 7.602661e-02, 2.682661e-05, 1.457968e-06, 0.615748, 3.713471e-03, 0.000000e+00, 0.000000, 9.000000e-01, 0, 0.615748, 3.713471e-03 
1.000353e+01, 7.526817e-02, 1.049737e-05, 1.367574e-04, 0, 7.509438e-02, 2.566023e-05, 8.747807e-07, 0.355433, 4.184135e-03, 0.000000e+00, 0.000000, 9.000000e-01, 0, 0.355433, 4.184135e-03 
1.008074e+01, 7.721602e-02, 1.078896e-05, 1.157626e-04, 0, 7.706701e-02, 2.186952e-05, 5.831871e-07, 0.810075, 4.102780e-03, 0.000000e+00, 0.000000, 9.000000e-01, 0, 0.810075, 4.102780e-03 
1.016100e+01, 8.025471e-02, 9.330994e-06, 1.294675e-04, 0, 8.009142e-02, 2.361908e-05, 8.747807e-07, 0.307427, 3.741019e-03, 0.000000e+00, 0.000000, 9.000000e-01, 0, 0.307427, 3.741019e-03 
1.023872e+01, 7.772718e-02, 1.020577e-05, 1.233441e-04, 0, 7.756564e-02, 2.740979e-05, 5.831871e-07, 0.786018, 4.362533e-03, 0.000000e+00, 0.000000, 9.000000e-01, 0, 0.786018, 4.362533e-03 
1.031677e+01, 7.804443e-02, 2.099474e-05, 1.157626e-04, 0, 7.788347e-02, 2.361908e-05, 5.831871e-07, 0.308598, 4.050647e-03, 0.000000e+00, 0.000000, 9.000000e-01, 0, 0.308598, 4.050647e-03 
1.039519e+01, 7.842555e-02, 9.914181e-06, 1.183870e-04, 0, 7.827217e-02, 2.420227e-05, 8.747807e-07, 0.816365, 3.933062e-03, 0.000000e+00, 0.000000, 9.000000e-01, 0, 0.816365, 3.933062e-03 
1.047633e+01, 8.113358e-02, 9.039400e-06, 1.280096e-04, 0, 8.096795e-02, 2.770139e-05, 8.747807e-07, 0.458921, 2.747076e-03, 0.000000e+00, 0.000000, 9.000000e-01, 0, 0.458921, 2.747076e-03 
1.055443e+01, 7.810042e-02, 1.137215e-05, 1.160542e-04, 0, 7.794413e-02, 2.770139e-05, 1.166374e-06, 0.642521, 4.343418e-03, 0.000000e+00, 0.000000, 9.000000e-01, 0, 0.642521, 4.343418e-03 
1.063380e+01, 7.937527e-02, 9.039400e-06, 1.361742e-04, 0, 7.920235e-02, 2.624342e-05, 1.457968e-06, 0.359808, 4.886622e-03, 0.000000e+00, 0.000000, 9.000000e-01, 0, 0.359808, 4.886622e-03 
1.071247e+01, 7.866903e-02, 9.914181e-06, 1.440472e-04, 0, 7.848999e-02, 2.449386e-05, 5.831871e-07, 0.836947, 4.130319e-03, 0.000000e+00, 0.000000, 9.000000e-01, 0, 0.836947, 4.130319e-03 
1.079000e+01, 7.752919e-02, 1.020577e-05, 1.198450e-04, 0, 7.737464e-02, 2.391067e-05, 5.831871e-07, 0.539239, 2.118875e-03, 0.000000e+00, 0.000000, 9.000000e-01, 0, 0.539239, 2.118875e-03 
1.086785e+01, 7.784644e-02, 1.137215e-05, 1.262600e-04, 0, 7.768373e-02, 2.449386e-05, 5.831871e-07, 0.504413, 3.231692e-03, 0.000000e+00, 0.000000, 9.000000e-01, 0, 0.504413, 3.231692e-03 
1.094554e+01, 7.769044e-02, 1.049737e-05, 1.376322e-04, 0, 7.751344e-02, 2.828458e-05, 5.831871e-07, 0.710780, 4.702651e-03, 0.000000e+00, 0.000000, 9.000000e-01, 0, 0.710780, 4.702651e-03 
1.102330e+01, 7.776567e-02, 1.370490e-05, 1.221777e-04, 0, 7.760617e-02, 2.274430e-05, 8.747807e-07, 0.444997, 2.781802e-03, 0.000000e+00, 0.000000, 9.000000e-01, 0, 0.444997, 2.781802e-03 
1.110003e+01, 7.673022e-02, 1.020577e-05, 1.192618e-04, 0, 7.656256e-02, 3.732398e-05, 8.747807e-07, 0.643743, 4.124998e-03, 0.000000e+00, 0.000000, 9.000000e-01, 0, 0.643743, 4.124998e-03 
1.117348e+01, 7.345009e-02, 1.195534e-05, 1.560026e-04, 0, 7.325384e-02, 2.770139e-05, 5.831871e-07, 0.398679, 3.395171e-03, 0.000000e+00, 0.000000, 9.000000e-01, 0, 0.398679, 3.395171e-03 
1.124992e+01, 7.643688e-02, 8.747807e-06, 1.245105e-04, 0, 7.627796e-02, 2.449386e-05, 1.166374e-06, 0.754740, 4.509147e-03, 0.000000e+00, 0.000000, 9.000000e-01, 0, 0.754740, 4.509147e-03 
1.132734e+01, 7.741430e-02, 1.807880e-05, 1.134299e-04, 0, 7.725859e-02, 2.303589e-05, 1.166374e-06, 0.460851, 2.097972e-03, 0.000000e+00, 0.000000, 9.000000e-01, 0, 0.460851, 2.097972e-03 
1.149370e+01, 1.663670e-01, 1.020577e-05, 1.283012e-04, 0, 1.661955e-01, 3.207529e-05, 8.747807e-07, 0.125512, 3.204891e-03, 0.000000e+00, 0.000000, 9.000000e-01, 0, 0.125512, 3.204891e-03 
1.157111e+01, 7.740380e-02, 1.108056e-05, 1.175122e-04, 0, 7.725013e-02, 2.420227e-05, 8.747807e-07, 0.840459, 3.539915e-03, 0.000000e+00, 0.000000, 9.000000e-01, 0, 0.840459, 3.539915e-03 
1.164977e+01, 7.866378e-02, 9.039400e-06, 1.253852e-04, 0, 7.846812e-02, 5.744393e-05, 3.790716e-06, 0.520120, 1.953877e-03, 0.000000e+00, 0.000000, 9.000000e-01, 0, 0.520120, 1.953877e-03 
1.173052e+01, 8.074809e-02, 1.078896e-05, 1.236357e-04, 0, 8.058480e-02, 2.770139e-05, 1.166374e-06, 0.560489, 2.707674e-03, 0.000000e+00, 0.000000, 9.000000e-01, 0, 0.560489, 2.707674e-03 
1.180855e+01, 7.803044e-02, 1.020577e-05, 1.294675e-04, 0, 7.786306e-02, 2.682661e-05, 8.747807e-07, 0.515659, 2.795295e-03, 0.000000e+00, 0.000000, 9.000000e-01, 0, 0.515659, 2.795295e-03 
1.194813e+01, 1.395818e-01, 1.166374e-05, 1.300507e-04, 0, 1.394077e-01, 3.120051e-05, 1.166374e-06, 0.161900, 3.959963e-03, 0.000000e+00, 0.000000, 9.000000e-01, 0, 0.161900, 3.959963e-03 
1.202121e+01, 7.308180e-02, 1.078896e-05, 1.326751e-04, 0, 7.291443e-02, 2.332748e-05, 5.831871e-07, 0.867595, 3.331622e-03, 0.000000e+00, 0.000000, 9.000000e-01, 0, 0.867595, 3.331622e-03 
1.209713e+01, 7.591376e-02, 1.020577e-05, 1.143047e-04, 0, 7.576359e-02, 2.507705e-05, 5.831871e-07, 0.513214, 2.115728e-03, 0.000000e+00, 0.000000, 9.000000e-01, 0, 0.513214, 2.115728e-03 
1.217710e+01, 7.997158e-02, 9.330994e-06, 1.186786e-04, 0, 7.981382e-02, 2.857617e-05, 1.166374e-06, 0.569491, 3.551319e-03, 0.000000e+00, 0.000000, 9.000000e-01, 0, 0.569491, 3.551319e-03 
1.225693e+01, 7.983161e-02, 1.137215e-05, 1.422977e-04, 0, 7.964791e-02, 2.886776e-05, 1.166374e-06, 0.616533, 3.557884e-03, 0.000000e+00, 0.000000, 9.000000e-01, 0, 0.616533, 3.557884e-03 
1.233574e+01, 7.880608e-02, 9.914181e-06, 1.463800e-04, 0, 7.862383e-02, 2.536864e-05, 5.831871e-07, 0.537338, 2.736272e-03, 0.000000e+00, 0.000000, 9.000000e-01, 0, 0.537338, 2.736272e-03 
1.241337e+01, 7.763037e-02, 1.108056e-05, 1.253852e-04, 0, 7.746970e-02, 2.332748e-05, 8.747807e-07, 0.637347, 4.103653e-03, 0.000000e+00, 0.000000, 9.000000e-01, 0, 0.637347, 4.103653e-03 
1.249183e+01, 7.846637e-02, 1.078896e-05, 1.186786e-04, 0, 7.831008e-02, 2.624342e-05, 5.831871e-07, 0.288679, 4.641045e-03, 0.000000e+00, 0.000000, 9.000000e-01, 0, 0.288679, 4.641045e-03 
1.257225e+01, 8.041276e-02, 9.622588e-06, 1.233441e-04, 0, 8.025442e-02, 2.478545e-05, 5.831871e-07, 0.872362, 3.425138e-03, 0.000000e+00, 0.000000, 9.000000e-01, 0, 0.872362, 3.425138e-03 
1.265251e+01, 8.026171e-02, 1.108056e-05, 1.250936e-04, 0, 8.010046e-02, 2.449386e-05, 5.831871e-07, 0.490272, 3.434416e-03, 0.000000e+00, 0.000000, 9.000000e-01, 0, 0.490272, 3.434416e-03 
1.273166e+01, 7.915220e-02, 1.370490e-05, 1.309255e-04, 0, 7.897812e-02, 2.828458e-05, 1.166374e-06, 0.640712, 5.826755e-03, 0.000000e+00, 0.000000, 9.000000e-01, 0, 0.640712, 5.826755e-03 
1.280819e+01, 7.652611e-02, 1.049737e-05, 1.411313e-04, 0, 7.634065e-02, 3.295007e-05, 8.747807e-07, 0.728721, 5.480625e-03, 0.000000e+00, 0.000000, 9.000000e-01, 0, 0.728721, 5.480625e-03 
1.288503e+01, 7.684628e-02, 9.914181e-06, 1.390901e-04, 0, 7.667453e-02, 2.216111e-05, 5.831871e-07, 0.619564, 3.107572e-03, 0.000000e+00, 0.000000, 9.000000e-01, 0, 0.619564, 3.107572e-03 
1.296256e+01, 7.753298e-02, 9.622588e-06, 1.239273e-04, 0, 7.737406e-02, 2.420227e-05, 1.166374e-06, 0.529400, 2.592571e-03, 0.000000e+00, 0.000000, 9.000000e-01, 0, 0.529400, 2.592571e-03 
1.303954e+01, 7.697312e-02, 1.020577e-05, 1.414229e-04, 0, 7.679291e-02, 2.740979e-05, 1.166374e-06, 0.493651, 5.761052e-03, 0.000000e+00, 0.000000, 9.000000e-01, 0, 0.493651, 5.761052e-03 
1.311610e+01, 7.655760e-02, 9.914181e-06, 1.452136e-04, 0, 7.637710e-02, 2.478545e-05, 5.831871e-07, 0.741513, 4.907830e-03, 0.000000e+00, 0.000000, 9.000000e-01, 0, 0.741513, 4.907830e-03 
1.319291e+01, 7.681420e-02, 8.747807e-06, 1.306339e-04, 0, 7.664333e-02, 3.003414e-05, 1.457968e-06, 0.663495, 4.777222e-03, 0.000000e+00, 0.000000, 9.000000e-01, 0, 0.663495, 4.777222e-03 
1.326942e+01, 7.650978e-02, 1.166374e-05, 1.280096e-04, 0, 7.634357e-02, 2.536864e-05, 1.166374e-06, 0.604197, 4.619860e-03, 0.000000e+00, 0.000000, 9.000000e-01, 0, 0.604197, 4.619860e-03 
1.334613e+01, 7.671448e-02, 1.078896e-05, 1.478379e-04, 0, 7.652844e-02, 2.682661e-05, 5.831871e-07, 0.572200, 6.167702e-03, 0.000000e+00, 0.000000, 9.000000e-01, 0, 0.572200, 6.167702e-03 
1.341976e+01, 7.362679e-02, 1.224693e-05, 1.221777e-04, 0, 7.346641e-02, 2.507705e-05, 8.747807e-07, 0.676509, 6.551770e-03, 0.000000e+00, 0.000000, 9.000000e-01, 0, 0.676509, 6.551770e-03 
1.349715e+01, 7.738864e-02, 9.914181e-06, 1.204281e-04, 0, 7.723264e-02, 2.478545e-05, 8.747807e-07, 0.765975, 5.834833e-03, 0.000000e+00, 0.000000, 9.000000e-01, 0, 0.765975, 5.834833e-03 
1.357497e+01, 7.781612e-02, 9.330994e-06, 1.221777e-04, 0, 7.765982e-02, 2.420227e-05, 5.831871e-07, 0.301697, 5.221331e-03, 0.000000e+00, 0.000000, 9.000000e-01, 0, 0.301697, 5.221331e-03 
1.365245e+01, 7.748399e-02, 8.747807e-06, 1.233441e-04, 0, 7.732332e-02, 2.740979e-05, 1.166374e-06, 0.904965, 3.335646e-03, 0.000000e+00, 0.000000, 9.000000e-01, 0, 0.904965, 3.335646e-03 
1.373159e+01, 7.914024e-02, 9.622588e-06, 1.574605e-04, 0, 7.893554e-02, 3.674079e-05, 8.747807e-07, 0.520958, 3.609886e-03, 0.000000e+00, 0.000000, 9.000000e-01, 0, 0.520958, 3.609886e-03 
1.380774e+01, 7.614645e-02, 1.020577e-05, 1.460884e-04, 0, 7.596158e-02, 2.770139e-05, 8.747807e-07, 0.712675, 5.068780e-03, 0.000000e+00, 0.000000, 9.000000e-01, 0, 0.712675, 5.068780e-03 
1.388314e+01, 7.540172e-02, 9.039400e-06, 1.382153e-04, 0, 7.522822e-02, 2.536864e-05, 8.747807e-07, 0.503720, 3.013055e-03, 0.000000e+00, 0.000000, 9.000000e-01, 0, 0.503720, 3.013055e-03 
1.396381e+01, 8.067607e-02, 9.039400e-06, 1.213029e-04, 0, 8.051102e-02, 3.411645e-05, 5.831871e-07, 0.738328, 4.459155e-03, 0.000000e+00, 0.000000, 9.000000e-01, 0, 0.738328, 4.459155e-03 
1.404157e+01, 7.775955e-02, 1.049737e-05, 1.213029e-04, 0, 7.760413e-02, 2.274430e-05, 8.747807e-07, 0.465902, 2.556244e-03, 0.000000e+00, 0.000000, 9.000000e-01, 0, 0.465902, 2.556244e-03 
1.412247e+01, 8.090088e-02, 1.049737e-05, 1.210113e-04, 0, 8.073905e-02, 2.915936e-05, 1.166374e-06, 0.592240, 5.367830e-03, 0.000000e+00, 0.000000, 9.000000e-01, 0, 0.592240, 5.367830e-03 
1.419993e+01, 7.745600e-02, 1.108056e-05, 1.726234e-04, 0, 7.724372e-02, 2.682661e-05, 1.749561e-06, 0.428458, 5.205556e-03, 0.000000e+00, 0.000000, 9.000000e-01, 0, 0.428458, 5.205556e-03 
1.439959e+01, 1.996608e-01, 1.166374e-05, 1.364658e-04, 0, 1.994859e-01, 2.595183e-05, 8.747807e-07, 0.075988, 1.897845e-03, 0.000000e+00, 0.000000, 9.000000e-01, 0, 0.075988, 1.897845e-03 
1.447538e+01, 7.578662e-02, 9.914181e-06, 1.195534e-04, 0, 7.563091e-02, 2.536864e-05, 8.747807e-07, 0.829441, 3.231866e-03, 0.000000e+00, 0.000000, 9.000000e-01, 0, 0.829441, 3.231866e-03 
1.455475e+01, 7.937527e-02, 1.312171e-05, 1.332583e-04, 0, 7.920002e-02, 2.799298e-05, 8.747807e-07, 0.537743, 2.421863e-03, 0.000000e+00, 0.000000, 9.000000e-01, 0, 0.537743, 2.421863e-03 
1.463221e+01, 7.745891e-02, 1.137215e-05, 1.431724e-04, 0, 7.727900e-02, 2.478545e-05, 5.831871e-07, 0.347713, 4.275764e-03, 0.000000e+00, 0.000000, 9.000000e-01, 0, 0.347713, 4.275764e-03 
1.471101e+01, 7.879879e-02, 1.137215e-05, 1.320919e-04, 0, 7.862850e-02, 2.566023e-05, 1.166374e-06, 0.808803, 4.361887e-03, 0.000000e+00, 0.000000, 9.000000e-01, 0, 0.808803, 4.361887e-03 
1.478894e+01, 7.793334e-02, 1.195534e-05, 1.239273e-04, 0, 7.777121e-02, 2.566023e-05, 5.831871e-07, 0.510591, 1.591406e-03, 0.000000e+00, 0.000000, 9.000000e-01, 0, 0.510591, 1.591406e-03 
1.486643e+01, 7.749099e-02, 9.914181e-06, 1.300507e-04, 0, 7.732653e-02, 2.361908e-05, 8.747807e-07, 0.533364, 3.311941e-03, 0.000000e+00, 0.000000, 9.000000e-01, 0, 0.533364, 3.311941e-03 
1.494355e+01, 7.711192e-02, 1.049737e-05, 1.204281e-04, 0, 7.695358e-02, 2.682661e-05, 5.831871e-07, 0.576462, 5.109642e-03, 0.000000e+00, 0.000000, 9.000000e-01, 0, 0.576462, 5.109642e-03 
1.501888e+01, 7.532970e-02, 1.137215e-05, 1.245105e-04, 0, 7.516757e-02, 2.566023e-05, 5.831871e-07, 0.672223, 5.816783e-03, 0.000000e+00, 0.000000, 9.000000e-01, 0, 0.672223, 5.816783e-03 
1.509810e+01, 7.922685e-02, 1.020577e-05, 1.259684e-04, 0, 7.906268e-02, 2.682661e-05, 1.166374e-06, 0.708010, 5.376285e-03, 0.000000e+00, 0.000000, 9.000000e-01, 0, 0.708010, 5.376285e-03 
1.517817e+01, 8.007101e-02, 9.622588e-06, 1.358826e-04, 0, 7.989751e-02, 2.682661e-05, 1.166374e-06, 0.398586, 5.237761e-03, 0.000000e+00, 0.000000, 9.000000e-01, 0, 0.398586, 5.237761e-03 
1.525274e+01, 7.456514e-02, 9.330994e-06, 1.341330e-04, 0, 7.439252e-02, 2.828458e-05, 8.747807e-07, 0.874034, 4.191421e-03, 0.000000e+00, 0.000000, 9.000000e-01, 0, 0.874034, 4.191421e-03 
1.532923e+01, 7.649286e-02, 1.020577e-05, 1.580437e-04, 0, 7.629837e-02, 2.566023e-05, 5.831871e-07, 0.535884, 1.943035e-03, 0.000000e+00, 0.000000, 9.000000e-01, 0, 0.535884, 1.943035e-03 
1.540750e+01, 7.826925e-02, 9.622588e-06, 1.262600e-04, 0, 7.810334e-02, 2.857617e-05, 1.457968e-06, 0.586850, 3.001600e-03, 0.000000e+00, 0.000000, 9.000000e-01, 0, 0.586850, 3.001600e-03 
1.548465e+01, 7.714720e-02, 1.049737e-05, 1.428808e-04, 0, 7.694833e-02, 4.490541e-05, 5.831871e-07, 0.559620, 2.907584e-03, 0.000000e+00, 0.000000, 9.000000e-01, 0, 0.559620, 2.907584e-03 
1.556226e+01, 7.761142e-02, 9.914181e-06, 1.230525e-04, 0, 7.745541e-02, 2.245270e-05, 5.831871e-07, 0.565515, 4.016767e-03, 0.000000e+00, 0.000000, 9.000000e-01, 0, 0.565515, 4.016767e-03 
1.564091e+01, 7.864803e-02, 1.020577e-05, 1.280096e-04, 0, 7.848532e-02, 2.391067e-05, 5.831871e-07, 0.633944, 5.182521e-03, 0.000000e+00, 0.000000, 9.000000e-01, 0, 0.633944, 5.182521e-03 
1.571791e+01, 7.699849e-02, 9.914181e-06, 1.277180e-04, 0, 7.683549e-02, 2.449386e-05, 8.747807e-07, 0.448774, 6.502766e-03, 0.000000e+00, 0.000000, 9.000000e-01, 0, 0.448774, 6.502766e-03 
1.579399e+01, 7.608784e-02, 1.195534e-05, 1.236357e-04, 0, 7.590880e-02, 4.286425e-05, 5.831871e-07, 0.835594, 4.793640e-03, 0.000000e+00, 0.000000, 9.000000e-01, 0, 0.835594, 4.793640e-03 
1.587266e+01, 7.866640e-02, 1.078896e-05, 1.565857e-04, 0, 7.846695e-02, 3.149210e-05, 5.831871e-07, 0.312027, 5.589452e-03, 0.000000e+00, 0.000000, 9.000000e-01, 0, 0.312027, 5.589452e-03 
1.594992e+01, 7.726384e-02, 1.108056e-05, 1.425893e-04, 0, 7.708159e-02, 2.740979e-05, 1.166374e-06, 0.916743, 3.269438e-03, 0.000000e+00, 0.000000, 9.000000e-01, 0, 0.916743, 3.269438e-03 
1.602715e+01, 7.722331e-02, 9.622588e-06, 1.492959e-04, 0, 7.703873e-02, 2.478545e-05, 8.747807e-07, 0.251567, 4.898070e-03, 0.000000e+00, 0.000000, 9.000000e-01, 0, 0.251567, 4.898070e-03 
1.725251e+01, 1.225361e+00, 9.914181e-06, 1.230525e-04, 0, 1.225200e+00, 2.711820e-05, 1.166374e-06, 0.032945, 7.182493e-04, 0.000000e+00, 0.000000, 9.000000e-01, 0, 0.032945, 7.182493e-04 
1.732909e+01, 7.657888e-02, 1.137215e-05, 1.344246e-04, 0, 7.640918e-02, 2.332748e-05, 5.831871e-07, 0.937481, 1.775127e-03, 0.000000e+00, 0.000000, 9.000000e-01, 0, 0.937481, 1.775127e-03 
1.740465e+01, 7.556531e-02, 1.108056e-05, 1.169290e-04, 0, 7.541105e-02, 2.507705e-05, 1.166374e-06, 0.511924, 3.882393e-03, 0.000000e+00, 0.000000, 9.000000e-01, 0, 0.511924, 3.882393e-03 
1.748348e+01, 7.882561e-02, 1.078896e-05, 1.280096e-04, 0, 7.866174e-02, 2.420227e-05, 8.747807e-07, 0.388336, 6.231342e-03, 0.000000e+00, 0.000000, 9.000000e-01, 0, 0.388336, 6.231342e-03 
1.756214e+01, 7.865970e-02, 1.137215e-05, 1.227609e-04, 0, 7.849990e-02, 2.507705e-05, 5.831871e-07, 0.520113, 4.863391e-03, 0.000000e+00, 0.000000, 9.000000e-01, 0, 0.520113, 4.863391e-03 
1.763909e+01, 7.695096e-02, 8.747807e-06, 1.248020e-04, 0, 7.678737e-02, 2.915936e-05, 8.747807e-07, 0.418211, 6.261309e-03, 0.000000e+00, 0.000000, 9.000000e-01, 0, 0.418211, 6.261309e-03 
1.771798e+01, 7.889355e-02, 1.078896e-05, 1.533782e-04, 0, 7.870518e-02, 2.361908e-05, 5.831871e-07, 0.829820, 4.078245e-03, 0.000000e+00, 0.000000, 9.000000e-01, 0, 0.829820, 4.078245e-03 
1.779657e+01, 7.859175e-02, 1.137215e-05, 1.140131e-04, 0, 7.844158e-02, 2.391067e-05, 8.747807e-07, 0.506581, 2.276257e-03, 0.000000e+00, 0.000000, 9.000000e-01, 0, 0.506581, 2.276257e-03 
0.100000, 0, 0, 0, 0, 0, 0, 0, 0, 0, 0, 0, 0, 0, 0 ,0