TRM WS=0, MS=1, TRMstep=0: ub=0.800000, lb=0.200000, grow=2.000000,shrink=0.500000, b_w=0,b_m=0, lr=0.700000, decay=0.000000, lambda=0.000100, n=370, n0=25, n1=10, n2=10, sub_tol=0.001000, sub_maxit=1000, tol=1.000000e-08, m=100 
time, iter_t, subset_m_time, g_time, subset_w_time, p1_time, t2, t3, total error, total gmag, rho, sigma, gamma, step, approx error, approx gmag 
8.125488e-02, 8.125488e-02, 3.353326e-05, 1.956593e-04, 0, 8.090467e-02, 7.698070e-05, 4.403063e-05, 1.523711, 8.237240e-03, 0.000000e+00, 0.000000, 7.000000e-01, 0, 1.523711, 8.237240e-03 
1.611684e-01, 7.991355e-02, 9.330994e-06, 1.250936e-04, 0, 7.975346e-02, 2.478545e-05, 8.747807e-07, 1.126478, 7.234531e-03, 0.000000e+00, 0.000000, 7.000000e-01, 0, 1.126478, 7.234531e-03 
2.400792e-01, 7.891076e-02, 9.622588e-06, 1.303423e-04, 0, 7.874630e-02, 2.361908e-05, 8.747807e-07, 0.671019, 5.952537e-03, 0.000000e+00, 0.000000, 7.000000e-01, 0, 0.671019, 5.952537e-03 
3.199846e-01, 7.990538e-02, 9.039400e-06, 1.309255e-04, 0, 7.973684e-02, 2.799298e-05, 5.831871e-07, 0.788318, 5.471302e-03, 0.000000e+00, 0.000000, 7.000000e-01, 0, 0.788318, 5.471302e-03 
3.977435e-01, 7.775896e-02, 1.516287e-05, 1.288844e-04, 0, 7.758867e-02, 2.566023e-05, 5.831871e-07, 0.643974, 5.193361e-03, 0.000000e+00, 0.000000, 7.000000e-01, 0, 0.643974, 5.193361e-03 
4.751456e-01, 7.740205e-02, 1.020577e-05, 1.221777e-04, 0, 7.724343e-02, 2.536864e-05, 8.747807e-07, 0.687259, 5.055376e-03, 0.000000e+00, 0.000000, 7.000000e-01, 0, 0.687259, 5.055376e-03 
5.515014e-01, 7.635582e-02, 9.622588e-06, 1.245105e-04, 0, 7.619427e-02, 2.624342e-05, 1.166374e-06, 0.645909, 4.621102e-03, 0.000000e+00, 0.000000, 7.000000e-01, 0, 0.645909, 4.621102e-03 
6.336900e-01, 8.218856e-02, 1.078896e-05, 1.457968e-04, 0, 8.200165e-02, 2.915936e-05, 1.166374e-06, 0.450553, 4.830231e-03, 0.000000e+00, 0.000000, 7.000000e-01, 0, 0.450553, 4.830231e-03 
7.089468e-01, 7.525680e-02, 9.622588e-06, 1.318003e-04, 0, 7.509176e-02, 2.274430e-05, 8.747807e-07, 0.562359, 5.381170e-03, 0.000000e+00, 0.000000, 7.000000e-01, 0, 0.562359, 5.381170e-03 
7.853169e-01, 7.637010e-02, 1.108056e-05, 1.210113e-04, 0, 7.621323e-02, 2.420227e-05, 5.831871e-07, 0.718749, 4.826983e-03, 0.000000e+00, 0.000000, 7.000000e-01, 0, 0.718749, 4.826983e-03 
8.635675e-01, 7.825059e-02, 1.166374e-05, 1.250936e-04, 0, 7.808788e-02, 2.536864e-05, 5.831871e-07, 0.548006, 4.226054e-03, 0.000000e+00, 0.000000, 7.000000e-01, 0, 0.548006, 4.226054e-03 
9.409027e-01, 7.733528e-02, 1.108056e-05, 1.280096e-04, 0, 7.716236e-02, 3.324167e-05, 5.831871e-07, 0.623427, 4.428931e-03, 0.000000e+00, 0.000000, 7.000000e-01, 0, 0.623427, 4.428931e-03 
1.017884e+00, 7.698099e-02, 1.137215e-05, 1.271348e-04, 0, 7.681828e-02, 2.361908e-05, 5.831871e-07, 0.519410, 4.513700e-03, 0.000000e+00, 0.000000, 7.000000e-01, 0, 0.519410, 4.513700e-03 
1.096494e+00, 7.861071e-02, 9.330994e-06, 1.420061e-04, 0, 7.843371e-02, 2.478545e-05, 8.747807e-07, 0.679787, 4.485466e-03, 0.000000e+00, 0.000000, 7.000000e-01, 0, 0.679787, 4.485466e-03 
1.175816e+00, 7.932132e-02, 9.039400e-06, 1.274264e-04, 0, 7.915832e-02, 2.566023e-05, 8.747807e-07, 0.462855, 4.539064e-03, 0.000000e+00, 0.000000, 7.000000e-01, 0, 0.462855, 4.539064e-03 
1.254528e+00, 7.871247e-02, 1.020577e-05, 1.233441e-04, 0, 7.855385e-02, 2.391067e-05, 1.166374e-06, 0.662865, 4.697373e-03, 0.000000e+00, 0.000000, 7.000000e-01, 0, 0.662865, 4.697373e-03 
1.331958e+00, 7.742946e-02, 1.108056e-05, 1.242189e-04, 0, 7.726617e-02, 2.711820e-05, 8.747807e-07, 0.332259, 4.648331e-03, 0.000000e+00, 0.000000, 7.000000e-01, 0, 0.332259, 4.648331e-03 
1.411309e+00, 7.935106e-02, 9.622588e-06, 1.428808e-04, 0, 7.917086e-02, 2.682661e-05, 8.747807e-07, 0.779727, 4.108743e-03, 0.000000e+00, 0.000000, 7.000000e-01, 0, 0.779727, 4.108743e-03 
1.487684e+00, 7.637477e-02, 9.330994e-06, 1.562941e-04, 0, 7.618552e-02, 2.274430e-05, 8.747807e-07, 0.523898, 3.923364e-03, 0.000000e+00, 0.000000, 7.000000e-01, 0, 0.523898, 3.923364e-03 
1.562699e+00, 7.501536e-02, 1.020577e-05, 1.175122e-04, 0, 7.486227e-02, 2.478545e-05, 5.831871e-07, 0.578596, 4.269802e-03, 0.000000e+00, 0.000000, 7.000000e-01, 0, 0.578596, 4.269802e-03 
1.642427e+00, 7.972809e-02, 1.078896e-05, 1.274264e-04, 0, 7.955547e-02, 3.353326e-05, 8.747807e-07, 0.569842, 4.239185e-03, 0.000000e+00, 0.000000, 7.000000e-01, 0, 0.569842, 4.239185e-03 
1.718543e+00, 7.611613e-02, 1.166374e-05, 1.420061e-04, 0, 7.593213e-02, 2.886776e-05, 1.457968e-06, 0.580572, 4.336939e-03, 0.000000e+00, 0.000000, 7.000000e-01, 0, 0.580572, 4.336939e-03 
1.796709e+00, 7.816544e-02, 9.330994e-06, 1.446304e-04, 0, 7.798203e-02, 2.857617e-05, 8.747807e-07, 0.519030, 4.763314e-03, 0.000000e+00, 0.000000, 7.000000e-01, 0, 0.519030, 4.763314e-03 
1.873229e+00, 7.652086e-02, 1.078896e-05, 1.437556e-04, 0, 7.634065e-02, 2.507705e-05, 5.831871e-07, 0.630817, 5.020261e-03, 0.000000e+00, 0.000000, 7.000000e-01, 0, 0.630817, 5.020261e-03 
1.953470e+00, 8.024101e-02, 9.914181e-06, 1.280096e-04, 0, 8.006926e-02, 3.324167e-05, 5.831871e-07, 0.663754, 4.307855e-03, 0.000000e+00, 0.000000, 7.000000e-01, 0, 0.663754, 4.307855e-03 
2.030861e+00, 7.739039e-02, 1.078896e-05, 1.172206e-04, 0, 7.723555e-02, 2.624342e-05, 5.831871e-07, 0.630369, 3.112741e-03, 0.000000e+00, 0.000000, 7.000000e-01, 0, 0.630369, 3.112741e-03 
2.107434e+00, 7.657364e-02, 9.622588e-06, 1.268432e-04, 0, 7.641326e-02, 2.303589e-05, 8.747807e-07, 0.490638, 2.981208e-03, 0.000000e+00, 0.000000, 7.000000e-01, 0, 0.490638, 2.981208e-03 
2.186803e+00, 7.936885e-02, 9.039400e-06, 1.140131e-04, 0, 7.921664e-02, 2.857617e-05, 5.831871e-07, 0.502101, 4.192441e-03, 0.000000e+00, 0.000000, 7.000000e-01, 0, 0.502101, 4.192441e-03 
2.264953e+00, 7.814941e-02, 1.108056e-05, 1.201365e-04, 0, 7.799049e-02, 2.682661e-05, 8.747807e-07, 0.597462, 4.610057e-03, 0.000000e+00, 0.000000, 7.000000e-01, 0, 0.597462, 4.610057e-03 
2.342140e+00, 7.718773e-02, 1.108056e-05, 1.475463e-04, 0, 7.700140e-02, 2.711820e-05, 5.831871e-07, 0.577943, 4.535613e-03, 0.000000e+00, 0.000000, 7.000000e-01, 0, 0.577943, 4.535613e-03 
2.419254e+00, 7.711396e-02, 1.020577e-05, 1.475463e-04, 0, 7.692880e-02, 2.653501e-05, 8.747807e-07, 0.533737, 4.671383e-03, 0.000000e+00, 0.000000, 7.000000e-01, 0, 0.533737, 4.671383e-03 
2.497937e+00, 7.868244e-02, 1.049737e-05, 1.697075e-04, 0, 7.847745e-02, 2.391067e-05, 8.747807e-07, 0.680849, 4.388325e-03, 0.000000e+00, 0.000000, 7.000000e-01, 0, 0.680849, 4.388325e-03 
2.577326e+00, 7.938955e-02, 9.914181e-06, 1.245105e-04, 0, 7.921839e-02, 3.557441e-05, 1.166374e-06, 0.490534, 4.295720e-03, 0.000000e+00, 0.000000, 7.000000e-01, 0, 0.490534, 4.295720e-03 
2.656095e+00, 7.876817e-02, 1.078896e-05, 1.463800e-04, 0, 7.858534e-02, 2.478545e-05, 8.747807e-07, 0.675936, 4.528031e-03, 0.000000e+00, 0.000000, 7.000000e-01, 0, 0.675936, 4.528031e-03 
2.732845e+00, 7.675005e-02, 9.622588e-06, 1.288844e-04, 0, 7.658559e-02, 2.536864e-05, 5.831871e-07, 0.492648, 4.001434e-03, 0.000000e+00, 0.000000, 7.000000e-01, 0, 0.492648, 4.001434e-03 
2.810244e+00, 7.739914e-02, 9.914181e-06, 1.236357e-04, 0, 7.724313e-02, 2.186952e-05, 5.831871e-07, 0.658429, 4.342345e-03, 0.000000e+00, 0.000000, 7.000000e-01, 0, 0.658429, 4.342345e-03 
2.889160e+00, 7.891601e-02, 1.137215e-05, 1.603765e-04, 0, 7.871510e-02, 2.799298e-05, 1.166374e-06, 0.460468, 4.177598e-03, 0.000000e+00, 0.000000, 7.000000e-01, 0, 0.460468, 4.177598e-03 
2.973601e+00, 8.444141e-02, 1.078896e-05, 1.376322e-04, 0, 8.426850e-02, 2.361908e-05, 8.747807e-07, 0.635485, 4.759068e-03, 0.000000e+00, 0.000000, 7.000000e-01, 0, 0.635485, 4.759068e-03 
3.047660e+00, 7.405893e-02, 9.330994e-06, 1.157626e-04, 0, 7.390672e-02, 2.653501e-05, 5.831871e-07, 0.346818, 4.792939e-03, 0.000000e+00, 0.000000, 7.000000e-01, 0, 0.346818, 4.792939e-03 
3.122831e+00, 7.517136e-02, 9.622588e-06, 1.350078e-04, 0, 7.499903e-02, 2.711820e-05, 5.831871e-07, 0.721584, 5.138796e-03, 0.000000e+00, 0.000000, 7.000000e-01, 0, 0.721584, 5.138796e-03 
3.200523e+00, 7.769131e-02, 1.049737e-05, 1.271348e-04, 0, 7.752773e-02, 2.507705e-05, 8.747807e-07, 0.697405, 3.911118e-03, 0.000000e+00, 0.000000, 7.000000e-01, 0, 0.697405, 3.911118e-03 
3.279390e+00, 7.886760e-02, 9.039400e-06, 1.256768e-04, 0, 7.870839e-02, 2.361908e-05, 8.747807e-07, 0.365671, 3.967192e-03, 0.000000e+00, 0.000000, 7.000000e-01, 0, 0.365671, 3.967192e-03 
3.356974e+00, 7.758313e-02, 9.622588e-06, 1.335499e-04, 0, 7.741459e-02, 2.449386e-05, 8.747807e-07, 0.689803, 4.757741e-03, 0.000000e+00, 0.000000, 7.000000e-01, 0, 0.689803, 4.757741e-03 
3.432840e+00, 7.586652e-02, 1.049737e-05, 1.198450e-04, 0, 7.571198e-02, 2.332748e-05, 8.747807e-07, 0.582168, 3.249780e-03, 0.000000e+00, 0.000000, 7.000000e-01, 0, 0.582168, 3.249780e-03 
3.505331e+00, 7.249074e-02, 1.049737e-05, 1.154711e-04, 0, 7.233678e-02, 2.740979e-05, 5.831871e-07, 0.474336, 3.413307e-03, 0.000000e+00, 0.000000, 7.000000e-01, 0, 0.474336, 3.413307e-03 
3.581540e+00, 7.620914e-02, 1.137215e-05, 1.250936e-04, 0, 7.604760e-02, 2.420227e-05, 8.747807e-07, 0.656445, 3.730622e-03, 0.000000e+00, 0.000000, 7.000000e-01, 0, 0.656445, 3.730622e-03 
3.658199e+00, 7.665936e-02, 8.747807e-06, 1.274264e-04, 0, 7.648645e-02, 3.586601e-05, 8.747807e-07, 0.501322, 2.648887e-03, 0.000000e+00, 0.000000, 7.000000e-01, 0, 0.501322, 2.648887e-03 
3.735635e+00, 7.743559e-02, 9.330994e-06, 1.262600e-04, 0, 7.727434e-02, 2.478545e-05, 8.747807e-07, 0.433926, 4.228907e-03, 0.000000e+00, 0.000000, 7.000000e-01, 0, 0.433926, 4.228907e-03 
3.813324e+00, 7.768869e-02, 9.914181e-06, 1.256768e-04, 0, 7.752890e-02, 2.361908e-05, 5.831871e-07, 0.166208, 2.977804e-03, 0.000000e+00, 0.000000, 7.000000e-01, 0, 0.166208, 2.977804e-03 
3.892562e+00, 7.923822e-02, 1.049737e-05, 1.283012e-04, 0, 7.907638e-02, 2.245270e-05, 5.831871e-07, 0.793413, 3.740497e-03, 0.000000e+00, 0.000000, 7.000000e-01, 0, 0.793413, 3.740497e-03 
3.973188e+00, 8.062649e-02, 1.428808e-05, 1.635840e-04, 0, 8.042034e-02, 2.740979e-05, 8.747807e-07, 0.614411, 3.511562e-03, 0.000000e+00, 0.000000, 7.000000e-01, 0, 0.614411, 3.511562e-03 
4.050787e+00, 7.759888e-02, 1.108056e-05, 1.265516e-04, 0, 7.743325e-02, 2.711820e-05, 8.747807e-07, 0.486547, 3.093620e-03, 0.000000e+00, 0.000000, 7.000000e-01, 0, 0.486547, 3.093620e-03 
4.127730e+00, 7.694250e-02, 1.399649e-05, 1.227609e-04, 0, 7.678154e-02, 2.332748e-05, 8.747807e-07, 0.433590, 4.739163e-03, 0.000000e+00, 0.000000, 7.000000e-01, 0, 0.433590, 4.739163e-03 
4.206157e+00, 7.842730e-02, 9.039400e-06, 1.151795e-04, 0, 7.827654e-02, 2.536864e-05, 1.166374e-06, 0.713578, 4.896642e-03, 0.000000e+00, 0.000000, 7.000000e-01, 0, 0.713578, 4.896642e-03 
4.284664e+00, 7.850690e-02, 9.914181e-06, 1.682495e-04, 0, 7.829754e-02, 3.003414e-05, 1.166374e-06, 0.476288, 3.677049e-03, 0.000000e+00, 0.000000, 7.000000e-01, 0, 0.476288, 3.677049e-03 
4.360580e+00, 7.591638e-02, 9.330994e-06, 1.326751e-04, 0, 7.574872e-02, 2.478545e-05, 8.747807e-07, 0.621216, 3.884685e-03, 0.000000e+00, 0.000000, 7.000000e-01, 0, 0.621216, 3.884685e-03 
4.437665e+00, 7.708480e-02, 9.622588e-06, 1.274264e-04, 0, 7.691772e-02, 2.915936e-05, 8.747807e-07, 0.555320, 2.806767e-03, 0.000000e+00, 0.000000, 7.000000e-01, 0, 0.555320, 2.806767e-03 
4.517126e+00, 7.946100e-02, 1.166374e-05, 1.478379e-04, 0, 7.927525e-02, 2.566023e-05, 5.831871e-07, 0.331924, 3.738984e-03, 0.000000e+00, 0.000000, 7.000000e-01, 0, 0.331924, 3.738984e-03 
4.597113e+00, 7.998732e-02, 1.020577e-05, 1.207197e-04, 0, 7.983307e-02, 2.245270e-05, 8.747807e-07, 0.693042, 4.644397e-03, 0.000000e+00, 0.000000, 7.000000e-01, 0, 0.693042, 4.644397e-03 
4.674942e+00, 7.782895e-02, 9.914181e-06, 1.262600e-04, 0, 7.766653e-02, 2.536864e-05, 8.747807e-07, 0.487403, 3.775167e-03, 0.000000e+00, 0.000000, 7.000000e-01, 0, 0.487403, 3.775167e-03 
4.753696e+00, 7.875388e-02, 1.020577e-05, 1.393817e-04, 0, 7.858097e-02, 2.274430e-05, 5.831871e-07, 0.690119, 3.629145e-03, 0.000000e+00, 0.000000, 7.000000e-01, 0, 0.690119, 3.629145e-03 
4.831181e+00, 7.748487e-02, 1.137215e-05, 1.207197e-04, 0, 7.732332e-02, 2.857617e-05, 8.747807e-07, 0.487362, 2.526496e-03, 0.000000e+00, 0.000000, 7.000000e-01, 0, 0.487362, 2.526496e-03 
4.912381e+00, 8.120035e-02, 1.195534e-05, 1.376322e-04, 0, 8.100236e-02, 4.752975e-05, 8.747807e-07, 0.489318, 3.552743e-03, 0.000000e+00, 0.000000, 7.000000e-01, 0, 0.489318, 3.552743e-03 
4.987419e+00, 7.503723e-02, 9.622588e-06, 1.358826e-04, 0, 7.486344e-02, 2.740979e-05, 8.747807e-07, 0.517879, 4.461878e-03, 0.000000e+00, 0.000000, 7.000000e-01, 0, 0.517879, 4.461878e-03 
5.063408e+00, 7.598957e-02, 1.195534e-05, 1.341330e-04, 0, 7.581724e-02, 2.536864e-05, 8.747807e-07, 0.513090, 5.429677e-03, 0.000000e+00, 0.000000, 7.000000e-01, 0, 0.513090, 5.429677e-03 
5.141918e+00, 7.850953e-02, 9.914181e-06, 1.256768e-04, 0, 7.834857e-02, 2.478545e-05, 5.831871e-07, 0.713316, 5.063834e-03, 0.000000e+00, 0.000000, 7.000000e-01, 0, 0.713316, 5.063834e-03 
5.220413e+00, 7.849495e-02, 9.914181e-06, 1.210113e-04, 0, 7.833865e-02, 2.449386e-05, 8.747807e-07, 0.604856, 2.830756e-03, 0.000000e+00, 0.000000, 7.000000e-01, 0, 0.604856, 2.830756e-03 
5.298564e+00, 7.815145e-02, 1.166374e-05, 1.245105e-04, 0, 7.799020e-02, 2.449386e-05, 5.831871e-07, 0.549065, 2.278879e-03, 0.000000e+00, 0.000000, 7.000000e-01, 0, 0.549065, 2.278879e-03 
5.377133e+00, 7.856843e-02, 1.078896e-05, 1.195534e-04, 0, 7.841272e-02, 2.420227e-05, 1.166374e-06, 0.526696, 2.075515e-03, 0.000000e+00, 0.000000, 7.000000e-01, 0, 0.526696, 2.075515e-03 
5.455838e+00, 7.870548e-02, 9.039400e-06, 1.274264e-04, 0, 7.854335e-02, 2.478545e-05, 8.747807e-07, 0.476423, 3.304563e-03, 0.000000e+00, 0.000000, 7.000000e-01, 0, 0.476423, 3.304563e-03 
5.533349e+00, 7.751140e-02, 9.039400e-06, 1.227609e-04, 0, 7.734927e-02, 2.886776e-05, 1.457968e-06, 0.571859, 3.968866e-03, 0.000000e+00, 0.000000, 7.000000e-01, 0, 0.571859, 3.968866e-03 
5.611461e+00, 7.811150e-02, 1.137215e-05, 1.548362e-04, 0, 7.791292e-02, 3.120051e-05, 1.166374e-06, 0.559056, 3.887208e-03, 0.000000e+00, 0.000000, 7.000000e-01, 0, 0.559056, 3.887208e-03 
5.689004e+00, 7.754260e-02, 1.166374e-05, 1.527950e-04, 0, 7.734869e-02, 2.799298e-05, 1.457968e-06, 0.447894, 4.719500e-03, 0.000000e+00, 0.000000, 7.000000e-01, 0, 0.447894, 4.719500e-03 
5.766856e+00, 7.785286e-02, 1.108056e-05, 1.455052e-04, 0, 7.765661e-02, 3.878194e-05, 8.747807e-07, 0.750921, 4.313454e-03, 0.000000e+00, 0.000000, 7.000000e-01, 0, 0.750921, 4.313454e-03 
5.843746e+00, 7.688914e-02, 1.020577e-05, 1.405481e-04, 0, 7.671273e-02, 2.478545e-05, 8.747807e-07, 0.559503, 2.710583e-03, 0.000000e+00, 0.000000, 7.000000e-01, 0, 0.559503, 2.710583e-03 
5.921276e+00, 7.753035e-02, 9.914181e-06, 1.160542e-04, 0, 7.737931e-02, 2.449386e-05, 5.831871e-07, 0.338283, 4.186908e-03, 0.000000e+00, 0.000000, 7.000000e-01, 0, 0.338283, 4.186908e-03 
6.017783e+00, 9.650668e-02, 1.078896e-05, 1.248020e-04, 0, 9.634280e-02, 2.711820e-05, 1.166374e-06, 0.148191, 2.156483e-03, 0.000000e+00, 0.000000, 7.000000e-01, 0, 0.148191, 2.156483e-03 
6.095145e+00, 7.736210e-02, 1.224693e-05, 1.367574e-04, 0, 7.718861e-02, 2.391067e-05, 5.831871e-07, 0.740301, 3.660009e-03, 0.000000e+00, 0.000000, 7.000000e-01, 0, 0.740301, 3.660009e-03 
6.174852e+00, 7.970768e-02, 1.108056e-05, 1.358826e-04, 0, 7.953419e-02, 2.595183e-05, 5.831871e-07, 0.690735, 4.690281e-03, 0.000000e+00, 0.000000, 7.000000e-01, 0, 0.690735, 4.690281e-03 
6.251732e+00, 7.687952e-02, 8.456213e-06, 1.285928e-04, 0, 7.671681e-02, 2.507705e-05, 5.831871e-07, 0.503974, 2.373783e-03, 0.000000e+00, 0.000000, 7.000000e-01, 0, 0.503974, 2.373783e-03 
6.329574e+00, 7.784236e-02, 1.049737e-05, 1.245105e-04, 0, 7.767848e-02, 2.770139e-05, 1.166374e-06, 0.559289, 2.584702e-03, 0.000000e+00, 0.000000, 7.000000e-01, 0, 0.559289, 2.584702e-03 
6.406351e+00, 7.677658e-02, 1.108056e-05, 1.411313e-04, 0, 7.659813e-02, 2.536864e-05, 8.747807e-07, 0.473620, 2.802508e-03, 0.000000e+00, 0.000000, 7.000000e-01, 0, 0.473620, 2.802508e-03 
6.486564e+00, 8.021331e-02, 9.330994e-06, 1.320919e-04, 0, 8.004331e-02, 2.740979e-05, 1.166374e-06, 0.605279, 3.517989e-03, 0.000000e+00, 0.000000, 7.000000e-01, 0, 0.605279, 3.517989e-03 
6.564167e+00, 7.760296e-02, 9.622588e-06, 1.242189e-04, 0, 7.743938e-02, 2.886776e-05, 8.747807e-07, 0.487473, 3.328574e-03, 0.000000e+00, 0.000000, 7.000000e-01, 0, 0.487473, 3.328574e-03 
6.645928e+00, 8.176079e-02, 1.283012e-05, 1.315087e-04, 0, 8.158904e-02, 2.624342e-05, 1.166374e-06, 0.453345, 4.856155e-03, 0.000000e+00, 0.000000, 7.000000e-01, 0, 0.453345, 4.856155e-03 
6.719065e+00, 7.313691e-02, 1.195534e-05, 1.352994e-04, 0, 7.296021e-02, 2.799298e-05, 1.457968e-06, 0.449335, 5.483736e-03, 0.000000e+00, 0.000000, 7.000000e-01, 0, 0.449335, 5.483736e-03 
6.793603e+00, 7.453831e-02, 1.137215e-05, 1.198450e-04, 0, 7.437706e-02, 2.915936e-05, 8.747807e-07, 0.707032, 5.144098e-03, 0.000000e+00, 0.000000, 7.000000e-01, 0, 0.707032, 5.144098e-03 
6.872324e+00, 7.872093e-02, 1.078896e-05, 1.245105e-04, 0, 7.856026e-02, 2.420227e-05, 1.166374e-06, 0.404157, 5.171032e-03, 0.000000e+00, 0.000000, 7.000000e-01, 0, 0.404157, 5.171032e-03 
6.950399e+00, 7.807534e-02, 9.622588e-06, 1.274264e-04, 0, 7.791234e-02, 2.536864e-05, 5.831871e-07, 0.717020, 4.753322e-03, 0.000000e+00, 0.000000, 7.000000e-01, 0, 0.717020, 4.753322e-03 
7.029857e+00, 7.945720e-02, 9.914181e-06, 1.230525e-04, 0, 7.929741e-02, 2.595183e-05, 8.747807e-07, 0.474711, 4.643789e-03, 0.000000e+00, 0.000000, 7.000000e-01, 0, 0.474711, 4.643789e-03 
7.108044e+00, 7.818790e-02, 1.049737e-05, 1.265516e-04, 0, 7.801119e-02, 2.857617e-05, 1.108056e-05, 0.677183, 4.985386e-03, 0.000000e+00, 0.000000, 7.000000e-01, 0, 0.677183, 4.985386e-03 
7.187249e+00, 7.920439e-02, 1.457968e-05, 1.224693e-04, 0, 7.904198e-02, 2.449386e-05, 8.747807e-07, 0.582834, 3.613635e-03, 0.000000e+00, 0.000000, 7.000000e-01, 0, 0.582834, 3.613635e-03 
7.265935e+00, 7.868594e-02, 9.330994e-06, 1.221777e-04, 0, 7.852965e-02, 2.420227e-05, 5.831871e-07, 0.308681, 4.863383e-03, 0.000000e+00, 0.000000, 7.000000e-01, 0, 0.308681, 4.863383e-03 
7.343661e+00, 7.772572e-02, 1.020577e-05, 1.338414e-04, 0, 7.755310e-02, 2.770139e-05, 8.747807e-07, 0.700518, 4.801200e-03, 0.000000e+00, 0.000000, 7.000000e-01, 0, 0.700518, 4.801200e-03 
7.423781e+00, 8.012000e-02, 1.341330e-05, 1.318003e-04, 0, 7.994737e-02, 2.653501e-05, 8.747807e-07, 0.230482, 4.915837e-03, 0.000000e+00, 0.000000, 7.000000e-01, 0, 0.230482, 4.915837e-03 
7.498820e+00, 7.503927e-02, 9.914181e-06, 1.335499e-04, 0, 7.485877e-02, 3.615760e-05, 8.747807e-07, 0.878549, 3.579319e-03, 0.000000e+00, 0.000000, 7.000000e-01, 0, 0.878549, 3.579319e-03 
7.577842e+00, 7.902186e-02, 9.914181e-06, 1.268432e-04, 0, 7.885944e-02, 2.507705e-05, 5.831871e-07, 0.590086, 3.037466e-03, 0.000000e+00, 0.000000, 7.000000e-01, 0, 0.590086, 3.037466e-03 
7.655066e+00, 7.722418e-02, 9.622588e-06, 1.262600e-04, 0, 7.706089e-02, 2.566023e-05, 1.749561e-06, 0.465309, 2.577585e-03, 0.000000e+00, 0.000000, 7.000000e-01, 0, 0.465309, 2.577585e-03 
7.732737e+00, 7.767149e-02, 9.622588e-06, 1.294675e-04, 0, 7.750848e-02, 2.332748e-05, 5.831871e-07, 0.548783, 3.670643e-03, 0.000000e+00, 0.000000, 7.000000e-01, 0, 0.548783, 3.670643e-03 
7.810663e+00, 7.792576e-02, 9.622588e-06, 1.207197e-04, 0, 7.776888e-02, 2.566023e-05, 8.747807e-07, 0.553750, 3.545496e-03, 0.000000e+00, 0.000000, 7.000000e-01, 0, 0.553750, 3.545496e-03 
7.892848e+00, 8.218477e-02, 1.108056e-05, 1.568773e-04, 0, 8.199086e-02, 2.507705e-05, 8.747807e-07, 0.545397, 3.827304e-03, 0.000000e+00, 0.000000, 7.000000e-01, 0, 0.545397, 3.827304e-03 
7.972854e+00, 8.000657e-02, 8.747807e-06, 1.283012e-04, 0, 7.984152e-02, 2.711820e-05, 8.747807e-07, 0.554224, 4.477173e-03, 0.000000e+00, 0.000000, 7.000000e-01, 0, 0.554224, 4.477173e-03 
8.051331e+00, 7.847658e-02, 1.341330e-05, 1.248020e-04, 0, 7.831153e-02, 2.595183e-05, 8.747807e-07, 0.225057, 4.632387e-03, 0.000000e+00, 0.000000, 7.000000e-01, 0, 0.225057, 4.632387e-03 
8.130727e+00, 7.939597e-02, 9.039400e-06, 1.280096e-04, 0, 7.923239e-02, 2.595183e-05, 5.831871e-07, 0.743098, 4.677328e-03, 0.000000e+00, 0.000000, 7.000000e-01, 0, 0.743098, 4.677328e-03 
8.205268e+00, 7.454152e-02, 9.914181e-06, 1.440472e-04, 0, 7.436073e-02, 2.595183e-05, 8.747807e-07, 0.688179, 4.421163e-03, 0.000000e+00, 0.000000, 7.000000e-01, 0, 0.688179, 4.421163e-03 
8.281410e+00, 7.614149e-02, 1.078896e-05, 1.297591e-04, 0, 7.597645e-02, 2.361908e-05, 8.747807e-07, 0.604670, 2.928312e-03, 0.000000e+00, 0.000000, 7.000000e-01, 0, 0.604670, 2.928312e-03 
8.359345e+00, 7.793538e-02, 9.622588e-06, 1.131383e-04, 0, 7.778696e-02, 2.507705e-05, 5.831871e-07, 0.401677, 3.692398e-03, 0.000000e+00, 0.000000, 7.000000e-01, 0, 0.401677, 3.692398e-03 
8.437452e+00, 7.810625e-02, 1.108056e-05, 1.291759e-04, 0, 7.793975e-02, 2.507705e-05, 1.166374e-06, 0.630464, 4.719511e-03, 0.000000e+00, 0.000000, 7.000000e-01, 0, 0.630464, 4.719511e-03 
8.515050e+00, 7.759830e-02, 1.195534e-05, 1.239273e-04, 0, 7.742975e-02, 3.149210e-05, 1.166374e-06, 0.539409, 4.329470e-03, 0.000000e+00, 0.000000, 7.000000e-01, 0, 0.539409, 4.329470e-03 
8.593587e+00, 7.853752e-02, 9.039400e-06, 1.230525e-04, 0, 7.838210e-02, 2.274430e-05, 5.831871e-07, 0.455935, 5.336253e-03, 0.000000e+00, 0.000000, 7.000000e-01, 0, 0.455935, 5.336253e-03 
8.671120e+00, 7.753269e-02, 2.216111e-05, 1.285928e-04, 0, 7.735511e-02, 2.595183e-05, 8.747807e-07, 0.601209, 5.658636e-03, 0.000000e+00, 0.000000, 7.000000e-01, 0, 0.601209, 5.658636e-03 
8.749284e+00, 7.816370e-02, 1.049737e-05, 1.207197e-04, 0, 7.800682e-02, 2.478545e-05, 8.747807e-07, 0.381398, 5.781334e-03, 0.000000e+00, 0.000000, 7.000000e-01, 0, 0.381398, 5.781334e-03 
8.879852e+00, 1.305680e-01, 8.747807e-06, 1.230525e-04, 0, 1.304056e-01, 2.974254e-05, 8.747807e-07, 0.101844, 2.219215e-03, 0.000000e+00, 0.000000, 7.000000e-01, 0, 0.101844, 2.219215e-03 
8.960460e+00, 8.060842e-02, 9.330994e-06, 1.361742e-04, 0, 8.043638e-02, 2.566023e-05, 8.747807e-07, 0.880452, 2.971592e-03, 0.000000e+00, 0.000000, 7.000000e-01, 0, 0.880452, 2.971592e-03 
9.033072e+00, 7.261175e-02, 9.622588e-06, 1.440472e-04, 0, 7.243301e-02, 2.449386e-05, 5.831871e-07, 0.570614, 3.538481e-03, 0.000000e+00, 0.000000, 7.000000e-01, 0, 0.570614, 3.538481e-03 
9.108062e+00, 7.499028e-02, 1.137215e-05, 1.134299e-04, 0, 7.484186e-02, 2.303589e-05, 5.831871e-07, 0.308639, 4.693067e-03, 0.000000e+00, 0.000000, 7.000000e-01, 0, 0.308639, 4.693067e-03 
9.187119e+00, 7.905714e-02, 9.622588e-06, 1.198450e-04, 0, 7.890259e-02, 2.449386e-05, 5.831871e-07, 0.782509, 4.451887e-03, 0.000000e+00, 0.000000, 7.000000e-01, 0, 0.782509, 4.451887e-03 
9.265457e+00, 7.833749e-02, 1.137215e-05, 1.306339e-04, 0, 7.816515e-02, 2.945095e-05, 8.747807e-07, 0.546056, 2.169210e-03, 0.000000e+00, 0.000000, 7.000000e-01, 0, 0.546056, 2.169210e-03 
9.341294e+00, 7.583736e-02, 1.078896e-05, 1.431724e-04, 0, 7.565395e-02, 2.857617e-05, 8.747807e-07, 0.530775, 1.370377e-03, 0.000000e+00, 0.000000, 7.000000e-01, 0, 0.530775, 1.370377e-03 
9.418166e+00, 7.687164e-02, 1.195534e-05, 1.370490e-04, 0, 7.669756e-02, 2.449386e-05, 5.831871e-07, 0.405017, 3.024069e-03, 0.000000e+00, 0.000000, 7.000000e-01, 0, 0.405017, 3.024069e-03 
9.497224e+00, 7.905860e-02, 9.039400e-06, 1.256768e-04, 0, 7.889851e-02, 2.449386e-05, 8.747807e-07, 0.610929, 3.798749e-03, 0.000000e+00, 0.000000, 7.000000e-01, 0, 0.610929, 3.798749e-03 
9.576736e+00, 7.951115e-02, 9.330994e-06, 1.236357e-04, 0, 7.935194e-02, 2.536864e-05, 8.747807e-07, 0.534286, 2.615582e-03, 0.000000e+00, 0.000000, 7.000000e-01, 0, 0.534286, 2.615582e-03 
9.654664e+00, 7.792809e-02, 1.020577e-05, 1.256768e-04, 0, 7.776246e-02, 2.915936e-05, 5.831871e-07, 0.550275, 2.234584e-03, 0.000000e+00, 0.000000, 7.000000e-01, 0, 0.550275, 2.234584e-03 
9.731278e+00, 7.661446e-02, 1.428808e-05, 1.358826e-04, 0, 7.643630e-02, 2.711820e-05, 8.747807e-07, 0.418657, 3.534367e-03, 0.000000e+00, 0.000000, 7.000000e-01, 0, 0.418657, 3.534367e-03 
9.810653e+00, 7.937527e-02, 9.039400e-06, 1.294675e-04, 0, 7.920993e-02, 2.624342e-05, 5.831871e-07, 0.676336, 4.233390e-03, 0.000000e+00, 0.000000, 7.000000e-01, 0, 0.676336, 4.233390e-03 
9.888385e+00, 7.773126e-02, 1.020577e-05, 1.256768e-04, 0, 7.757059e-02, 2.420227e-05, 5.831871e-07, 0.471933, 3.201171e-03, 0.000000e+00, 0.000000, 7.000000e-01, 0, 0.471933, 3.201171e-03 
9.966697e+00, 7.831182e-02, 9.330994e-06, 1.233441e-04, 0, 7.815436e-02, 2.391067e-05, 8.747807e-07, 0.528949, 4.399286e-03, 0.000000e+00, 0.000000, 7.000000e-01, 0, 0.528949, 4.399286e-03 
1.004214e+01, 7.543963e-02, 1.108056e-05, 1.288844e-04, 0, 7.527663e-02, 2.245270e-05, 5.831871e-07, 0.230316, 3.792295e-03, 0.000000e+00, 0.000000, 7.000000e-01, 0, 0.230316, 3.792295e-03 
1.011696e+01, 7.482845e-02, 8.164620e-06, 1.169290e-04, 0, 7.468032e-02, 2.245270e-05, 5.831871e-07, 0.770585, 4.538822e-03, 0.000000e+00, 0.000000, 7.000000e-01, 0, 0.770585, 4.538822e-03 
1.019192e+01, 7.495704e-02, 9.039400e-06, 1.148879e-04, 0, 7.480775e-02, 2.449386e-05, 8.747807e-07, 0.618150, 3.795579e-03, 0.000000e+00, 0.000000, 7.000000e-01, 0, 0.618150, 3.795579e-03 
1.026893e+01, 7.701219e-02, 8.456213e-06, 1.239273e-04, 0, 7.685152e-02, 2.770139e-05, 5.831871e-07, 0.330273, 3.847026e-03, 0.000000e+00, 0.000000, 7.000000e-01, 0, 0.330273, 3.847026e-03 
1.034610e+01, 7.716499e-02, 1.312171e-05, 1.262600e-04, 0, 7.700024e-02, 2.478545e-05, 5.831871e-07, 0.682134, 5.015126e-03, 0.000000e+00, 0.000000, 7.000000e-01, 0, 0.682134, 5.015126e-03 
1.042389e+01, 7.779483e-02, 9.914181e-06, 1.291759e-04, 0, 7.762687e-02, 2.828458e-05, 5.831871e-07, 0.550390, 3.228224e-03, 0.000000e+00, 0.000000, 7.000000e-01, 0, 0.550390, 3.228224e-03 
1.050142e+01, 7.752569e-02, 1.108056e-05, 1.262600e-04, 0, 7.736327e-02, 2.420227e-05, 8.747807e-07, 0.374980, 4.623036e-03, 0.000000e+00, 0.000000, 7.000000e-01, 0, 0.374980, 4.623036e-03 
1.057956e+01, 7.814562e-02, 9.914181e-06, 1.180954e-04, 0, 7.799340e-02, 2.361908e-05, 5.831871e-07, 0.762629, 4.763731e-03, 0.000000e+00, 0.000000, 7.000000e-01, 0, 0.762629, 4.763731e-03 
1.065749e+01, 7.792925e-02, 9.330994e-06, 1.242189e-04, 0, 7.776946e-02, 2.566023e-05, 5.831871e-07, 0.312868, 4.106080e-03, 0.000000e+00, 0.000000, 7.000000e-01, 0, 0.312868, 4.106080e-03 
1.073456e+01, 7.706468e-02, 1.166374e-05, 1.288844e-04, 0, 7.689701e-02, 2.624342e-05, 8.747807e-07, 0.707453, 4.933497e-03, 0.000000e+00, 0.000000, 7.000000e-01, 0, 0.707453, 4.933497e-03 
1.081273e+01, 7.816690e-02, 1.078896e-05, 1.230525e-04, 0, 7.800419e-02, 2.770139e-05, 1.166374e-06, 0.568761, 2.819685e-03, 0.000000e+00, 0.000000, 7.000000e-01, 0, 0.568761, 2.819685e-03 
1.089230e+01, 7.957851e-02, 1.195534e-05, 1.312171e-04, 0, 7.940734e-02, 2.711820e-05, 8.747807e-07, 0.347190, 3.822291e-03, 0.000000e+00, 0.000000, 7.000000e-01, 0, 0.347190, 3.822291e-03 
1.096437e+01, 7.206764e-02, 9.914181e-06, 1.352994e-04, 0, 7.189239e-02, 2.915936e-05, 8.747807e-07, 0.618650, 5.441167e-03, 0.000000e+00, 0.000000, 7.000000e-01, 0, 0.618650, 5.441167e-03 
1.103950e+01, 7.512704e-02, 1.049737e-05, 1.189702e-04, 0, 7.497308e-02, 2.391067e-05, 5.831871e-07, 0.662229, 4.370732e-03, 0.000000e+00, 0.000000, 7.000000e-01, 0, 0.662229, 4.370732e-03 
1.111679e+01, 7.729445e-02, 8.747807e-06, 1.163458e-04, 0, 7.713350e-02, 3.440804e-05, 1.457968e-06, 0.538978, 2.496005e-03, 0.000000e+00, 0.000000, 7.000000e-01, 0, 0.538978, 2.496005e-03 
1.119511e+01, 7.831532e-02, 1.224693e-05, 1.802048e-04, 0, 7.809517e-02, 2.711820e-05, 5.831871e-07, 0.548073, 2.872621e-03, 0.000000e+00, 0.000000, 7.000000e-01, 0, 0.548073, 2.872621e-03 
1.127559e+01, 8.048186e-02, 1.283012e-05, 1.207197e-04, 0, 8.031012e-02, 3.761557e-05, 5.831871e-07, 0.510427, 3.140541e-03, 0.000000e+00, 0.000000, 7.000000e-01, 0, 0.510427, 3.140541e-03 
1.135355e+01, 7.795929e-02, 1.166374e-05, 1.638756e-04, 0, 7.775780e-02, 2.507705e-05, 8.747807e-07, 0.533080, 4.405231e-03, 0.000000e+00, 0.000000, 7.000000e-01, 0, 0.533080, 4.405231e-03 
1.143333e+01, 7.977825e-02, 9.330994e-06, 1.143047e-04, 0, 7.963070e-02, 2.332748e-05, 5.831871e-07, 0.528413, 5.410659e-03, 0.000000e+00, 0.000000, 7.000000e-01, 0, 0.528413, 5.410659e-03 
1.151367e+01, 8.034598e-02, 1.049737e-05, 1.213029e-04, 0, 8.018998e-02, 2.361908e-05, 5.831871e-07, 0.712952, 5.259649e-03, 0.000000e+00, 0.000000, 7.000000e-01, 0, 0.712952, 5.259649e-03 
1.159421e+01, 8.053406e-02, 9.914181e-06, 1.134299e-04, 0, 8.038301e-02, 2.711820e-05, 5.831871e-07, 0.531817, 3.527240e-03, 0.000000e+00, 0.000000, 7.000000e-01, 0, 0.531817, 3.527240e-03 
1.167410e+01, 7.989226e-02, 1.020577e-05, 1.341330e-04, 0, 7.972022e-02, 2.682661e-05, 8.747807e-07, 0.652185, 3.849052e-03, 0.000000e+00, 0.000000, 7.000000e-01, 0, 0.652185, 3.849052e-03 
1.174735e+01, 7.325122e-02, 1.020577e-05, 1.539614e-04, 0, 7.306343e-02, 2.303589e-05, 5.831871e-07, 0.578907, 2.047782e-03, 0.000000e+00, 0.000000, 7.000000e-01, 0, 0.578907, 2.047782e-03 
1.182478e+01, 7.743034e-02, 1.312171e-05, 1.297591e-04, 0, 7.726150e-02, 2.507705e-05, 8.747807e-07, 0.441512, 3.102386e-03, 0.000000e+00, 0.000000, 7.000000e-01, 0, 0.441512, 3.102386e-03 
1.190217e+01, 7.739156e-02, 9.914181e-06, 1.303423e-04, 0, 7.722622e-02, 2.420227e-05, 8.747807e-07, 0.587465, 4.153608e-03, 0.000000e+00, 0.000000, 7.000000e-01, 0, 0.587465, 4.153608e-03 
1.198182e+01, 7.964237e-02, 1.108056e-05, 1.277180e-04, 0, 7.947616e-02, 2.624342e-05, 1.166374e-06, 0.588348, 3.226201e-03, 0.000000e+00, 0.000000, 7.000000e-01, 0, 0.588348, 3.226201e-03 
1.205937e+01, 7.754931e-02, 8.747807e-06, 1.233441e-04, 0, 7.739214e-02, 2.391067e-05, 1.166374e-06, 0.512633, 3.101383e-03, 0.000000e+00, 0.000000, 7.000000e-01, 0, 0.512633, 3.101383e-03 
1.213700e+01, 7.763154e-02, 1.195534e-05, 1.180954e-04, 0, 7.747437e-02, 2.653501e-05, 5.831871e-07, 0.606147, 3.981685e-03, 0.000000e+00, 0.000000, 7.000000e-01, 0, 0.606147, 3.981685e-03 
1.221602e+01, 7.902710e-02, 9.914181e-06, 1.245105e-04, 0, 7.886760e-02, 2.449386e-05, 5.831871e-07, 0.586163, 3.254422e-03, 0.000000e+00, 0.000000, 7.000000e-01, 0, 0.586163, 3.254422e-03 
1.229396e+01, 7.793275e-02, 1.078896e-05, 1.277180e-04, 0, 7.776946e-02, 2.420227e-05, 5.831871e-07, 0.499596, 3.720538e-03, 0.000000e+00, 0.000000, 7.000000e-01, 0, 0.499596, 3.720538e-03 
1.237158e+01, 7.762162e-02, 9.039400e-06, 1.271348e-04, 0, 7.745833e-02, 2.653501e-05, 5.831871e-07, 0.221134, 3.509123e-03, 0.000000e+00, 0.000000, 7.000000e-01, 0, 0.221134, 3.509123e-03 
1.245015e+01, 7.857572e-02, 9.914181e-06, 1.315087e-04, 0, 7.840368e-02, 2.974254e-05, 8.747807e-07, 0.784727, 4.217314e-03, 0.000000e+00, 0.000000, 7.000000e-01, 0, 0.784727, 4.217314e-03 
1.252726e+01, 7.710259e-02, 9.914181e-06, 1.303423e-04, 0, 7.693171e-02, 2.974254e-05, 8.747807e-07, 0.565667, 3.371423e-03, 0.000000e+00, 0.000000, 7.000000e-01, 0, 0.565667, 3.371423e-03 
1.260450e+01, 7.724809e-02, 9.039400e-06, 1.326751e-04, 0, 7.708043e-02, 2.449386e-05, 1.457968e-06, 0.549351, 2.818720e-03, 0.000000e+00, 0.000000, 7.000000e-01, 0, 0.549351, 2.818720e-03 
1.268512e+01, 8.061687e-02, 9.914181e-06, 1.268432e-04, 0, 8.045270e-02, 2.653501e-05, 8.747807e-07, 0.398297, 4.622523e-03, 0.000000e+00, 0.000000, 7.000000e-01, 0, 0.398297, 4.622523e-03 
1.276302e+01, 7.789485e-02, 1.078896e-05, 1.396733e-04, 0, 7.771872e-02, 2.507705e-05, 5.831871e-07, 0.526744, 4.993506e-03, 0.000000e+00, 0.000000, 7.000000e-01, 0, 0.526744, 4.993506e-03 
1.283950e+01, 7.648003e-02, 9.914181e-06, 1.245105e-04, 0, 7.632024e-02, 2.478545e-05, 5.831871e-07, 0.687608, 5.360543e-03, 0.000000e+00, 0.000000, 7.000000e-01, 0, 0.687608, 5.360543e-03 
1.291653e+01, 7.702998e-02, 9.330994e-06, 1.221777e-04, 0, 7.687310e-02, 2.478545e-05, 5.831871e-07, 0.606409, 3.708439e-03, 0.000000e+00, 0.000000, 7.000000e-01, 0, 0.606409, 3.708439e-03 
1.299474e+01, 7.821268e-02, 9.330994e-06, 1.303423e-04, 0, 7.804706e-02, 2.507705e-05, 8.747807e-07, 0.576304, 2.728800e-03, 0.000000e+00, 0.000000, 7.000000e-01, 0, 0.576304, 2.728800e-03 
1.307344e+01, 7.870023e-02, 8.747807e-06, 1.320919e-04, 0, 7.853110e-02, 2.740979e-05, 8.747807e-07, 0.525221, 2.810834e-03, 0.000000e+00, 0.000000, 7.000000e-01, 0, 0.525221, 2.810834e-03 
1.315365e+01, 8.020573e-02, 1.195534e-05, 1.446304e-04, 0, 8.002319e-02, 2.507705e-05, 8.747807e-07, 0.457440, 4.838507e-03, 0.000000e+00, 0.000000, 7.000000e-01, 0, 0.457440, 4.838507e-03 
1.323026e+01, 7.661271e-02, 8.456213e-06, 1.213029e-04, 0, 7.645496e-02, 2.682661e-05, 1.166374e-06, 0.727967, 4.865576e-03, 0.000000e+00, 0.000000, 7.000000e-01, 0, 0.727967, 4.865576e-03 
1.330602e+01, 7.575863e-02, 9.622588e-06, 1.320919e-04, 0, 7.558776e-02, 2.828458e-05, 8.747807e-07, 0.530857, 3.229004e-03, 0.000000e+00, 0.000000, 7.000000e-01, 0, 0.530857, 3.229004e-03 
1.338392e+01, 7.790243e-02, 8.456213e-06, 1.183870e-04, 0, 7.775051e-02, 2.449386e-05, 5.831871e-07, 0.568594, 4.250620e-03, 0.000000e+00, 0.000000, 7.000000e-01, 0, 0.568594, 4.250620e-03 
1.346153e+01, 7.760996e-02, 9.039400e-06, 1.274264e-04, 0, 7.744754e-02, 2.536864e-05, 5.831871e-07, 0.438687, 5.049052e-03, 0.000000e+00, 0.000000, 7.000000e-01, 0, 0.438687, 5.049052e-03 
1.470517e+01, 1.243644e+00, 9.039400e-06, 1.265516e-04, 0, 1.243480e+00, 2.770139e-05, 8.747807e-07, 0.101091, 2.435325e-03, 0.000000e+00, 0.000000, 7.000000e-01, 0, 0.101091, 2.435325e-03 
1.477948e+01, 7.430387e-02, 1.108056e-05, 1.344246e-04, 0, 7.413008e-02, 2.711820e-05, 1.166374e-06, 0.796065, 3.890156e-03, 0.000000e+00, 0.000000, 7.000000e-01, 0, 0.796065, 3.890156e-03 
1.485523e+01, 7.575747e-02, 9.914181e-06, 1.431724e-04, 0, 7.558018e-02, 2.361908e-05, 5.831871e-07, 0.163027, 4.293549e-03, 0.000000e+00, 0.000000, 7.000000e-01, 0, 0.163027, 4.293549e-03 
1.493203e+01, 7.679875e-02, 8.747807e-06, 1.274264e-04, 0, 7.663954e-02, 2.216111e-05, 8.747807e-07, 0.822394, 3.460991e-03, 0.000000e+00, 0.000000, 7.000000e-01, 0, 0.822394, 3.460991e-03 
1.501036e+01, 7.832378e-02, 9.330994e-06, 1.256768e-04, 0, 7.816311e-02, 2.507705e-05, 5.831871e-07, 0.539122, 4.065290e-03, 0.000000e+00, 0.000000, 7.000000e-01, 0, 0.539122, 4.065290e-03 
1.508812e+01, 7.776130e-02, 1.108056e-05, 1.364658e-04, 0, 7.758342e-02, 2.945095e-05, 8.747807e-07, 0.344443, 5.424000e-03, 0.000000e+00, 0.000000, 7.000000e-01, 0, 0.344443, 5.424000e-03 
1.516593e+01, 7.781203e-02, 1.224693e-05, 1.253852e-04, 0, 7.764874e-02, 2.478545e-05, 8.747807e-07, 0.798946, 4.708349e-03, 0.000000e+00, 0.000000, 7.000000e-01, 0, 0.798946, 4.708349e-03 
1.524342e+01, 7.748924e-02, 1.049737e-05, 1.201365e-04, 0, 7.733120e-02, 2.653501e-05, 8.747807e-07, 0.511470, 2.790208e-03, 0.000000e+00, 0.000000, 7.000000e-01, 0, 0.511470, 2.790208e-03 
1.531918e+01, 7.576476e-02, 1.283012e-05, 1.405481e-04, 0, 7.558717e-02, 2.361908e-05, 5.831871e-07, 0.247795, 4.747726e-03, 0.000000e+00, 0.000000, 7.000000e-01, 0, 0.247795, 4.747726e-03 
1.539535e+01, 7.616103e-02, 1.078896e-05, 1.233441e-04, 0, 7.599541e-02, 3.032573e-05, 1.166374e-06, 0.815234, 4.023595e-03, 0.000000e+00, 0.000000, 7.000000e-01, 0, 0.815234, 4.023595e-03 
1.547360e+01, 7.825875e-02, 9.914181e-06, 1.425893e-04, 0, 7.808088e-02, 2.478545e-05, 5.831871e-07, 0.534456, 3.221868e-03, 0.000000e+00, 0.000000, 7.000000e-01, 0, 0.534456, 3.221868e-03 
1.555127e+01, 7.766682e-02, 1.078896e-05, 1.233441e-04, 0, 7.750761e-02, 2.449386e-05, 5.831871e-07, 0.560535, 3.066940e-03, 0.000000e+00, 0.000000, 7.000000e-01, 0, 0.560535, 3.066940e-03 
1.562859e+01, 7.732070e-02, 1.166374e-05, 1.294675e-04, 0, 7.715012e-02, 2.857617e-05, 8.747807e-07, 0.489147, 3.405248e-03, 0.000000e+00, 0.000000, 7.000000e-01, 0, 0.489147, 3.405248e-03 
1.570572e+01, 7.712416e-02, 1.224693e-05, 1.457968e-04, 0, 7.692880e-02, 3.615760e-05, 1.166374e-06, 0.635725, 3.952679e-03, 0.000000e+00, 0.000000, 7.000000e-01, 0, 0.635725, 3.952679e-03 
1.578255e+01, 7.683578e-02, 9.622588e-06, 1.571689e-04, 0, 7.663837e-02, 2.945095e-05, 1.166374e-06, 0.454269, 3.904248e-03, 0.000000e+00, 0.000000, 7.000000e-01, 0, 0.454269, 3.904248e-03 
1.586024e+01, 7.768956e-02, 9.039400e-06, 1.688327e-04, 0, 7.748137e-02, 2.915936e-05, 1.166374e-06, 0.681030, 4.639400e-03, 0.000000e+00, 0.000000, 7.000000e-01, 0, 0.681030, 4.639400e-03 
1.593637e+01, 7.612458e-02, 1.283012e-05, 1.510455e-04, 0, 7.592163e-02, 3.819876e-05, 8.747807e-07, 0.479257, 3.007289e-03, 0.000000e+00, 0.000000, 7.000000e-01, 0, 0.479257, 3.007289e-03 
1.601405e+01, 7.768052e-02, 8.456213e-06, 1.233441e-04, 0, 7.752277e-02, 2.507705e-05, 8.747807e-07, 0.186887, 4.268428e-03, 0.000000e+00, 0.000000, 7.000000e-01, 0, 0.186887, 4.268428e-03 
1.609075e+01, 7.670398e-02, 1.137215e-05, 1.277180e-04, 0, 7.653864e-02, 2.536864e-05, 8.747807e-07, 0.773848, 4.402198e-03, 0.000000e+00, 0.000000, 7.000000e-01, 0, 0.773848, 4.402198e-03 
1.618522e+01, 9.447107e-02, 1.049737e-05, 1.262600e-04, 0, 9.429407e-02, 3.936513e-05, 8.747807e-07, 0.182621, 4.460981e-03, 0.000000e+00, 0.000000, 7.000000e-01, 0, 0.182621, 4.460981e-03 
1.626505e+01, 7.983074e-02, 1.020577e-05, 1.618344e-04, 0, 7.963187e-02, 2.624342e-05, 5.831871e-07, 0.820862, 3.931386e-03, 0.000000e+00, 0.000000, 7.000000e-01, 0, 0.820862, 3.931386e-03 
1.633679e+01, 7.173697e-02, 1.049737e-05, 1.350078e-04, 0, 7.156289e-02, 2.770139e-05, 8.747807e-07, 0.547877, 3.257355e-03, 0.000000e+00, 0.000000, 7.000000e-01, 0, 0.547877, 3.257355e-03 
1.641465e+01, 7.785898e-02, 1.108056e-05, 1.376322e-04, 0, 7.768227e-02, 2.740979e-05, 5.831871e-07, 0.533396, 2.783252e-03, 0.000000e+00, 0.000000, 7.000000e-01, 0, 0.533396, 2.783252e-03 
1.649414e+01, 7.948753e-02, 9.330994e-06, 1.425893e-04, 0, 7.930878e-02, 2.624342e-05, 5.831871e-07, 0.576664, 2.474228e-03, 0.000000e+00, 0.000000, 7.000000e-01, 0, 0.576664, 2.474228e-03 
1.657324e+01, 7.910583e-02, 9.330994e-06, 1.268432e-04, 0, 7.894546e-02, 2.361908e-05, 5.831871e-07, 0.423919, 3.187654e-03, 0.000000e+00, 0.000000, 7.000000e-01, 0, 0.423919, 3.187654e-03 
1.665122e+01, 7.797416e-02, 9.330994e-06, 1.236357e-04, 0, 7.781145e-02, 2.886776e-05, 8.747807e-07, 0.639549, 4.530590e-03, 0.000000e+00, 0.000000, 7.000000e-01, 0, 0.639549, 4.530590e-03 
1.672859e+01, 7.737960e-02, 1.020577e-05, 1.443388e-04, 0, 7.719823e-02, 2.595183e-05, 8.747807e-07, 0.560861, 2.251090e-03, 0.000000e+00, 0.000000, 7.000000e-01, 0, 0.560861, 2.251090e-03 
1.680605e+01, 7.745250e-02, 1.020577e-05, 1.271348e-04, 0, 7.729008e-02, 2.449386e-05, 5.831871e-07, 0.540306, 2.433095e-03, 0.000000e+00, 0.000000, 7.000000e-01, 0, 0.540306, 2.433095e-03 
0.140000, 0, 0, 0, 0, 0, 0, 0, 0, 0, 0, 0, 0, 0, 0 ,0