TRM WS=0, MS=1, TRMstep=0: ub=0.800000, lb=0.200000, grow=2.000000,shrink=0.500000, b_w=0,b_m=0, lr=0.100000, decay=0.000000, lambda=0.000100, n=370, n0=25, n1=10, n2=10, sub_tol=0.001000, sub_maxit=1000, tol=1.000000e-08, m=100 
time, iter_t, subset_m_time, g_time, subset_w_time, p1_time, t2, t3, total error, total gmag, rho, sigma, gamma, step, approx error, approx gmag 
1.153398e-01, 1.153398e-01, 1.522118e-04, 4.712735e-03, 0, 1.097619e-01, 5.872694e-04, 1.256768e-04, 1.442107, 8.022405e-03, 0.000000e+00, 0.000000, 1.000000e-01, 0, 1.442107, 8.022405e-03 
1.961034e-01, 8.076354e-02, 1.787469e-04, 4.782134e-04, 0, 7.969427e-02, 2.743895e-04, 1.379238e-04, 1.034632, 6.612627e-03, 0.000000e+00, 0.000000, 1.000000e-01, 0, 1.034632, 6.612627e-03 
2.738317e-01, 7.772835e-02, 1.326751e-04, 4.041487e-04, 0, 7.678008e-02, 2.726400e-04, 1.387985e-04, 0.969493, 6.414533e-03, 0.000000e+00, 0.000000, 1.000000e-01, 0, 0.969493, 6.414533e-03 
3.525847e-01, 7.875301e-02, 1.387985e-04, 3.921933e-04, 0, 7.781058e-02, 2.665165e-04, 1.449220e-04, 0.972291, 6.462621e-03, 0.000000e+00, 0.000000, 1.000000e-01, 0, 0.972291, 6.462621e-03 
4.352632e-01, 8.267844e-02, 4.423474e-04, 8.205443e-04, 0, 8.055826e-02, 5.945593e-04, 2.627258e-04, 1.015585, 6.619506e-03, 0.000000e+00, 0.000000, 1.000000e-01, 0, 1.015585, 6.619506e-03 
5.146023e-01, 7.933911e-02, 2.216111e-05, 1.478379e-04, 0, 7.911371e-02, 4.811294e-05, 7.289839e-06, 0.891576, 6.493272e-03, 0.000000e+00, 0.000000, 1.000000e-01, 0, 0.891576, 6.493272e-03 
5.922166e-01, 7.761433e-02, 2.303589e-05, 1.595017e-04, 0, 7.735481e-02, 6.415058e-05, 1.283012e-05, 0.830616, 5.939890e-03, 0.000000e+00, 0.000000, 1.000000e-01, 0, 0.830616, 5.939890e-03 
6.687579e-01, 7.654127e-02, 3.149210e-05, 1.793300e-04, 0, 7.624443e-02, 7.289839e-05, 1.312171e-05, 0.806295, 6.210956e-03, 0.000000e+00, 0.000000, 1.000000e-01, 0, 0.806295, 6.210956e-03 
7.451866e-01, 7.642871e-02, 4.111469e-05, 1.793300e-04, 0, 7.614062e-02, 6.677493e-05, 8.747807e-07, 0.808802, 5.897982e-03, 0.000000e+00, 0.000000, 1.000000e-01, 0, 0.808802, 5.897982e-03 
8.244534e-01, 7.926679e-02, 4.461381e-05, 1.571689e-04, 0, 7.898336e-02, 7.085724e-05, 1.078896e-05, 0.836048, 6.004794e-03, 0.000000e+00, 0.000000, 1.000000e-01, 0, 0.836048, 6.004794e-03 
9.021712e-01, 7.771785e-02, 3.703238e-05, 1.810796e-04, 0, 7.744696e-02, 5.161206e-05, 1.166374e-06, 0.703722, 5.804565e-03, 0.000000e+00, 0.000000, 1.000000e-01, 0, 0.703722, 5.804565e-03 
9.807041e-01, 7.853285e-02, 4.228107e-05, 2.020743e-04, 0, 7.823776e-02, 4.957091e-05, 1.166374e-06, 0.768028, 5.681273e-03, 0.000000e+00, 0.000000, 1.000000e-01, 0, 0.768028, 5.681273e-03 
1.059799e+00, 7.909446e-02, 4.519700e-05, 1.758309e-04, 0, 7.882503e-02, 4.782134e-05, 5.831871e-07, 0.631131, 5.493686e-03, 0.000000e+00, 0.000000, 1.000000e-01, 0, 0.631131, 5.493686e-03 
1.138382e+00, 7.858388e-02, 3.994832e-05, 1.586269e-04, 0, 7.833078e-02, 2.682661e-05, 2.770139e-05, 0.576629, 5.279636e-03, 0.000000e+00, 0.000000, 1.000000e-01, 0, 0.576629, 5.279636e-03 
1.217968e+00, 7.958521e-02, 4.548860e-05, 1.787469e-04, 0, 7.933357e-02, 2.653501e-05, 8.747807e-07, 0.677980, 5.107678e-03, 0.000000e+00, 0.000000, 1.000000e-01, 0, 0.677980, 5.107678e-03 
1.297045e+00, 7.907755e-02, 2.478545e-05, 1.807880e-04, 0, 7.880491e-02, 6.648333e-05, 5.831871e-07, 0.604772, 5.113459e-03, 0.000000e+00, 0.000000, 1.000000e-01, 0, 0.604772, 5.113459e-03 
1.374394e+00, 7.734869e-02, 2.682661e-05, 1.376322e-04, 0, 7.712241e-02, 6.094305e-05, 8.747807e-07, 0.692498, 5.095968e-03, 0.000000e+00, 0.000000, 1.000000e-01, 0, 0.692498, 5.095968e-03 
1.453911e+00, 7.951669e-02, 4.840453e-05, 1.571689e-04, 0, 7.928691e-02, 2.361908e-05, 5.831871e-07, 0.574661, 4.777559e-03, 0.000000e+00, 0.000000, 1.000000e-01, 0, 0.574661, 4.777559e-03 
1.532619e+00, 7.870810e-02, 4.636338e-05, 1.475463e-04, 0, 7.848911e-02, 2.449386e-05, 5.831871e-07, 0.681563, 4.743224e-03, 0.000000e+00, 0.000000, 1.000000e-01, 0, 0.681563, 4.743224e-03 
1.609672e+00, 7.705360e-02, 2.828458e-05, 1.320919e-04, 0, 7.682382e-02, 2.682661e-05, 4.257266e-05, 0.565580, 4.522764e-03, 0.000000e+00, 0.000000, 1.000000e-01, 0, 0.565580, 4.522764e-03 
1.688002e+00, 7.832990e-02, 3.528282e-05, 1.259684e-04, 0, 7.811558e-02, 2.915936e-05, 2.391067e-05, 0.630554, 4.548898e-03, 0.000000e+00, 0.000000, 1.000000e-01, 0, 0.630554, 4.548898e-03 
1.766075e+00, 7.807301e-02, 3.090892e-05, 1.670831e-04, 0, 7.780678e-02, 6.735811e-05, 8.747807e-07, 0.619165, 4.422563e-03, 0.000000e+00, 0.000000, 1.000000e-01, 0, 0.619165, 4.422563e-03 
1.843971e+00, 7.789543e-02, 1.137215e-05, 1.845787e-04, 0, 7.755893e-02, 1.128467e-04, 2.770139e-05, 0.500084, 4.400002e-03, 0.000000e+00, 0.000000, 1.000000e-01, 0, 0.500084, 4.400002e-03 
1.921211e+00, 7.724080e-02, 8.747807e-06, 1.326751e-04, 0, 7.704922e-02, 4.898772e-05, 1.166374e-06, 0.463549, 4.278085e-03, 0.000000e+00, 0.000000, 1.000000e-01, 0, 0.463549, 4.278085e-03 
2.000860e+00, 7.964878e-02, 3.586601e-05, 1.172206e-04, 0, 7.943038e-02, 6.385899e-05, 1.457968e-06, 0.556594, 4.365947e-03, 0.000000e+00, 0.000000, 1.000000e-01, 0, 0.556594, 4.365947e-03 
2.082885e+00, 8.202527e-02, 4.403063e-05, 1.320919e-04, 0, 8.178966e-02, 5.861031e-05, 8.747807e-07, 0.631601, 4.090872e-03, 0.000000e+00, 0.000000, 1.000000e-01, 0, 0.631601, 4.090872e-03 
2.156239e+00, 7.335386e-02, 9.622588e-06, 1.361742e-04, 0, 7.317890e-02, 2.828458e-05, 8.747807e-07, 0.504431, 4.172794e-03, 0.000000e+00, 0.000000, 1.000000e-01, 0, 0.504431, 4.172794e-03 
2.231258e+00, 7.501915e-02, 9.330994e-06, 1.338414e-04, 0, 7.485119e-02, 2.391067e-05, 8.747807e-07, 0.584868, 3.853331e-03, 0.000000e+00, 0.000000, 1.000000e-01, 0, 0.584868, 3.853331e-03 
2.308654e+00, 7.739564e-02, 1.049737e-05, 1.376322e-04, 0, 7.722068e-02, 2.595183e-05, 8.747807e-07, 0.504989, 3.937952e-03, 0.000000e+00, 0.000000, 1.000000e-01, 0, 0.504989, 3.937952e-03 
2.386366e+00, 7.771231e-02, 9.622588e-06, 1.280096e-04, 0, 7.754581e-02, 2.799298e-05, 8.747807e-07, 0.569669, 3.776717e-03, 0.000000e+00, 0.000000, 1.000000e-01, 0, 0.569669, 3.776717e-03 
2.463917e+00, 7.755018e-02, 1.545446e-05, 1.510455e-04, 0, 7.733703e-02, 4.607178e-05, 5.831871e-07, 0.481797, 3.861856e-03, 0.000000e+00, 0.000000, 1.000000e-01, 0, 0.481797, 3.861856e-03 
2.541828e+00, 7.791176e-02, 1.137215e-05, 1.288844e-04, 0, 7.774380e-02, 2.682661e-05, 8.747807e-07, 0.510545, 3.781946e-03, 0.000000e+00, 0.000000, 1.000000e-01, 0, 0.510545, 3.781946e-03 
2.621132e+00, 7.930383e-02, 1.020577e-05, 1.323835e-04, 0, 7.913441e-02, 2.595183e-05, 8.747807e-07, 0.534579, 3.466186e-03, 0.000000e+00, 0.000000, 1.000000e-01, 0, 0.534579, 3.466186e-03 
2.697385e+00, 7.625259e-02, 9.622588e-06, 1.352994e-04, 0, 7.607618e-02, 3.032573e-05, 1.166374e-06, 0.449643, 3.751938e-03, 0.000000e+00, 0.000000, 1.000000e-01, 0, 0.449643, 3.751938e-03 
2.773649e+00, 7.626425e-02, 9.622588e-06, 1.352994e-04, 0, 7.609542e-02, 2.332748e-05, 5.831871e-07, 0.531763, 3.569605e-03, 0.000000e+00, 0.000000, 1.000000e-01, 0, 0.531763, 3.569605e-03 
2.851082e+00, 7.743296e-02, 1.020577e-05, 1.253852e-04, 0, 7.726967e-02, 2.682661e-05, 8.747807e-07, 0.556527, 3.400040e-03, 0.000000e+00, 0.000000, 1.000000e-01, 0, 0.556527, 3.400040e-03 
2.927605e+00, 7.652319e-02, 9.039400e-06, 1.294675e-04, 0, 7.634415e-02, 3.965672e-05, 8.747807e-07, 0.472362, 3.528503e-03, 0.000000e+00, 0.000000, 1.000000e-01, 0, 0.472362, 3.528503e-03 
3.005237e+00, 7.763183e-02, 9.622588e-06, 1.338414e-04, 0, 7.745833e-02, 2.915936e-05, 8.747807e-07, 0.496482, 3.500259e-03, 0.000000e+00, 0.000000, 1.000000e-01, 0, 0.496482, 3.500259e-03 
3.082673e+00, 7.743646e-02, 1.108056e-05, 1.446304e-04, 0, 7.725072e-02, 2.945095e-05, 5.831871e-07, 0.430521, 3.572813e-03, 0.000000e+00, 0.000000, 1.000000e-01, 0, 0.430521, 3.572813e-03 
3.159722e+00, 7.704893e-02, 1.078896e-05, 1.455052e-04, 0, 7.686465e-02, 2.740979e-05, 5.831871e-07, 0.506062, 3.426762e-03, 0.000000e+00, 0.000000, 1.000000e-01, 0, 0.506062, 3.426762e-03 
3.237585e+00, 7.786306e-02, 1.370490e-05, 1.455052e-04, 0, 7.767848e-02, 2.478545e-05, 5.831871e-07, 0.505393, 3.187501e-03, 0.000000e+00, 0.000000, 1.000000e-01, 0, 0.505393, 3.187501e-03 
3.314183e+00, 7.659784e-02, 1.078896e-05, 1.236357e-04, 0, 7.643834e-02, 2.420227e-05, 8.747807e-07, 0.454878, 3.397446e-03, 0.000000e+00, 0.000000, 1.000000e-01, 0, 0.454878, 3.397446e-03 
3.391376e+00, 7.719269e-02, 8.456213e-06, 1.175122e-04, 0, 7.704106e-02, 2.478545e-05, 8.747807e-07, 0.418619, 3.525002e-03, 0.000000e+00, 0.000000, 1.000000e-01, 0, 0.418619, 3.525002e-03 
3.468460e+00, 7.708363e-02, 9.914181e-06, 1.195534e-04, 0, 7.692676e-02, 2.624342e-05, 1.166374e-06, 0.429628, 3.545329e-03, 0.000000e+00, 0.000000, 1.000000e-01, 0, 0.429628, 3.545329e-03 
3.546116e+00, 7.765661e-02, 9.622588e-06, 1.338414e-04, 0, 7.748107e-02, 3.120051e-05, 8.747807e-07, 0.490585, 3.282766e-03, 0.000000e+00, 0.000000, 1.000000e-01, 0, 0.490585, 3.282766e-03 
3.623619e+00, 7.750236e-02, 1.166374e-05, 1.420061e-04, 0, 7.731924e-02, 2.857617e-05, 8.747807e-07, 0.512760, 2.975692e-03, 0.000000e+00, 0.000000, 1.000000e-01, 0, 0.512760, 2.975692e-03 
3.702464e+00, 7.884515e-02, 9.622588e-06, 1.332583e-04, 0, 7.867369e-02, 2.770139e-05, 8.747807e-07, 0.526052, 2.864704e-03, 0.000000e+00, 0.000000, 1.000000e-01, 0, 0.526052, 2.864704e-03 
3.780781e+00, 7.831737e-02, 1.108056e-05, 1.291759e-04, 0, 7.815116e-02, 2.507705e-05, 8.747807e-07, 0.525600, 2.722193e-03, 0.000000e+00, 0.000000, 1.000000e-01, 0, 0.525600, 2.722193e-03 
3.860631e+00, 7.984969e-02, 8.747807e-06, 1.198450e-04, 0, 7.969252e-02, 2.740979e-05, 1.166374e-06, 0.493289, 3.036915e-03, 0.000000e+00, 0.000000, 1.000000e-01, 0, 0.493289, 3.036915e-03 
3.942923e+00, 8.229208e-02, 2.274430e-05, 1.478379e-04, 0, 8.209758e-02, 2.332748e-05, 5.831871e-07, 0.467402, 3.072129e-03, 0.000000e+00, 0.000000, 1.000000e-01, 0, 0.467402, 3.072129e-03 
4.026033e+00, 8.311058e-02, 1.428808e-05, 1.536698e-04, 0, 8.291667e-02, 2.507705e-05, 8.747807e-07, 0.429801, 3.153567e-03, 0.000000e+00, 0.000000, 1.000000e-01, 0, 0.429801, 3.153567e-03 
4.105361e+00, 7.932745e-02, 9.330994e-06, 1.332583e-04, 0, 7.915220e-02, 3.149210e-05, 1.166374e-06, 0.484081, 2.941854e-03, 0.000000e+00, 0.000000, 1.000000e-01, 0, 0.484081, 2.941854e-03 
4.185425e+00, 8.006372e-02, 3.120051e-05, 1.513371e-04, 0, 7.984677e-02, 3.353326e-05, 8.747807e-07, 0.493930, 2.702277e-03, 0.000000e+00, 0.000000, 1.000000e-01, 0, 0.493930, 2.702277e-03 
4.265300e+00, 7.987564e-02, 9.330994e-06, 1.242189e-04, 0, 7.970827e-02, 3.265848e-05, 1.166374e-06, 0.461323, 2.867608e-03, 0.000000e+00, 0.000000, 1.000000e-01, 0, 0.461323, 2.867608e-03 
4.346248e+00, 8.094725e-02, 9.622588e-06, 1.315087e-04, 0, 8.078162e-02, 2.391067e-05, 5.831871e-07, 0.438091, 3.118915e-03, 0.000000e+00, 0.000000, 1.000000e-01, 0, 0.438091, 3.118915e-03 
4.427703e+00, 8.145520e-02, 1.020577e-05, 1.210113e-04, 0, 8.129512e-02, 2.799298e-05, 8.747807e-07, 0.476586, 2.829175e-03, 0.000000e+00, 0.000000, 1.000000e-01, 0, 0.476586, 2.829175e-03 
4.509380e+00, 8.167769e-02, 1.108056e-05, 1.274264e-04, 0, 8.150798e-02, 3.032573e-05, 8.747807e-07, 0.405321, 3.228537e-03, 0.000000e+00, 0.000000, 1.000000e-01, 0, 0.405321, 3.228537e-03 
4.589546e+00, 8.016549e-02, 1.457968e-05, 1.288844e-04, 0, 7.999140e-02, 2.945095e-05, 1.166374e-06, 0.454493, 3.040578e-03, 0.000000e+00, 0.000000, 1.000000e-01, 0, 0.454493, 3.040578e-03 
4.669674e+00, 8.012787e-02, 2.216111e-05, 1.554194e-04, 0, 7.992084e-02, 2.886776e-05, 5.831871e-07, 0.472308, 2.948829e-03, 0.000000e+00, 0.000000, 1.000000e-01, 0, 0.472308, 2.948829e-03 
4.751565e+00, 8.189172e-02, 1.166374e-05, 1.449220e-04, 0, 8.170831e-02, 2.624342e-05, 5.831871e-07, 0.515738, 2.659684e-03, 0.000000e+00, 0.000000, 1.000000e-01, 0, 0.515738, 2.659684e-03 
4.831630e+00, 8.006489e-02, 1.020577e-05, 1.236357e-04, 0, 7.990538e-02, 2.507705e-05, 5.831871e-07, 0.398144, 3.233027e-03, 0.000000e+00, 0.000000, 1.000000e-01, 0, 0.398144, 3.233027e-03 
4.913351e+00, 8.172026e-02, 1.108056e-05, 1.262600e-04, 0, 8.155784e-02, 2.449386e-05, 5.831871e-07, 0.438511, 3.092251e-03, 0.000000e+00, 0.000000, 1.000000e-01, 0, 0.438511, 3.092251e-03 
4.994356e+00, 8.100527e-02, 1.020577e-05, 1.323835e-04, 0, 8.076821e-02, 9.330994e-05, 1.166374e-06, 0.520900, 2.593701e-03, 0.000000e+00, 0.000000, 1.000000e-01, 0, 0.520900, 2.593701e-03 
5.076996e+00, 8.264024e-02, 1.020577e-05, 1.245105e-04, 0, 8.247520e-02, 2.974254e-05, 5.831871e-07, 0.476496, 2.663091e-03, 0.000000e+00, 0.000000, 1.000000e-01, 0, 0.476496, 2.663091e-03 
5.156426e+00, 7.942950e-02, 1.428808e-05, 1.522118e-04, 0, 7.923822e-02, 2.420227e-05, 5.831871e-07, 0.416455, 3.117301e-03, 0.000000e+00, 0.000000, 1.000000e-01, 0, 0.416455, 3.117301e-03 
5.234751e+00, 7.832495e-02, 9.914181e-06, 1.288844e-04, 0, 7.815495e-02, 2.974254e-05, 1.457968e-06, 0.458057, 2.904027e-03, 0.000000e+00, 0.000000, 1.000000e-01, 0, 0.458057, 2.904027e-03 
5.314595e+00, 7.984415e-02, 1.020577e-05, 1.440472e-04, 0, 7.966015e-02, 2.915936e-05, 5.831871e-07, 0.497768, 2.602608e-03, 0.000000e+00, 0.000000, 1.000000e-01, 0, 0.497768, 2.602608e-03 
5.392598e+00, 7.800361e-02, 1.020577e-05, 1.221777e-04, 0, 7.784003e-02, 3.003414e-05, 1.166374e-06, 0.500048, 2.611234e-03, 0.000000e+00, 0.000000, 1.000000e-01, 0, 0.500048, 2.611234e-03 
5.470710e+00, 7.811121e-02, 1.078896e-05, 1.466716e-04, 0, 7.792459e-02, 2.828458e-05, 8.747807e-07, 0.402885, 3.109092e-03, 0.000000e+00, 0.000000, 1.000000e-01, 0, 0.402885, 3.109092e-03 
5.549118e+00, 7.840834e-02, 9.330994e-06, 1.323835e-04, 0, 7.823834e-02, 2.740979e-05, 8.747807e-07, 0.477409, 2.739044e-03, 0.000000e+00, 0.000000, 1.000000e-01, 0, 0.477409, 2.739044e-03 
5.623345e+00, 7.422718e-02, 1.020577e-05, 1.355910e-04, 0, 7.405689e-02, 2.391067e-05, 5.831871e-07, 0.433476, 2.887100e-03, 0.000000e+00, 0.000000, 1.000000e-01, 0, 0.433476, 2.887100e-03 
5.703142e+00, 7.979691e-02, 1.108056e-05, 1.466716e-04, 0, 7.961029e-02, 2.828458e-05, 5.831871e-07, 0.402777, 3.145623e-03, 0.000000e+00, 0.000000, 1.000000e-01, 0, 0.402777, 3.145623e-03 
5.780332e+00, 7.719036e-02, 1.312171e-05, 1.332583e-04, 0, 7.702036e-02, 2.303589e-05, 5.831871e-07, 0.524579, 2.221217e-03, 0.000000e+00, 0.000000, 1.000000e-01, 0, 0.524579, 2.221217e-03 
5.857920e+00, 7.758780e-02, 9.039400e-06, 1.180954e-04, 0, 7.743500e-02, 2.478545e-05, 8.747807e-07, 0.498152, 2.479453e-03, 0.000000e+00, 0.000000, 1.000000e-01, 0, 0.498152, 2.479453e-03 
5.935094e+00, 7.717403e-02, 9.330994e-06, 1.259684e-04, 0, 7.701627e-02, 2.157792e-05, 8.747807e-07, 0.478011, 2.258842e-03, 0.000000e+00, 0.000000, 1.000000e-01, 0, 0.478011, 2.258842e-03 
6.017954e+00, 8.285981e-02, 1.108056e-05, 1.600849e-04, 0, 8.266444e-02, 2.332748e-05, 8.747807e-07, 0.455592, 2.583187e-03, 0.000000e+00, 0.000000, 1.000000e-01, 0, 0.455592, 2.583187e-03 
6.097435e+00, 7.948141e-02, 1.924518e-05, 1.253852e-04, 0, 7.931053e-02, 2.536864e-05, 8.747807e-07, 0.402084, 3.025331e-03, 0.000000e+00, 0.000000, 1.000000e-01, 0, 0.402084, 3.025331e-03 
6.178503e+00, 8.106797e-02, 1.108056e-05, 1.245105e-04, 0, 8.090322e-02, 2.799298e-05, 1.166374e-06, 0.438977, 2.878005e-03, 0.000000e+00, 0.000000, 1.000000e-01, 0, 0.438977, 2.878005e-03 
6.260271e+00, 8.176808e-02, 8.456213e-06, 1.376322e-04, 0, 8.159225e-02, 2.857617e-05, 1.166374e-06, 0.490748, 2.664683e-03, 0.000000e+00, 0.000000, 1.000000e-01, 0, 0.490748, 2.664683e-03 
6.338795e+00, 7.852381e-02, 1.428808e-05, 1.440472e-04, 0, 7.832757e-02, 3.703238e-05, 8.747807e-07, 0.388658, 3.143657e-03, 0.000000e+00, 0.000000, 1.000000e-01, 0, 0.388658, 3.143657e-03 
6.417627e+00, 7.883203e-02, 1.166374e-05, 1.656251e-04, 0, 7.862820e-02, 2.566023e-05, 8.747807e-07, 0.356559, 3.375577e-03, 0.000000e+00, 0.000000, 1.000000e-01, 0, 0.356559, 3.375577e-03 
6.495894e+00, 7.826692e-02, 9.622588e-06, 1.277180e-04, 0, 7.809838e-02, 2.974254e-05, 1.457968e-06, 0.495627, 2.793897e-03, 0.000000e+00, 0.000000, 1.000000e-01, 0, 0.495627, 2.793897e-03 
6.575826e+00, 7.993134e-02, 1.370490e-05, 1.525034e-04, 0, 7.971964e-02, 4.432222e-05, 1.166374e-06, 0.438497, 2.980524e-03, 0.000000e+00, 0.000000, 1.000000e-01, 0, 0.438497, 2.980524e-03 
6.656138e+00, 8.031216e-02, 1.078896e-05, 1.650420e-04, 0, 8.010571e-02, 3.003414e-05, 5.831871e-07, 0.358458, 3.291289e-03, 0.000000e+00, 0.000000, 1.000000e-01, 0, 0.358458, 3.291289e-03 
6.734833e+00, 7.869498e-02, 1.283012e-05, 1.242189e-04, 0, 7.853285e-02, 2.420227e-05, 8.747807e-07, 0.486393, 2.763749e-03, 0.000000e+00, 0.000000, 1.000000e-01, 0, 0.486393, 2.763749e-03 
6.814097e+00, 7.926388e-02, 1.020577e-05, 1.198450e-04, 0, 7.910496e-02, 2.799298e-05, 8.747807e-07, 0.428093, 3.138757e-03, 0.000000e+00, 0.000000, 1.000000e-01, 0, 0.428093, 3.138757e-03 
6.892525e+00, 7.842846e-02, 1.108056e-05, 1.478379e-04, 0, 7.824447e-02, 2.449386e-05, 5.831871e-07, 0.521481, 2.179094e-03, 0.000000e+00, 0.000000, 1.000000e-01, 0, 0.521481, 2.179094e-03 
6.971962e+00, 7.943708e-02, 1.137215e-05, 1.280096e-04, 0, 7.927175e-02, 2.507705e-05, 8.747807e-07, 0.479300, 2.742584e-03, 0.000000e+00, 0.000000, 1.000000e-01, 0, 0.479300, 2.742584e-03 
7.051518e+00, 7.955547e-02, 1.020577e-05, 1.390901e-04, 0, 7.938372e-02, 2.186952e-05, 5.831871e-07, 0.497625, 2.172405e-03, 0.000000e+00, 0.000000, 1.000000e-01, 0, 0.497625, 2.172405e-03 
7.131323e+00, 7.980508e-02, 1.108056e-05, 1.163458e-04, 0, 7.965199e-02, 2.507705e-05, 5.831871e-07, 0.483211, 2.553008e-03, 0.000000e+00, 0.000000, 1.000000e-01, 0, 0.483211, 2.553008e-03 
7.210549e+00, 7.922626e-02, 8.456213e-06, 1.180954e-04, 0, 7.907143e-02, 2.740979e-05, 8.747807e-07, 0.411915, 2.887374e-03, 0.000000e+00, 0.000000, 1.000000e-01, 0, 0.411915, 2.887374e-03 
7.289983e+00, 7.943446e-02, 9.914181e-06, 1.469632e-04, 0, 7.925309e-02, 2.361908e-05, 8.747807e-07, 0.466832, 2.590068e-03, 0.000000e+00, 0.000000, 1.000000e-01, 0, 0.466832, 2.590068e-03 
7.370215e+00, 8.023197e-02, 1.137215e-05, 1.288844e-04, 0, 8.006693e-02, 2.420227e-05, 5.831871e-07, 0.452999, 2.486914e-03, 0.000000e+00, 0.000000, 1.000000e-01, 0, 0.452999, 2.486914e-03 
7.448865e+00, 7.865007e-02, 1.195534e-05, 1.352994e-04, 0, 7.847920e-02, 2.303589e-05, 5.831871e-07, 0.407614, 2.920998e-03, 0.000000e+00, 0.000000, 1.000000e-01, 0, 0.407614, 2.920998e-03 
7.527620e+00, 7.875417e-02, 1.078896e-05, 1.250936e-04, 0, 7.859205e-02, 2.536864e-05, 8.747807e-07, 0.407507, 3.019170e-03, 0.000000e+00, 0.000000, 1.000000e-01, 0, 0.407507, 3.019170e-03 
7.609342e+00, 8.172259e-02, 1.020577e-05, 1.306339e-04, 0, 8.154064e-02, 4.023991e-05, 8.747807e-07, 0.476889, 2.642967e-03, 0.000000e+00, 0.000000, 1.000000e-01, 0, 0.476889, 2.642967e-03 
7.688342e+00, 7.899940e-02, 1.166374e-05, 1.507539e-04, 0, 7.880753e-02, 2.828458e-05, 1.166374e-06, 0.449678, 2.793908e-03, 0.000000e+00, 0.000000, 1.000000e-01, 0, 0.449678, 2.793908e-03 
7.769692e+00, 8.135052e-02, 1.137215e-05, 1.466716e-04, 0, 8.116244e-02, 2.915936e-05, 8.747807e-07, 0.461488, 2.668273e-03, 0.000000e+00, 0.000000, 1.000000e-01, 0, 0.461488, 2.668273e-03 
7.845858e+00, 7.616599e-02, 1.020577e-05, 1.577521e-04, 0, 7.596187e-02, 3.557441e-05, 5.831871e-07, 0.399882, 3.021323e-03, 0.000000e+00, 0.000000, 1.000000e-01, 0, 0.399882, 3.021323e-03 
7.922245e+00, 7.638702e-02, 1.253852e-05, 1.487127e-04, 0, 7.619806e-02, 2.682661e-05, 8.747807e-07, 0.418070, 2.906909e-03, 0.000000e+00, 0.000000, 1.000000e-01, 0, 0.418070, 2.906909e-03 
8.008343e+00, 8.609766e-02, 1.078896e-05, 1.635840e-04, 0, 8.589734e-02, 2.507705e-05, 8.747807e-07, 0.387388, 3.219435e-03, 0.000000e+00, 0.000000, 1.000000e-01, 0, 0.387388, 3.219435e-03 
8.083912e+00, 7.556968e-02, 1.137215e-05, 1.332583e-04, 0, 7.539851e-02, 2.566023e-05, 8.747807e-07, 0.507021, 2.075994e-03, 0.000000e+00, 0.000000, 1.000000e-01, 0, 0.507021, 2.075994e-03 
8.159733e+00, 7.582103e-02, 1.108056e-05, 1.160542e-04, 0, 7.566882e-02, 2.420227e-05, 8.747807e-07, 0.517851, 1.899277e-03, 0.000000e+00, 0.000000, 1.000000e-01, 0, 0.517851, 1.899277e-03 
8.239137e+00, 7.940384e-02, 1.108056e-05, 1.335499e-04, 0, 7.923297e-02, 2.536864e-05, 8.747807e-07, 0.449956, 2.643858e-03, 0.000000e+00, 0.000000, 1.000000e-01, 0, 0.449956, 2.643858e-03 
8.317964e+00, 7.882620e-02, 9.330994e-06, 1.250936e-04, 0, 7.866815e-02, 2.303589e-05, 5.831871e-07, 0.428457, 2.932811e-03, 0.000000e+00, 0.000000, 1.000000e-01, 0, 0.428457, 2.932811e-03 
8.396439e+00, 7.847541e-02, 9.914181e-06, 1.256768e-04, 0, 7.831474e-02, 2.420227e-05, 8.747807e-07, 0.503106, 2.008871e-03, 0.000000e+00, 0.000000, 1.000000e-01, 0, 0.503106, 2.008871e-03 
8.474855e+00, 7.841651e-02, 9.330994e-06, 1.268432e-04, 0, 7.825059e-02, 2.828458e-05, 1.457968e-06, 0.418879, 2.831375e-03, 0.000000e+00, 0.000000, 1.000000e-01, 0, 0.418879, 2.831375e-03 
8.553781e+00, 7.892592e-02, 9.622588e-06, 1.536698e-04, 0, 7.873755e-02, 2.449386e-05, 5.831871e-07, 0.455729, 2.492587e-03, 0.000000e+00, 0.000000, 1.000000e-01, 0, 0.455729, 2.492587e-03 
8.636043e+00, 8.226175e-02, 1.049737e-05, 1.367574e-04, 0, 8.208709e-02, 2.624342e-05, 1.166374e-06, 0.470552, 2.231157e-03, 0.000000e+00, 0.000000, 1.000000e-01, 0, 0.470552, 2.231157e-03 
8.717481e+00, 8.143829e-02, 9.914181e-06, 1.274264e-04, 0, 8.127121e-02, 2.886776e-05, 8.747807e-07, 0.402529, 2.946932e-03, 0.000000e+00, 0.000000, 1.000000e-01, 0, 0.402529, 2.946932e-03 
8.797676e+00, 8.019435e-02, 8.456213e-06, 1.268432e-04, 0, 8.003223e-02, 2.595183e-05, 8.747807e-07, 0.507634, 1.851939e-03, 0.000000e+00, 0.000000, 1.000000e-01, 0, 0.507634, 1.851939e-03 
8.876789e+00, 7.911371e-02, 1.253852e-05, 1.685411e-04, 0, 7.890551e-02, 2.566023e-05, 1.457968e-06, 0.490482, 1.948786e-03, 0.000000e+00, 0.000000, 1.000000e-01, 0, 0.490482, 1.948786e-03 
8.957731e+00, 8.094112e-02, 1.049737e-05, 1.277180e-04, 0, 8.077171e-02, 3.003414e-05, 1.166374e-06, 0.471061, 2.151828e-03, 0.000000e+00, 0.000000, 1.000000e-01, 0, 0.471061, 2.151828e-03 
9.037595e+00, 7.986485e-02, 1.108056e-05, 1.312171e-04, 0, 7.969719e-02, 2.478545e-05, 5.831871e-07, 0.485345, 1.886901e-03, 0.000000e+00, 0.000000, 1.000000e-01, 0, 0.485345, 1.886901e-03 
9.117779e+00, 8.018386e-02, 9.330994e-06, 1.280096e-04, 0, 8.000861e-02, 3.703238e-05, 8.747807e-07, 0.505593, 1.828597e-03, 0.000000e+00, 0.000000, 1.000000e-01, 0, 0.505593, 1.828597e-03 
9.196646e+00, 7.886673e-02, 1.108056e-05, 1.245105e-04, 0, 7.870052e-02, 2.945095e-05, 1.166374e-06, 0.454483, 2.240972e-03, 0.000000e+00, 0.000000, 1.000000e-01, 0, 0.454483, 2.240972e-03 
9.277021e+00, 8.037514e-02, 9.914181e-06, 1.466716e-04, 0, 8.019231e-02, 2.536864e-05, 8.747807e-07, 0.465954, 1.927149e-03, 0.000000e+00, 0.000000, 1.000000e-01, 0, 0.465954, 1.927149e-03 
9.355573e+00, 7.855151e-02, 9.622588e-06, 1.460884e-04, 0, 7.837014e-02, 2.478545e-05, 8.747807e-07, 0.454705, 2.207330e-03, 0.000000e+00, 0.000000, 1.000000e-01, 0, 0.454705, 2.207330e-03 
9.435115e+00, 7.954206e-02, 1.108056e-05, 1.271348e-04, 0, 7.937818e-02, 2.507705e-05, 5.831871e-07, 0.438816, 2.500347e-03, 0.000000e+00, 0.000000, 1.000000e-01, 0, 0.438816, 2.500347e-03 
9.516552e+00, 8.143683e-02, 9.330994e-06, 1.283012e-04, 0, 8.127529e-02, 2.303589e-05, 8.747807e-07, 0.458592, 2.381240e-03, 0.000000e+00, 0.000000, 1.000000e-01, 0, 0.458592, 2.381240e-03 
9.594693e+00, 7.814095e-02, 1.166374e-05, 1.283012e-04, 0, 7.797620e-02, 2.420227e-05, 5.831871e-07, 0.485133, 1.725676e-03, 0.000000e+00, 0.000000, 1.000000e-01, 0, 0.485133, 1.725676e-03 
9.672458e+00, 7.776567e-02, 1.283012e-05, 1.259684e-04, 0, 7.759859e-02, 2.770139e-05, 5.831871e-07, 0.456339, 2.427345e-03, 0.000000e+00, 0.000000, 1.000000e-01, 0, 0.456339, 2.427345e-03 
9.752358e+00, 7.989984e-02, 8.747807e-06, 1.364658e-04, 0, 7.972489e-02, 2.886776e-05, 8.747807e-07, 0.437361, 2.368210e-03, 0.000000e+00, 0.000000, 1.000000e-01, 0, 0.437361, 2.368210e-03 
9.831399e+00, 7.904110e-02, 9.330994e-06, 1.387985e-04, 0, 7.886848e-02, 2.361908e-05, 8.747807e-07, 0.431245, 2.507330e-03, 0.000000e+00, 0.000000, 1.000000e-01, 0, 0.431245, 2.507330e-03 
9.910160e+00, 7.876117e-02, 1.020577e-05, 1.268432e-04, 0, 7.859992e-02, 2.332748e-05, 8.747807e-07, 0.406209, 2.800540e-03, 0.000000e+00, 0.000000, 1.000000e-01, 0, 0.406209, 2.800540e-03 
9.989809e+00, 7.964907e-02, 8.456213e-06, 1.154711e-04, 0, 7.950007e-02, 2.420227e-05, 8.747807e-07, 0.446071, 2.505709e-03, 0.000000e+00, 0.000000, 1.000000e-01, 0, 0.446071, 2.505709e-03 
1.007176e+01, 8.195062e-02, 1.195534e-05, 1.370490e-04, 0, 8.177217e-02, 2.886776e-05, 5.831871e-07, 0.470907, 2.215112e-03, 0.000000e+00, 0.000000, 1.000000e-01, 0, 0.470907, 2.215112e-03 
1.015059e+01, 7.883086e-02, 9.914181e-06, 1.195534e-04, 0, 7.867719e-02, 2.361908e-05, 5.831871e-07, 0.488247, 2.127882e-03, 0.000000e+00, 0.000000, 1.000000e-01, 0, 0.488247, 2.127882e-03 
1.023058e+01, 7.999170e-02, 9.330994e-06, 1.271348e-04, 0, 7.983015e-02, 2.449386e-05, 5.831871e-07, 0.429485, 2.677835e-03, 0.000000e+00, 0.000000, 1.000000e-01, 0, 0.429485, 2.677835e-03 
1.031170e+01, 8.111666e-02, 1.078896e-05, 1.280096e-04, 0, 8.095279e-02, 2.420227e-05, 8.747807e-07, 0.463842, 2.328198e-03, 0.000000e+00, 0.000000, 1.000000e-01, 0, 0.463842, 2.328198e-03 
1.039219e+01, 8.049032e-02, 1.020577e-05, 1.420061e-04, 0, 8.024771e-02, 8.922763e-05, 1.166374e-06, 0.439367, 2.524770e-03, 0.000000e+00, 0.000000, 1.000000e-01, 0, 0.439367, 2.524770e-03 
1.047226e+01, 8.007247e-02, 1.283012e-05, 1.411313e-04, 0, 7.988818e-02, 2.915936e-05, 1.166374e-06, 0.477070, 1.986221e-03, 0.000000e+00, 0.000000, 1.000000e-01, 0, 0.477070, 1.986221e-03 
1.055153e+01, 7.926300e-02, 1.049737e-05, 1.557110e-04, 0, 7.907143e-02, 2.478545e-05, 5.831871e-07, 0.416839, 2.685636e-03, 0.000000e+00, 0.000000, 1.000000e-01, 0, 0.416839, 2.685636e-03 
1.063178e+01, 8.025471e-02, 1.137215e-05, 1.455052e-04, 0, 8.007188e-02, 2.536864e-05, 5.831871e-07, 0.429181, 2.509617e-03, 0.000000e+00, 0.000000, 1.000000e-01, 0, 0.429181, 2.509617e-03 
1.071341e+01, 8.162958e-02, 1.078896e-05, 1.285928e-04, 0, 8.145987e-02, 2.915936e-05, 1.166374e-06, 0.474699, 2.032188e-03, 0.000000e+00, 0.000000, 1.000000e-01, 0, 0.474699, 2.032188e-03 
1.079330e+01, 7.989255e-02, 1.224693e-05, 1.609596e-04, 0, 7.969398e-02, 2.449386e-05, 8.747807e-07, 0.498819, 1.564481e-03, 0.000000e+00, 0.000000, 1.000000e-01, 0, 0.498819, 1.564481e-03 
1.087830e+01, 8.499865e-02, 9.039400e-06, 1.285928e-04, 0, 8.483186e-02, 2.828458e-05, 8.747807e-07, 0.452748, 2.183267e-03, 0.000000e+00, 0.000000, 1.000000e-01, 0, 0.452748, 2.183267e-03 
1.095957e+01, 8.126596e-02, 1.224693e-05, 1.525034e-04, 0, 8.107322e-02, 2.740979e-05, 5.831871e-07, 0.437770, 2.509682e-03, 0.000000e+00, 0.000000, 1.000000e-01, 0, 0.437770, 2.509682e-03 
1.104434e+01, 8.477704e-02, 1.108056e-05, 1.227609e-04, 0, 8.461549e-02, 2.682661e-05, 8.747807e-07, 0.462677, 2.096257e-03, 0.000000e+00, 0.000000, 1.000000e-01, 0, 0.462677, 2.096257e-03 
1.112386e+01, 7.951990e-02, 1.312171e-05, 1.233441e-04, 0, 7.935719e-02, 2.536864e-05, 8.747807e-07, 0.474300, 1.859164e-03, 0.000000e+00, 0.000000, 1.000000e-01, 0, 0.474300, 1.859164e-03 
1.120229e+01, 7.842176e-02, 9.039400e-06, 1.355910e-04, 0, 7.825059e-02, 2.478545e-05, 1.749561e-06, 0.426333, 2.543193e-03, 0.000000e+00, 0.000000, 1.000000e-01, 0, 0.426333, 2.543193e-03 
1.128046e+01, 7.817915e-02, 9.039400e-06, 1.387985e-04, 0, 7.800769e-02, 2.303589e-05, 5.831871e-07, 0.434595, 2.453906e-03, 0.000000e+00, 0.000000, 1.000000e-01, 0, 0.434595, 2.453906e-03 
1.135821e+01, 7.774263e-02, 9.039400e-06, 1.218861e-04, 0, 7.758313e-02, 2.770139e-05, 8.747807e-07, 0.447665, 2.278767e-03, 0.000000e+00, 0.000000, 1.000000e-01, 0, 0.447665, 2.278767e-03 
1.143864e+01, 8.043725e-02, 1.049737e-05, 1.233441e-04, 0, 8.027775e-02, 2.507705e-05, 5.831871e-07, 0.415060, 2.662827e-03, 0.000000e+00, 0.000000, 1.000000e-01, 0, 0.415060, 2.662827e-03 
1.151591e+01, 7.726325e-02, 1.078896e-05, 1.265516e-04, 0, 7.709559e-02, 2.915936e-05, 1.166374e-06, 0.387933, 2.962664e-03, 0.000000e+00, 0.000000, 1.000000e-01, 0, 0.387933, 2.962664e-03 
1.159329e+01, 7.737989e-02, 1.020577e-05, 1.612512e-04, 0, 7.717928e-02, 2.799298e-05, 1.166374e-06, 0.515255, 1.745095e-03, 0.000000e+00, 0.000000, 1.000000e-01, 0, 0.515255, 1.745095e-03 
1.167501e+01, 8.171968e-02, 1.224693e-05, 1.562941e-04, 0, 8.152664e-02, 2.391067e-05, 5.831871e-07, 0.473387, 2.101169e-03, 0.000000e+00, 0.000000, 1.000000e-01, 0, 0.473387, 2.101169e-03 
1.175178e+01, 7.677279e-02, 9.622588e-06, 1.236357e-04, 0, 7.661183e-02, 2.682661e-05, 8.747807e-07, 0.463017, 2.114728e-03, 0.000000e+00, 0.000000, 1.000000e-01, 0, 0.463017, 2.114728e-03 
1.183243e+01, 8.065245e-02, 1.108056e-05, 1.352994e-04, 0, 8.047399e-02, 3.120051e-05, 8.747807e-07, 0.435687, 2.567007e-03, 0.000000e+00, 0.000000, 1.000000e-01, 0, 0.435687, 2.567007e-03 
1.191103e+01, 7.859613e-02, 1.137215e-05, 1.431724e-04, 0, 7.841417e-02, 2.653501e-05, 8.747807e-07, 0.456108, 2.257345e-03, 0.000000e+00, 0.000000, 1.000000e-01, 0, 0.456108, 2.257345e-03 
1.199075e+01, 7.972314e-02, 1.049737e-05, 1.440472e-04, 0, 7.954089e-02, 2.682661e-05, 8.747807e-07, 0.483053, 1.650271e-03, 0.000000e+00, 0.000000, 1.000000e-01, 0, 0.483053, 1.650271e-03 
1.206834e+01, 7.759217e-02, 1.253852e-05, 1.233441e-04, 0, 7.743121e-02, 2.420227e-05, 8.747807e-07, 0.405183, 2.740219e-03, 0.000000e+00, 0.000000, 1.000000e-01, 0, 0.405183, 2.740219e-03 
1.214917e+01, 8.082594e-02, 9.039400e-06, 1.253852e-04, 0, 8.066469e-02, 2.566023e-05, 1.166374e-06, 0.375574, 3.004786e-03, 0.000000e+00, 0.000000, 1.000000e-01, 0, 0.375574, 3.004786e-03 
1.222670e+01, 7.753152e-02, 9.914181e-06, 1.332583e-04, 0, 7.735161e-02, 3.586601e-05, 8.747807e-07, 0.507448, 1.840964e-03, 0.000000e+00, 0.000000, 1.000000e-01, 0, 0.507448, 1.840964e-03 
1.230515e+01, 7.845179e-02, 9.330994e-06, 1.256768e-04, 0, 7.829200e-02, 2.420227e-05, 5.831871e-07, 0.448629, 2.414981e-03, 0.000000e+00, 0.000000, 1.000000e-01, 0, 0.448629, 2.414981e-03 
1.238607e+01, 8.092042e-02, 1.108056e-05, 1.309255e-04, 0, 8.074751e-02, 2.974254e-05, 1.166374e-06, 0.461517, 2.198609e-03, 0.000000e+00, 0.000000, 1.000000e-01, 0, 0.461517, 2.198609e-03 
1.246479e+01, 7.871277e-02, 9.914181e-06, 1.428808e-04, 0, 7.853460e-02, 2.449386e-05, 8.747807e-07, 0.427656, 2.617982e-03, 0.000000e+00, 0.000000, 1.000000e-01, 0, 0.427656, 2.617982e-03 
1.254231e+01, 7.752306e-02, 2.770139e-05, 1.379238e-04, 0, 7.732886e-02, 2.770139e-05, 8.747807e-07, 0.385767, 2.963029e-03, 0.000000e+00, 0.000000, 1.000000e-01, 0, 0.385767, 2.963029e-03 
1.262085e+01, 7.854393e-02, 9.622588e-06, 1.262600e-04, 0, 7.838268e-02, 2.449386e-05, 8.747807e-07, 0.454054, 2.567828e-03, 0.000000e+00, 0.000000, 1.000000e-01, 0, 0.454054, 2.567828e-03 
1.269836e+01, 7.751140e-02, 1.049737e-05, 1.309255e-04, 0, 7.734315e-02, 2.595183e-05, 8.747807e-07, 0.412528, 2.831311e-03, 0.000000e+00, 0.000000, 1.000000e-01, 0, 0.412528, 2.831311e-03 
1.277548e+01, 7.711338e-02, 1.137215e-05, 1.227609e-04, 0, 7.695446e-02, 2.420227e-05, 5.831871e-07, 0.482863, 2.109449e-03, 0.000000e+00, 0.000000, 1.000000e-01, 0, 0.482863, 2.109449e-03 
1.285667e+01, 8.119073e-02, 1.020577e-05, 1.213029e-04, 0, 8.102948e-02, 2.857617e-05, 1.166374e-06, 0.456941, 2.368735e-03, 0.000000e+00, 0.000000, 1.000000e-01, 0, 0.456941, 2.368735e-03 
1.293564e+01, 7.897374e-02, 9.622588e-06, 1.802048e-04, 0, 7.875417e-02, 2.857617e-05, 1.166374e-06, 0.392421, 2.960458e-03, 0.000000e+00, 0.000000, 1.000000e-01, 0, 0.392421, 2.960458e-03 
1.301406e+01, 7.842205e-02, 1.020577e-05, 1.457968e-04, 0, 7.824155e-02, 2.361908e-05, 8.747807e-07, 0.503496, 1.793306e-03, 0.000000e+00, 0.000000, 1.000000e-01, 0, 0.503496, 1.793306e-03 
1.309353e+01, 7.947033e-02, 1.078896e-05, 1.189702e-04, 0, 7.930703e-02, 3.236689e-05, 1.166374e-06, 0.371471, 3.136231e-03, 0.000000e+00, 0.000000, 1.000000e-01, 0, 0.371471, 3.136231e-03 
1.317079e+01, 7.725188e-02, 1.166374e-05, 1.358826e-04, 0, 7.707838e-02, 2.507705e-05, 8.747807e-07, 0.519950, 1.861741e-03, 0.000000e+00, 0.000000, 1.000000e-01, 0, 0.519950, 1.861741e-03 
1.324971e+01, 7.892709e-02, 1.078896e-05, 1.288844e-04, 0, 7.876321e-02, 2.332748e-05, 8.747807e-07, 0.484806, 2.127292e-03, 0.000000e+00, 0.000000, 1.000000e-01, 0, 0.484806, 2.127292e-03 
1.332540e+01, 7.568573e-02, 9.039400e-06, 1.183870e-04, 0, 7.553352e-02, 2.391067e-05, 8.747807e-07, 0.451645, 2.436822e-03, 0.000000e+00, 0.000000, 1.000000e-01, 0, 0.451645, 2.436822e-03 
1.340377e+01, 7.837539e-02, 1.020577e-05, 1.154711e-04, 0, 7.822435e-02, 2.478545e-05, 5.831871e-07, 0.494707, 1.695904e-03, 0.000000e+00, 0.000000, 1.000000e-01, 0, 0.494707, 1.695904e-03 
1.348127e+01, 7.749828e-02, 9.039400e-06, 1.207197e-04, 0, 7.734286e-02, 2.478545e-05, 8.747807e-07, 0.380008, 2.924175e-03, 0.000000e+00, 0.000000, 1.000000e-01, 0, 0.380008, 2.924175e-03 
1.355835e+01, 7.707255e-02, 1.049737e-05, 1.204281e-04, 0, 7.691713e-02, 2.361908e-05, 8.747807e-07, 0.349920, 3.086675e-03, 0.000000e+00, 0.000000, 1.000000e-01, 0, 0.349920, 3.086675e-03 
1.363509e+01, 7.674422e-02, 1.020577e-05, 1.277180e-04, 0, 7.658093e-02, 2.478545e-05, 5.831871e-07, 0.468367, 2.473774e-03, 0.000000e+00, 0.000000, 1.000000e-01, 0, 0.468367, 2.473774e-03 
1.371572e+01, 8.062999e-02, 1.049737e-05, 1.288844e-04, 0, 8.045883e-02, 3.090892e-05, 8.747807e-07, 0.449570, 2.558478e-03, 0.000000e+00, 0.000000, 1.000000e-01, 0, 0.449570, 2.558478e-03 
1.379303e+01, 7.730670e-02, 1.020577e-05, 1.539614e-04, 0, 7.711163e-02, 2.945095e-05, 1.457968e-06, 0.345266, 3.147008e-03, 0.000000e+00, 0.000000, 1.000000e-01, 0, 0.345266, 3.147008e-03 
1.386955e+01, 7.652786e-02, 9.914181e-06, 1.405481e-04, 0, 7.635057e-02, 2.624342e-05, 5.831871e-07, 0.456840, 2.644064e-03, 0.000000e+00, 0.000000, 1.000000e-01, 0, 0.456840, 2.644064e-03 
1.394681e+01, 7.725771e-02, 1.049737e-05, 1.198450e-04, 0, 7.710142e-02, 2.536864e-05, 5.831871e-07, 0.491733, 2.132322e-03, 0.000000e+00, 0.000000, 1.000000e-01, 0, 0.491733, 2.132322e-03 
1.402779e+01, 8.097495e-02, 9.330994e-06, 1.253852e-04, 0, 8.081603e-02, 2.361908e-05, 5.831871e-07, 0.499217, 1.710601e-03, 0.000000e+00, 0.000000, 1.000000e-01, 0, 0.499217, 1.710601e-03 
1.410617e+01, 7.838035e-02, 1.078896e-05, 1.221777e-04, 0, 7.821822e-02, 2.828458e-05, 8.747807e-07, 0.488237, 2.167879e-03, 0.000000e+00, 0.000000, 1.000000e-01, 0, 0.488237, 2.167879e-03 
1.418120e+01, 7.503694e-02, 1.166374e-05, 1.379238e-04, 0, 7.486227e-02, 2.420227e-05, 8.747807e-07, 0.478113, 2.010888e-03, 0.000000e+00, 0.000000, 1.000000e-01, 0, 0.478113, 2.010888e-03 
1.426031e+01, 7.911050e-02, 1.108056e-05, 1.250936e-04, 0, 7.894925e-02, 2.449386e-05, 5.831871e-07, 0.433495, 2.475505e-03, 0.000000e+00, 0.000000, 1.000000e-01, 0, 0.433495, 2.475505e-03 
1.434026e+01, 7.994154e-02, 1.020577e-05, 1.288844e-04, 0, 7.977242e-02, 2.915936e-05, 8.747807e-07, 0.380851, 2.950817e-03, 0.000000e+00, 0.000000, 1.000000e-01, 0, 0.380851, 2.950817e-03 
1.441965e+01, 7.939597e-02, 1.312171e-05, 1.440472e-04, 0, 7.921460e-02, 2.361908e-05, 5.831871e-07, 0.473592, 2.226070e-03, 0.000000e+00, 0.000000, 1.000000e-01, 0, 0.473592, 2.226070e-03 
1.449938e+01, 7.972839e-02, 1.049737e-05, 1.262600e-04, 0, 7.955897e-02, 3.178370e-05, 8.747807e-07, 0.361145, 3.119319e-03, 0.000000e+00, 0.000000, 1.000000e-01, 0, 0.361145, 3.119319e-03 
1.457712e+01, 7.774234e-02, 1.108056e-05, 1.446304e-04, 0, 7.755776e-02, 2.828458e-05, 5.831871e-07, 0.432715, 2.702677e-03, 0.000000e+00, 0.000000, 1.000000e-01, 0, 0.432715, 2.702677e-03 
1.465432e+01, 7.719852e-02, 9.622588e-06, 1.510455e-04, 0, 7.700636e-02, 3.032573e-05, 1.166374e-06, 0.463915, 2.419120e-03, 0.000000e+00, 0.000000, 1.000000e-01, 0, 0.463915, 2.419120e-03 
1.474160e+01, 8.727599e-02, 1.108056e-05, 1.291759e-04, 0, 8.710833e-02, 2.653501e-05, 8.747807e-07, 0.408098, 2.900216e-03, 0.000000e+00, 0.000000, 1.000000e-01, 0, 0.408098, 2.900216e-03 
1.481833e+01, 7.673460e-02, 9.914181e-06, 1.355910e-04, 0, 7.656168e-02, 2.595183e-05, 1.457968e-06, 0.501826, 1.793813e-03, 0.000000e+00, 0.000000, 1.000000e-01, 0, 0.501826, 1.793813e-03 
1.489760e+01, 7.927204e-02, 1.049737e-05, 1.358826e-04, 0, 7.909884e-02, 2.595183e-05, 8.747807e-07, 0.479096, 2.181557e-03, 0.000000e+00, 0.000000, 1.000000e-01, 0, 0.479096, 2.181557e-03 
1.497784e+01, 8.023343e-02, 1.195534e-05, 1.253852e-04, 0, 8.007130e-02, 2.420227e-05, 5.831871e-07, 0.481727, 1.946766e-03, 0.000000e+00, 0.000000, 1.000000e-01, 0, 0.481727, 1.946766e-03 
1.505772e+01, 7.987827e-02, 1.108056e-05, 1.300507e-04, 0, 7.971147e-02, 2.507705e-05, 5.831871e-07, 0.447761, 2.574998e-03, 0.000000e+00, 0.000000, 1.000000e-01, 0, 0.447761, 2.574998e-03 
1.513788e+01, 8.016549e-02, 1.108056e-05, 1.250936e-04, 0, 7.999782e-02, 3.003414e-05, 1.457968e-06, 0.475833, 1.958247e-03, 0.000000e+00, 0.000000, 1.000000e-01, 0, 0.475833, 1.958247e-03 
1.521924e+01, 8.136219e-02, 1.137215e-05, 1.373406e-04, 0, 8.116973e-02, 3.236689e-05, 1.137215e-05, 0.495556, 1.381037e-03, 0.000000e+00, 0.000000, 1.000000e-01, 0, 0.495556, 1.381037e-03 
1.529904e+01, 7.979516e-02, 1.020577e-05, 1.481295e-04, 0, 7.960796e-02, 2.799298e-05, 8.747807e-07, 0.463296, 1.882377e-03, 0.000000e+00, 0.000000, 1.000000e-01, 0, 0.463296, 1.882377e-03 
1.538096e+01, 8.191738e-02, 1.195534e-05, 1.452136e-04, 0, 8.172959e-02, 2.945095e-05, 1.166374e-06, 0.442417, 2.237170e-03, 0.000000e+00, 0.000000, 1.000000e-01, 0, 0.442417, 2.237170e-03 
1.545975e+01, 7.879120e-02, 1.020577e-05, 1.376322e-04, 0, 7.861916e-02, 2.361908e-05, 5.831871e-07, 0.467756, 2.172667e-03, 0.000000e+00, 0.000000, 1.000000e-01, 0, 0.467756, 2.172667e-03 
1.553913e+01, 7.937906e-02, 1.457968e-05, 1.253852e-04, 0, 7.921343e-02, 2.449386e-05, 1.166374e-06, 0.423553, 2.446096e-03, 0.000000e+00, 0.000000, 1.000000e-01, 0, 0.423553, 2.446096e-03 
1.561841e+01, 7.928429e-02, 9.914181e-06, 1.250936e-04, 0, 7.911983e-02, 2.770139e-05, 1.749561e-06, 0.465185, 2.069298e-03, 0.000000e+00, 0.000000, 1.000000e-01, 0, 0.465185, 2.069298e-03 
1.569515e+01, 7.673751e-02, 1.020577e-05, 1.335499e-04, 0, 7.656285e-02, 2.945095e-05, 1.457968e-06, 0.443185, 2.333785e-03, 0.000000e+00, 0.000000, 1.000000e-01, 0, 0.443185, 2.333785e-03 
1.577242e+01, 7.726734e-02, 1.108056e-05, 1.428808e-04, 0, 7.708480e-02, 2.770139e-05, 8.747807e-07, 0.435779, 2.533136e-03, 0.000000e+00, 0.000000, 1.000000e-01, 0, 0.435779, 2.533136e-03 
1.584854e+01, 7.612546e-02, 1.166374e-05, 1.455052e-04, 0, 7.593796e-02, 2.886776e-05, 1.457968e-06, 0.449471, 2.259723e-03, 0.000000e+00, 0.000000, 1.000000e-01, 0, 0.449471, 2.259723e-03 
0.110000, 0, 0, 0, 0, 0, 0, 0, 0, 0, 0, 0, 0, 0, 0 ,0