TRM WS=0, MS=1, TRMstep=0: ub=0.800000, lb=0.200000, grow=2.000000,shrink=0.500000, b_w=0,b_m=0, lr=1.700000, decay=0.000000, lambda=0.000100, n=370, n0=25, n1=10, n2=10, sub_tol=0.001000, sub_maxit=1000, tol=1.000000e-08, m=100 
time, iter_t, subset_m_time, g_time, subset_w_time, p1_time, t2, t3, total error, total gmag, rho, sigma, gamma, step, approx error, approx gmag 
8.021447e-02, 8.021447e-02, 1.160542e-04, 2.041155e-04, 0, 7.981907e-02, 7.435636e-05, 8.747807e-07, 1.442109, 8.023393e-03, 0.000000e+00, 0.000000, 1.700000e+00, 0, 1.442109, 8.023393e-03 
1.607360e-01, 8.052152e-02, 9.914181e-06, 1.341330e-04, 0, 8.034802e-02, 2.799298e-05, 1.457968e-06, 1.046506, 6.702809e-03, 0.000000e+00, 0.000000, 1.700000e+00, 0, 1.046506, 6.702809e-03 
2.337522e-01, 7.301619e-02, 9.914181e-06, 1.347162e-04, 0, 7.284211e-02, 2.828458e-05, 1.166374e-06, 0.842415, 4.832737e-03, 0.000000e+00, 0.000000, 1.700000e+00, 0, 0.842415, 4.832737e-03 
3.097056e-01, 7.595342e-02, 1.283012e-05, 1.323835e-04, 0, 7.578313e-02, 2.420227e-05, 8.747807e-07, 0.787908, 4.399294e-03, 0.000000e+00, 0.000000, 1.700000e+00, 0, 0.787908, 4.399294e-03 
3.869528e-01, 7.724722e-02, 1.137215e-05, 1.248020e-04, 0, 7.708655e-02, 2.361908e-05, 8.747807e-07, 0.767492, 4.197021e-03, 0.000000e+00, 0.000000, 1.700000e+00, 0, 0.767492, 4.197021e-03 
4.625085e-01, 7.555568e-02, 1.574605e-05, 1.245105e-04, 0, 7.539064e-02, 2.391067e-05, 8.747807e-07, 0.670722, 4.359951e-03, 0.000000e+00, 0.000000, 1.700000e+00, 0, 0.670722, 4.359951e-03 
5.405914e-01, 7.808292e-02, 1.078896e-05, 1.245105e-04, 0, 7.792401e-02, 2.303589e-05, 5.831871e-07, 0.799336, 3.625223e-03, 0.000000e+00, 0.000000, 1.700000e+00, 0, 0.799336, 3.625223e-03 
6.202463e-01, 7.965490e-02, 1.108056e-05, 1.224693e-04, 0, 7.949336e-02, 2.740979e-05, 5.831871e-07, 0.594324, 3.642772e-03, 0.000000e+00, 0.000000, 1.700000e+00, 0, 0.594324, 3.642772e-03 
7.036759e-01, 8.342958e-02, 1.253852e-05, 1.335499e-04, 0, 8.325579e-02, 2.682661e-05, 8.747807e-07, 0.801823, 3.832056e-03, 0.000000e+00, 0.000000, 1.700000e+00, 0, 0.801823, 3.832056e-03 
7.792319e-01, 7.555597e-02, 9.622588e-06, 1.332583e-04, 0, 7.538306e-02, 2.945095e-05, 5.831871e-07, 0.589792, 4.849122e-03, 0.000000e+00, 0.000000, 1.700000e+00, 0, 0.589792, 4.849122e-03 
9.047128e-01, 1.254809e-01, 9.914181e-06, 1.335499e-04, 0, 1.253138e-01, 2.303589e-05, 5.831871e-07, 0.065310, 1.202938e-03, 0.000000e+00, 0.000000, 1.700000e+00, 0, 0.065310, 1.202938e-03 
9.816967e-01, 7.698391e-02, 1.137215e-05, 1.297591e-04, 0, 7.681741e-02, 2.449386e-05, 8.747807e-07, 0.880729, 2.188232e-03, 0.000000e+00, 0.000000, 1.700000e+00, 0, 0.880729, 2.188232e-03 
1.058988e+00, 7.729154e-02, 9.914181e-06, 1.294675e-04, 0, 7.712708e-02, 2.391067e-05, 1.166374e-06, 0.547513, 2.368279e-03, 0.000000e+00, 0.000000, 1.700000e+00, 0, 0.547513, 2.368279e-03 
1.136279e+00, 7.729125e-02, 1.049737e-05, 1.300507e-04, 0, 7.712125e-02, 2.828458e-05, 1.166374e-06, 0.785468, 3.749880e-03, 0.000000e+00, 0.000000, 1.700000e+00, 0, 0.785468, 3.749880e-03 
1.212082e+00, 7.580208e-02, 9.330994e-06, 1.376322e-04, 0, 7.563150e-02, 2.274430e-05, 8.747807e-07, 0.340096, 3.319986e-03, 0.000000e+00, 0.000000, 1.700000e+00, 0, 0.340096, 3.319986e-03 
1.288131e+00, 7.604993e-02, 9.330994e-06, 1.160542e-04, 0, 7.589918e-02, 2.420227e-05, 1.166374e-06, 0.860617, 2.655392e-03, 0.000000e+00, 0.000000, 1.700000e+00, 0, 0.860617, 2.655392e-03 
1.366100e+00, 7.796804e-02, 9.330994e-06, 1.262600e-04, 0, 7.780853e-02, 2.332748e-05, 5.831871e-07, 1.234856, 3.647386e-03, 0.000000e+00, 0.000000, 1.700000e+00, 0, 1.234856, 3.647386e-03 
1.444852e+00, 7.875242e-02, 9.914181e-06, 1.227609e-04, 0, 7.859350e-02, 2.507705e-05, 1.166374e-06, 0.586928, 2.808700e-03, 0.000000e+00, 0.000000, 1.700000e+00, 0, 0.586928, 2.808700e-03 
1.524939e+00, 8.008734e-02, 1.020577e-05, 1.245105e-04, 0, 7.992784e-02, 2.391067e-05, 8.747807e-07, 0.714159, 4.221771e-03, 0.000000e+00, 0.000000, 1.700000e+00, 0, 0.714159, 4.221771e-03 
1.602447e+00, 7.750790e-02, 1.078896e-05, 1.294675e-04, 0, 7.734140e-02, 2.566023e-05, 5.831871e-07, 0.783794, 3.635071e-03, 0.000000e+00, 0.000000, 1.700000e+00, 0, 0.783794, 3.635071e-03 
1.679759e+00, 7.731137e-02, 1.137215e-05, 1.268432e-04, 0, 7.714837e-02, 2.391067e-05, 8.747807e-07, 0.500096, 2.448672e-03, 0.000000e+00, 0.000000, 1.700000e+00, 0, 0.500096, 2.448672e-03 
1.758684e+00, 7.892563e-02, 1.020577e-05, 1.422977e-04, 0, 7.874426e-02, 2.828458e-05, 5.831871e-07, 0.861343, 3.086502e-03, 0.000000e+00, 0.000000, 1.700000e+00, 0, 0.861343, 3.086502e-03 
1.835281e+00, 7.659667e-02, 1.020577e-05, 1.350078e-04, 0, 7.642376e-02, 2.711820e-05, 5.831871e-07, 0.437750, 2.296557e-03, 0.000000e+00, 0.000000, 1.700000e+00, 0, 0.437750, 2.296557e-03 
2.047991e+00, 2.127105e-01, 1.224693e-05, 1.210113e-04, 0, 2.125490e-01, 2.740979e-05, 8.747807e-07, 0.058541, 9.250845e-04, 0.000000e+00, 0.000000, 1.700000e+00, 0, 0.058541, 9.250845e-04 
2.121997e+00, 7.400528e-02, 8.747807e-06, 1.309255e-04, 0, 7.383965e-02, 2.507705e-05, 8.747807e-07, 0.918112, 1.625762e-03, 0.000000e+00, 0.000000, 1.700000e+00, 0, 0.918112, 1.625762e-03 
2.197809e+00, 7.581258e-02, 1.108056e-05, 1.218861e-04, 0, 7.565249e-02, 2.624342e-05, 8.747807e-07, 0.308146, 3.056720e-03, 0.000000e+00, 0.000000, 1.700000e+00, 0, 0.308146, 3.056720e-03 
2.277303e+00, 7.949365e-02, 9.039400e-06, 1.253852e-04, 0, 7.932220e-02, 3.644920e-05, 5.831871e-07, 0.913985, 1.629587e-03, 0.000000e+00, 0.000000, 1.700000e+00, 0, 0.913985, 1.629587e-03 
2.355550e+00, 7.824680e-02, 1.078896e-05, 1.253852e-04, 0, 7.808467e-02, 2.507705e-05, 8.747807e-07, 0.343665, 3.747409e-03, 0.000000e+00, 0.000000, 1.700000e+00, 0, 0.343665, 3.747409e-03 
2.434320e+00, 7.877050e-02, 1.049737e-05, 1.198450e-04, 0, 7.861479e-02, 2.449386e-05, 8.747807e-07, 0.930268, 1.939845e-03, 0.000000e+00, 0.000000, 1.700000e+00, 0, 0.930268, 1.939845e-03 
2.511047e+00, 7.672672e-02, 1.108056e-05, 1.248020e-04, 0, 7.656460e-02, 2.566023e-05, 5.831871e-07, 0.744236, 4.166861e-03, 0.000000e+00, 0.000000, 1.700000e+00, 0, 0.744236, 4.166861e-03 
2.589904e+00, 7.885681e-02, 1.020577e-05, 1.195534e-04, 0, 7.869702e-02, 2.915936e-05, 8.747807e-07, 0.538001, 4.614548e-03, 0.000000e+00, 0.000000, 1.700000e+00, 0, 0.538001, 4.614548e-03 
2.670441e+00, 8.053698e-02, 9.330994e-06, 1.207197e-04, 0, 8.038156e-02, 2.478545e-05, 5.831871e-07, 0.757952, 3.615178e-03, 0.000000e+00, 0.000000, 1.700000e+00, 0, 0.757952, 3.615178e-03 
2.853532e+00, 1.830916e-01, 1.283012e-05, 1.271348e-04, 0, 1.829213e-01, 2.974254e-05, 5.831871e-07, 0.157305, 2.451265e-03, 0.000000e+00, 0.000000, 1.700000e+00, 0, 0.157305, 2.451265e-03 
2.931608e+00, 7.807593e-02, 9.622588e-06, 1.402565e-04, 0, 7.789426e-02, 3.120051e-05, 5.831871e-07, 0.910481, 1.601813e-03, 0.000000e+00, 0.000000, 1.700000e+00, 0, 0.910481, 1.601813e-03 
3.006233e+00, 7.462462e-02, 1.166374e-05, 1.498791e-04, 0, 7.443888e-02, 2.332748e-05, 8.747807e-07, 1.006820, 4.938451e-03, 0.000000e+00, 0.000000, 1.700000e+00, 0, 1.006820, 4.938451e-03 
3.080845e+00, 7.461238e-02, 9.330994e-06, 1.204281e-04, 0, 7.445083e-02, 3.120051e-05, 5.831871e-07, 0.518756, 1.790469e-03, 0.000000e+00, 0.000000, 1.700000e+00, 0, 0.518756, 1.790469e-03 
3.158050e+00, 7.720464e-02, 1.312171e-05, 1.186786e-04, 0, 7.704893e-02, 2.332748e-05, 5.831871e-07, 0.547721, 4.771999e-03, 0.000000e+00, 0.000000, 1.700000e+00, 0, 0.547721, 4.771999e-03 
3.235957e+00, 7.790709e-02, 1.049737e-05, 1.256768e-04, 0, 7.774613e-02, 2.420227e-05, 5.831871e-07, 0.843206, 2.874167e-03, 0.000000e+00, 0.000000, 1.700000e+00, 0, 0.843206, 2.874167e-03 
3.313023e+00, 7.706585e-02, 9.039400e-06, 1.277180e-04, 0, 7.690226e-02, 2.595183e-05, 8.747807e-07, 0.471993, 1.243180e-03, 0.000000e+00, 0.000000, 1.700000e+00, 0, 0.471993, 1.243180e-03 
3.390015e+00, 7.699178e-02, 9.330994e-06, 1.300507e-04, 0, 7.681595e-02, 3.557441e-05, 8.747807e-07, 0.734954, 3.654522e-03, 0.000000e+00, 0.000000, 1.700000e+00, 0, 0.734954, 3.654522e-03 
3.465285e+00, 7.527050e-02, 9.330994e-06, 1.323835e-04, 0, 7.508359e-02, 3.440804e-05, 1.078896e-05, 0.547276, 2.446171e-03, 0.000000e+00, 0.000000, 1.700000e+00, 0, 0.547276, 2.446171e-03 
3.542808e+00, 7.752248e-02, 1.078896e-05, 1.428808e-04, 0, 7.734432e-02, 2.361908e-05, 8.747807e-07, 0.709019, 3.898568e-03, 0.000000e+00, 0.000000, 1.700000e+00, 0, 0.709019, 3.898568e-03 
3.660919e+00, 1.181111e-01, 9.330994e-06, 1.294675e-04, 0, 1.179429e-01, 2.857617e-05, 8.747807e-07, 0.131025, 2.342772e-03, 0.000000e+00, 0.000000, 1.700000e+00, 0, 0.131025, 2.342772e-03 
3.737598e+00, 7.667919e-02, 1.166374e-05, 1.551278e-04, 0, 7.648703e-02, 2.449386e-05, 8.747807e-07, 0.884364, 2.512403e-03, 0.000000e+00, 0.000000, 1.700000e+00, 0, 0.884364, 2.512403e-03 
3.814557e+00, 7.695912e-02, 9.914181e-06, 1.224693e-04, 0, 7.680137e-02, 2.420227e-05, 1.166374e-06, 0.366706, 2.876493e-03, 0.000000e+00, 0.000000, 1.700000e+00, 0, 0.366706, 2.876493e-03 
3.891770e+00, 7.721281e-02, 9.330994e-06, 1.265516e-04, 0, 7.705127e-02, 2.478545e-05, 8.747807e-07, 0.926354, 1.770636e-03, 0.000000e+00, 0.000000, 1.700000e+00, 0, 0.926354, 1.770636e-03 
3.968127e+00, 7.635756e-02, 9.330994e-06, 1.306339e-04, 0, 7.619019e-02, 2.653501e-05, 8.747807e-07, 0.421183, 2.083649e-03, 0.000000e+00, 0.000000, 1.700000e+00, 0, 0.421183, 2.083649e-03 
4.045622e+00, 7.749449e-02, 9.330994e-06, 1.230525e-04, 0, 7.733936e-02, 2.186952e-05, 8.747807e-07, 0.807729, 3.040930e-03, 0.000000e+00, 0.000000, 1.700000e+00, 0, 0.807729, 3.040930e-03 
4.124851e+00, 7.922889e-02, 9.622588e-06, 1.259684e-04, 0, 7.906880e-02, 2.391067e-05, 5.831871e-07, 0.395987, 2.395896e-03, 0.000000e+00, 0.000000, 1.700000e+00, 0, 0.395987, 2.395896e-03 
4.197960e+00, 7.310950e-02, 9.622588e-06, 1.192618e-04, 0, 7.295554e-02, 2.420227e-05, 8.747807e-07, 0.873340, 2.296345e-03, 0.000000e+00, 0.000000, 1.700000e+00, 0, 0.873340, 2.296345e-03 
4.275819e+00, 7.785869e-02, 1.283012e-05, 1.376322e-04, 0, 7.768169e-02, 2.595183e-05, 5.831871e-07, 0.471706, 1.427546e-03, 0.000000e+00, 0.000000, 1.700000e+00, 0, 0.471706, 1.427546e-03 
4.354923e+00, 7.910408e-02, 1.020577e-05, 1.236357e-04, 0, 7.894254e-02, 2.711820e-05, 5.831871e-07, 0.754809, 3.299000e-03, 0.000000e+00, 0.000000, 1.700000e+00, 0, 0.754809, 3.299000e-03 
4.431434e+00, 7.651065e-02, 1.078896e-05, 1.250936e-04, 0, 7.634794e-02, 2.624342e-05, 5.831871e-07, 0.422942, 2.011192e-03, 0.000000e+00, 0.000000, 1.700000e+00, 0, 0.422942, 2.011192e-03 
4.511254e+00, 7.981995e-02, 1.195534e-05, 1.221777e-04, 0, 7.964062e-02, 4.432222e-05, 8.747807e-07, 0.771524, 3.211555e-03, 0.000000e+00, 0.000000, 1.700000e+00, 0, 0.771524, 3.211555e-03 
4.589512e+00, 7.825846e-02, 1.020577e-05, 1.449220e-04, 0, 7.807126e-02, 3.149210e-05, 5.831871e-07, 0.571980, 3.097585e-03, 0.000000e+00, 0.000000, 1.700000e+00, 0, 0.571980, 3.097585e-03 
4.666846e+00, 7.733411e-02, 1.137215e-05, 1.180954e-04, 0, 7.717957e-02, 2.420227e-05, 8.747807e-07, 0.803100, 3.400762e-03, 0.000000e+00, 0.000000, 1.700000e+00, 0, 0.803100, 3.400762e-03 
4.743741e+00, 7.689439e-02, 1.020577e-05, 1.277180e-04, 0, 7.673139e-02, 2.420227e-05, 8.747807e-07, 0.465777, 2.238075e-03, 0.000000e+00, 0.000000, 1.700000e+00, 0, 0.465777, 2.238075e-03 
4.820365e+00, 7.662466e-02, 9.330994e-06, 1.274264e-04, 0, 7.645787e-02, 2.915936e-05, 8.747807e-07, 0.739625, 3.691088e-03, 0.000000e+00, 0.000000, 1.700000e+00, 0, 0.739625, 3.691088e-03 
4.898399e+00, 7.803423e-02, 9.330994e-06, 1.253852e-04, 0, 7.787006e-02, 2.857617e-05, 8.747807e-07, 0.426604, 2.915692e-03, 0.000000e+00, 0.000000, 1.700000e+00, 0, 0.426604, 2.915692e-03 
4.977732e+00, 7.933269e-02, 9.039400e-06, 1.332583e-04, 0, 7.916269e-02, 2.682661e-05, 8.747807e-07, 0.905193, 2.315782e-03, 0.000000e+00, 0.000000, 1.700000e+00, 0, 0.905193, 2.315782e-03 
5.050908e+00, 7.317570e-02, 9.622588e-06, 1.387985e-04, 0, 7.300336e-02, 2.332748e-05, 5.831871e-07, 0.401835, 2.630208e-03, 0.000000e+00, 0.000000, 1.700000e+00, 0, 0.401835, 2.630208e-03 
5.126075e+00, 7.516728e-02, 1.137215e-05, 1.183870e-04, 0, 7.501332e-02, 2.332748e-05, 8.747807e-07, 0.852725, 2.556821e-03, 0.000000e+00, 0.000000, 1.700000e+00, 0, 0.852725, 2.556821e-03 
5.204465e+00, 7.839026e-02, 8.456213e-06, 1.192618e-04, 0, 7.823339e-02, 2.828458e-05, 8.747807e-07, 0.676766, 3.296594e-03, 0.000000e+00, 0.000000, 1.700000e+00, 0, 0.676766, 3.296594e-03 
5.317249e+00, 1.127831e-01, 1.049737e-05, 1.516287e-04, 0, 1.125945e-01, 2.595183e-05, 5.831871e-07, 0.186257, 2.468347e-03, 0.000000e+00, 0.000000, 1.700000e+00, 0, 0.186257, 2.468347e-03 
5.394719e+00, 7.747058e-02, 9.622588e-06, 1.230525e-04, 0, 7.731312e-02, 2.420227e-05, 5.831871e-07, 0.848185, 2.610609e-03, 0.000000e+00, 0.000000, 1.700000e+00, 0, 0.848185, 2.610609e-03 
5.472031e+00, 7.731195e-02, 1.078896e-05, 1.283012e-04, 0, 7.714895e-02, 2.332748e-05, 5.831871e-07, 0.482537, 1.956546e-03, 0.000000e+00, 0.000000, 1.700000e+00, 0, 0.482537, 1.956546e-03 
5.549286e+00, 7.725451e-02, 9.914181e-06, 1.175122e-04, 0, 7.709763e-02, 2.886776e-05, 5.831871e-07, 0.661058, 4.131773e-03, 0.000000e+00, 0.000000, 1.700000e+00, 0, 0.661058, 4.131773e-03 
5.629249e+00, 7.996341e-02, 9.622588e-06, 1.387985e-04, 0, 7.978962e-02, 2.449386e-05, 8.747807e-07, 0.681474, 3.747162e-03, 0.000000e+00, 0.000000, 1.700000e+00, 0, 0.681474, 3.747162e-03 
5.706848e+00, 7.759859e-02, 1.195534e-05, 1.268432e-04, 0, 7.742946e-02, 2.915936e-05, 1.166374e-06, 0.720880, 3.751872e-03, 0.000000e+00, 0.000000, 1.700000e+00, 0, 0.720880, 3.751872e-03 
5.786304e+00, 7.945662e-02, 9.039400e-06, 1.326751e-04, 0, 7.928633e-02, 2.770139e-05, 8.747807e-07, 0.664509, 4.160219e-03, 0.000000e+00, 0.000000, 1.700000e+00, 0, 0.664509, 4.160219e-03 
5.858887e+00, 7.258259e-02, 9.330994e-06, 1.341330e-04, 0, 7.241435e-02, 2.420227e-05, 5.831871e-07, 0.701986, 4.085390e-03, 0.000000e+00, 0.000000, 1.700000e+00, 0, 0.701986, 4.085390e-03 
5.936431e+00, 7.754406e-02, 1.049737e-05, 1.195534e-04, 0, 7.738660e-02, 2.653501e-05, 8.747807e-07, 0.641844, 4.206497e-03, 0.000000e+00, 0.000000, 1.700000e+00, 0, 0.641844, 4.206497e-03 
6.014184e+00, 7.775313e-02, 1.137215e-05, 1.239273e-04, 0, 7.758955e-02, 2.770139e-05, 5.831871e-07, 0.646432, 4.893792e-03, 0.000000e+00, 0.000000, 1.700000e+00, 0, 0.646432, 4.893792e-03 
6.091059e+00, 7.687544e-02, 1.078896e-05, 1.283012e-04, 0, 7.670981e-02, 2.595183e-05, 5.831871e-07, 0.429481, 4.763264e-03, 0.000000e+00, 0.000000, 1.700000e+00, 0, 0.429481, 4.763264e-03 
6.169001e+00, 7.794179e-02, 1.078896e-05, 1.283012e-04, 0, 7.777646e-02, 2.566023e-05, 5.831871e-07, 0.849322, 3.646703e-03, 0.000000e+00, 0.000000, 1.700000e+00, 0, 0.849322, 3.646703e-03 
6.246520e+00, 7.751927e-02, 1.108056e-05, 1.262600e-04, 0, 7.734548e-02, 3.586601e-05, 5.831871e-07, 0.841047, 2.929164e-03, 0.000000e+00, 0.000000, 1.700000e+00, 0, 0.841047, 2.929164e-03 
6.327311e+00, 8.079095e-02, 1.049737e-05, 1.382153e-04, 0, 8.061366e-02, 2.740979e-05, 1.166374e-06, 0.469867, 1.318279e-03, 0.000000e+00, 0.000000, 1.700000e+00, 0, 0.469867, 1.318279e-03 
6.419327e+00, 9.201526e-02, 9.330994e-06, 1.344246e-04, 0, 9.184352e-02, 2.711820e-05, 8.747807e-07, 0.069974, 1.351497e-03, 0.000000e+00, 0.000000, 1.700000e+00, 0, 0.069974, 1.351497e-03 
6.495589e+00, 7.626192e-02, 9.039400e-06, 1.318003e-04, 0, 7.609134e-02, 2.857617e-05, 1.166374e-06, 0.876061, 2.141026e-03, 0.000000e+00, 0.000000, 1.700000e+00, 0, 0.876061, 2.141026e-03 
6.572754e+00, 7.716586e-02, 1.049737e-05, 1.577521e-04, 0, 7.697224e-02, 2.478545e-05, 5.831871e-07, 0.496606, 1.435892e-03, 0.000000e+00, 0.000000, 1.700000e+00, 0, 0.496606, 1.435892e-03 
6.651755e+00, 7.900057e-02, 9.622588e-06, 1.265516e-04, 0, 7.883553e-02, 2.828458e-05, 5.831871e-07, 0.586378, 4.592001e-03, 0.000000e+00, 0.000000, 1.700000e+00, 0, 0.586378, 4.592001e-03 
6.732101e+00, 8.034569e-02, 9.622588e-06, 1.431724e-04, 0, 8.016723e-02, 2.478545e-05, 8.747807e-07, 0.832732, 3.332690e-03, 0.000000e+00, 0.000000, 1.700000e+00, 0, 0.832732, 3.332690e-03 
6.812637e+00, 8.053581e-02, 9.039400e-06, 1.271348e-04, 0, 8.037252e-02, 2.653501e-05, 5.831871e-07, 0.661118, 4.136996e-03, 0.000000e+00, 0.000000, 1.700000e+00, 0, 0.661118, 4.136996e-03 
6.892379e+00, 7.974267e-02, 1.020577e-05, 1.504623e-04, 0, 7.955460e-02, 2.653501e-05, 8.747807e-07, 0.795962, 5.579847e-03, 0.000000e+00, 0.000000, 1.700000e+00, 0, 0.795962, 5.579847e-03 
6.964219e+00, 7.184020e-02, 9.914181e-06, 1.425893e-04, 0, 7.166378e-02, 2.274430e-05, 1.166374e-06, 0.905129, 4.481107e-03, 0.000000e+00, 0.000000, 1.700000e+00, 0, 0.905129, 4.481107e-03 
7.061250e+00, 9.703009e-02, 1.137215e-05, 1.364658e-04, 0, 9.684464e-02, 3.674079e-05, 8.747807e-07, 0.220933, 2.956027e-03, 0.000000e+00, 0.000000, 1.700000e+00, 0, 0.220933, 2.956027e-03 
7.138240e+00, 7.699003e-02, 9.622588e-06, 1.312171e-04, 0, 7.682324e-02, 2.536864e-05, 5.831871e-07, 0.449584, 4.362824e-03, 0.000000e+00, 0.000000, 1.700000e+00, 0, 0.449584, 4.362824e-03 
7.215475e+00, 7.723497e-02, 1.399649e-05, 1.274264e-04, 0, 7.706905e-02, 2.361908e-05, 8.747807e-07, 1.025365, 3.896909e-03, 0.000000e+00, 0.000000, 1.700000e+00, 0, 1.025365, 3.896909e-03 
7.294454e+00, 7.897957e-02, 9.039400e-06, 1.408397e-04, 0, 7.880199e-02, 2.682661e-05, 8.747807e-07, 0.440851, 2.768840e-03, 0.000000e+00, 0.000000, 1.700000e+00, 0, 0.440851, 2.768840e-03 
7.373714e+00, 7.925980e-02, 9.330994e-06, 1.344246e-04, 0, 7.908542e-02, 2.974254e-05, 8.747807e-07, 0.816158, 3.334190e-03, 0.000000e+00, 0.000000, 1.700000e+00, 0, 0.816158, 3.334190e-03 
7.447290e+00, 7.357605e-02, 1.020577e-05, 1.396733e-04, 0, 7.339818e-02, 2.682661e-05, 1.166374e-06, 0.519489, 3.026614e-03, 0.000000e+00, 0.000000, 1.700000e+00, 0, 0.519489, 3.026614e-03 
7.524935e+00, 7.764495e-02, 8.747807e-06, 1.352994e-04, 0, 7.746883e-02, 3.120051e-05, 8.747807e-07, 0.548784, 5.001043e-03, 0.000000e+00, 0.000000, 1.700000e+00, 0, 0.548784, 5.001043e-03 
7.603311e+00, 7.837568e-02, 9.622588e-06, 1.265516e-04, 0, 7.821414e-02, 2.449386e-05, 8.747807e-07, 0.090488, 1.763776e-03, 0.000000e+00, 0.000000, 1.700000e+00, 0, 0.090488, 1.763776e-03 
7.682786e+00, 7.947587e-02, 1.078896e-05, 1.291759e-04, 0, 7.931082e-02, 2.391067e-05, 1.166374e-06, 0.280012, 4.013944e-03, 0.000000e+00, 0.000000, 1.700000e+00, 0, 0.280012, 4.013944e-03 
7.757460e+00, 7.467390e-02, 1.049737e-05, 1.277180e-04, 0, 7.451090e-02, 2.391067e-05, 8.747807e-07, 0.975850, 5.050595e-03, 0.000000e+00, 0.000000, 1.700000e+00, 0, 0.975850, 5.050595e-03 
7.834741e+00, 7.728017e-02, 1.078896e-05, 1.323835e-04, 0, 7.710550e-02, 3.090892e-05, 5.831871e-07, 0.372217, 4.610298e-03, 0.000000e+00, 0.000000, 1.700000e+00, 0, 0.372217, 4.610298e-03 
7.911340e+00, 7.659988e-02, 1.049737e-05, 1.618344e-04, 0, 7.639460e-02, 3.178370e-05, 1.166374e-06, 0.055750, 1.384574e-03, 0.000000e+00, 0.000000, 1.700000e+00, 0, 0.055750, 1.384574e-03 
7.987789e+00, 7.644883e-02, 9.622588e-06, 1.428808e-04, 0, 7.626571e-02, 2.974254e-05, 8.747807e-07, 0.852037, 2.770518e-03, 0.000000e+00, 0.000000, 1.700000e+00, 0, 0.852037, 2.770518e-03 
8.066144e+00, 7.835469e-02, 1.049737e-05, 1.355910e-04, 0, 7.817303e-02, 3.499123e-05, 5.831871e-07, 0.720005, 4.007373e-03, 0.000000e+00, 0.000000, 1.700000e+00, 0, 0.720005, 4.007373e-03 
8.143248e+00, 7.710375e-02, 9.622588e-06, 1.527950e-04, 0, 7.691626e-02, 2.420227e-05, 8.747807e-07, 0.522455, 1.898325e-03, 0.000000e+00, 0.000000, 1.700000e+00, 0, 0.522455, 1.898325e-03 
8.226015e+00, 8.276737e-02, 1.399649e-05, 1.612512e-04, 0, 8.256647e-02, 2.478545e-05, 8.747807e-07, 0.482361, 5.429844e-03, 0.000000e+00, 0.000000, 1.700000e+00, 0, 0.482361, 5.429844e-03 
8.304508e+00, 7.849290e-02, 9.914181e-06, 1.248020e-04, 0, 7.833282e-02, 2.478545e-05, 5.831871e-07, 0.955381, 3.207194e-03, 0.000000e+00, 0.000000, 1.700000e+00, 0, 0.955381, 3.207194e-03 
8.382355e+00, 7.784702e-02, 1.020577e-05, 1.250936e-04, 0, 7.768636e-02, 2.449386e-05, 8.747807e-07, 0.547450, 1.060769e-03, 0.000000e+00, 0.000000, 1.700000e+00, 0, 0.547450, 1.060769e-03 
8.460330e+00, 7.797503e-02, 1.020577e-05, 1.245105e-04, 0, 7.781378e-02, 2.566023e-05, 8.747807e-07, 0.438187, 2.721190e-03, 0.000000e+00, 0.000000, 1.700000e+00, 0, 0.438187, 2.721190e-03 
8.537454e+00, 7.712446e-02, 1.020577e-05, 1.294675e-04, 0, 7.695621e-02, 2.770139e-05, 8.747807e-07, 0.712617, 3.838803e-03, 0.000000e+00, 0.000000, 1.700000e+00, 0, 0.712617, 3.838803e-03 
8.616966e+00, 7.951202e-02, 1.020577e-05, 1.411313e-04, 0, 7.933124e-02, 2.857617e-05, 8.747807e-07, 0.663818, 5.667225e-03, 0.000000e+00, 0.000000, 1.700000e+00, 0, 0.663818, 5.667225e-03 
8.702389e+00, 8.542292e-02, 1.049737e-05, 1.475463e-04, 0, 8.523659e-02, 2.740979e-05, 8.747807e-07, 0.979982, 3.884543e-03, 0.000000e+00, 0.000000, 1.700000e+00, 0, 0.979982, 3.884543e-03 
8.779391e+00, 7.700199e-02, 1.078896e-05, 1.414229e-04, 0, 7.682062e-02, 2.799298e-05, 1.166374e-06, 0.308263, 4.019876e-03, 0.000000e+00, 0.000000, 1.700000e+00, 0, 0.308263, 4.019876e-03 
8.856586e+00, 7.719473e-02, 1.399649e-05, 1.455052e-04, 0, 7.700170e-02, 3.295007e-05, 5.831871e-07, 0.797276, 3.953566e-03, 0.000000e+00, 0.000000, 1.700000e+00, 0, 0.797276, 3.953566e-03 
8.934217e+00, 7.763125e-02, 9.914181e-06, 1.699990e-04, 0, 7.742071e-02, 2.915936e-05, 1.457968e-06, 0.510060, 1.269499e-03, 0.000000e+00, 0.000000, 1.700000e+00, 0, 0.510060, 1.269499e-03 
9.010261e+00, 7.604323e-02, 9.039400e-06, 1.364658e-04, 0, 7.587264e-02, 2.420227e-05, 8.747807e-07, 0.701412, 3.531979e-03, 0.000000e+00, 0.000000, 1.700000e+00, 0, 0.701412, 3.531979e-03 
9.087412e+00, 7.715128e-02, 9.914181e-06, 1.221777e-04, 0, 7.699441e-02, 2.420227e-05, 5.831871e-07, 0.470838, 3.795638e-03, 0.000000e+00, 0.000000, 1.700000e+00, 0, 0.470838, 3.795638e-03 
9.164261e+00, 7.684948e-02, 1.078896e-05, 1.309255e-04, 0, 7.667832e-02, 2.857617e-05, 8.747807e-07, 0.746935, 4.251869e-03, 0.000000e+00, 0.000000, 1.700000e+00, 0, 0.746935, 4.251869e-03 
9.242627e+00, 7.836577e-02, 1.370490e-05, 1.492959e-04, 0, 7.817303e-02, 2.915936e-05, 5.831871e-07, 0.535097, 2.537287e-03, 0.000000e+00, 0.000000, 1.700000e+00, 0, 0.535097, 2.537287e-03 
9.320315e+00, 7.768752e-02, 1.224693e-05, 1.457968e-04, 0, 7.750061e-02, 2.799298e-05, 8.747807e-07, 0.757156, 3.864736e-03, 0.000000e+00, 0.000000, 1.700000e+00, 0, 0.757156, 3.864736e-03 
9.433964e+00, 1.136498e-01, 1.224693e-05, 1.449220e-04, 0, 1.134626e-01, 2.857617e-05, 1.457968e-06, 0.305641, 4.223687e-03, 0.000000e+00, 0.000000, 1.700000e+00, 0, 0.305641, 4.223687e-03 
9.513400e+00, 7.943592e-02, 9.914181e-06, 1.399649e-04, 0, 7.924405e-02, 4.053151e-05, 1.457968e-06, 0.699351, 4.484155e-03, 0.000000e+00, 0.000000, 1.700000e+00, 0, 0.699351, 4.484155e-03 
9.586889e+00, 7.348858e-02, 1.049737e-05, 1.650420e-04, 0, 7.328504e-02, 2.682661e-05, 1.166374e-06, 0.366359, 5.316655e-03, 0.000000e+00, 0.000000, 1.700000e+00, 0, 0.366359, 5.316655e-03 
9.663697e+00, 7.680837e-02, 1.020577e-05, 1.341330e-04, 0, 7.663837e-02, 2.478545e-05, 8.747807e-07, 0.447957, 4.307011e-03, 0.000000e+00, 0.000000, 1.700000e+00, 0, 0.447957, 4.307011e-03 
9.742146e+00, 7.844917e-02, 9.039400e-06, 1.239273e-04, 0, 7.829112e-02, 2.420227e-05, 8.747807e-07, 0.871147, 5.173971e-03, 0.000000e+00, 0.000000, 1.700000e+00, 0, 0.871147, 5.173971e-03 
9.823011e+00, 8.086443e-02, 1.108056e-05, 1.259684e-04, 0, 8.069852e-02, 2.799298e-05, 8.747807e-07, 1.166627, 4.393899e-03, 0.000000e+00, 0.000000, 1.700000e+00, 0, 1.166627, 4.393899e-03 
9.899807e+00, 7.679612e-02, 1.166374e-05, 1.271348e-04, 0, 7.663195e-02, 2.478545e-05, 5.831871e-07, 0.704347, 4.735127e-03, 0.000000e+00, 0.000000, 1.700000e+00, 0, 0.704347, 4.735127e-03 
9.978670e+00, 7.886294e-02, 1.283012e-05, 1.274264e-04, 0, 7.869235e-02, 2.945095e-05, 8.747807e-07, 0.795732, 4.470647e-03, 0.000000e+00, 0.000000, 1.700000e+00, 0, 0.795732, 4.470647e-03 
1.005598e+01, 7.731428e-02, 1.253852e-05, 1.422977e-04, 0, 7.713408e-02, 2.478545e-05, 5.831871e-07, 0.482904, 3.632738e-03, 0.000000e+00, 0.000000, 1.700000e+00, 0, 0.482904, 3.632738e-03 
1.013347e+01, 7.748574e-02, 1.078896e-05, 1.341330e-04, 0, 7.731574e-02, 2.449386e-05, 5.831871e-07, 0.832764, 6.997209e-03, 0.000000e+00, 0.000000, 1.700000e+00, 0, 0.832764, 6.997209e-03 
1.021026e+01, 7.678533e-02, 8.747807e-06, 1.172206e-04, 0, 7.663108e-02, 2.740979e-05, 8.747807e-07, 0.843097, 3.178802e-03, 0.000000e+00, 0.000000, 1.700000e+00, 0, 0.843097, 3.178802e-03 
1.028680e+01, 7.654506e-02, 1.283012e-05, 1.201365e-04, 0, 7.638527e-02, 2.624342e-05, 5.831871e-07, 0.469750, 2.089556e-03, 0.000000e+00, 0.000000, 1.700000e+00, 0, 0.469750, 2.089556e-03 
1.036632e+01, 7.951552e-02, 1.020577e-05, 1.320919e-04, 0, 7.934582e-02, 2.653501e-05, 8.747807e-07, 0.760775, 3.926658e-03, 0.000000e+00, 0.000000, 1.700000e+00, 0, 0.760775, 3.926658e-03 
1.043968e+01, 7.335940e-02, 1.166374e-05, 1.364658e-04, 0, 7.318124e-02, 2.857617e-05, 1.457968e-06, 0.705957, 4.692911e-03, 0.000000e+00, 0.000000, 1.700000e+00, 0, 0.705957, 4.692911e-03 
1.051798e+01, 7.830395e-02, 9.914181e-06, 1.315087e-04, 0, 7.813833e-02, 2.361908e-05, 5.831871e-07, 0.540148, 2.843002e-03, 0.000000e+00, 0.000000, 1.700000e+00, 0, 0.540148, 2.843002e-03 
1.059625e+01, 7.826867e-02, 1.137215e-05, 1.256768e-04, 0, 7.810596e-02, 2.507705e-05, 5.831871e-07, 0.687607, 4.486869e-03, 0.000000e+00, 0.000000, 1.700000e+00, 0, 0.687607, 4.486869e-03 
1.067361e+01, 7.736385e-02, 1.078896e-05, 1.262600e-04, 0, 7.720144e-02, 2.449386e-05, 8.747807e-07, 0.568462, 5.610185e-03, 0.000000e+00, 0.000000, 1.700000e+00, 0, 0.568462, 5.610185e-03 
1.075132e+01, 7.770589e-02, 1.137215e-05, 1.256768e-04, 0, 7.754464e-02, 2.332748e-05, 8.747807e-07, 0.455083, 4.662722e-03, 0.000000e+00, 0.000000, 1.700000e+00, 0, 0.455083, 4.662722e-03 
1.083090e+01, 7.957763e-02, 1.049737e-05, 1.195534e-04, 0, 7.941988e-02, 2.653501e-05, 1.166374e-06, 0.746602, 4.624972e-03, 0.000000e+00, 0.000000, 1.700000e+00, 0, 0.746602, 4.624972e-03 
1.090807e+01, 7.717811e-02, 1.078896e-05, 1.312171e-04, 0, 7.701015e-02, 2.507705e-05, 8.747807e-07, 0.685359, 4.374597e-03, 0.000000e+00, 0.000000, 1.700000e+00, 0, 0.685359, 4.374597e-03 
1.098624e+01, 7.816836e-02, 9.330994e-06, 1.213029e-04, 0, 7.801236e-02, 2.478545e-05, 5.831871e-07, 0.480515, 5.870372e-03, 0.000000e+00, 0.000000, 1.700000e+00, 0, 0.480515, 5.870372e-03 
1.106305e+01, 7.680691e-02, 1.020577e-05, 1.277180e-04, 0, 7.664158e-02, 2.624342e-05, 1.166374e-06, 0.562950, 4.902230e-03, 0.000000e+00, 0.000000, 1.700000e+00, 0, 0.562950, 4.902230e-03 
1.114299e+01, 7.994242e-02, 8.747807e-06, 1.373406e-04, 0, 7.976746e-02, 2.770139e-05, 1.166374e-06, 0.700791, 3.596627e-03, 0.000000e+00, 0.000000, 1.700000e+00, 0, 0.700791, 3.596627e-03 
1.121617e+01, 7.318386e-02, 9.039400e-06, 1.562941e-04, 0, 7.298908e-02, 2.857617e-05, 8.747807e-07, 0.521819, 4.084336e-03, 0.000000e+00, 0.000000, 1.700000e+00, 0, 0.521819, 4.084336e-03 
1.129230e+01, 7.612021e-02, 1.078896e-05, 1.332583e-04, 0, 7.595108e-02, 2.420227e-05, 8.747807e-07, 0.745323, 4.160813e-03, 0.000000e+00, 0.000000, 1.700000e+00, 0, 0.745323, 4.160813e-03 
1.137031e+01, 7.801148e-02, 1.049737e-05, 1.218861e-04, 0, 7.785257e-02, 2.595183e-05, 5.831871e-07, 0.633045, 5.694770e-03, 0.000000e+00, 0.000000, 1.700000e+00, 0, 0.633045, 5.694770e-03 
1.144747e+01, 7.716528e-02, 9.330994e-06, 1.230525e-04, 0, 7.700490e-02, 2.740979e-05, 5.831871e-07, 0.961923, 4.092517e-03, 0.000000e+00, 0.000000, 1.700000e+00, 0, 0.961923, 4.092517e-03 
1.154134e+01, 9.387067e-02, 1.108056e-05, 1.274264e-04, 0, 9.370417e-02, 2.682661e-05, 1.166374e-06, 0.148083, 2.553131e-03, 0.000000e+00, 0.000000, 1.700000e+00, 0, 0.148083, 2.553131e-03 
1.162214e+01, 8.079533e-02, 9.914181e-06, 1.318003e-04, 0, 8.062416e-02, 2.857617e-05, 8.747807e-07, 0.491299, 2.174817e-03, 0.000000e+00, 0.000000, 1.700000e+00, 0, 0.491299, 2.174817e-03 
1.169453e+01, 7.239510e-02, 2.157792e-05, 1.621260e-04, 0, 7.218311e-02, 2.711820e-05, 1.166374e-06, 0.555321, 2.995457e-03, 0.000000e+00, 0.000000, 1.700000e+00, 0, 0.555321, 2.995457e-03 
1.177087e+01, 7.634094e-02, 9.330994e-06, 1.382153e-04, 0, 7.616103e-02, 3.120051e-05, 1.166374e-06, 1.011996, 6.197350e-03, 0.000000e+00, 0.000000, 1.700000e+00, 0, 1.011996, 6.197350e-03 
1.184845e+01, 7.757497e-02, 8.747807e-06, 1.274264e-04, 0, 7.741488e-02, 2.332748e-05, 5.831871e-07, 0.231093, 3.320011e-03, 0.000000e+00, 0.000000, 1.700000e+00, 0, 0.231093, 3.320011e-03 
1.192842e+01, 7.996691e-02, 1.020577e-05, 1.175122e-04, 0, 7.981266e-02, 2.566023e-05, 8.747807e-07, 0.902233, 2.371394e-03, 0.000000e+00, 0.000000, 1.700000e+00, 0, 0.902233, 2.371394e-03 
1.200866e+01, 8.024742e-02, 1.049737e-05, 1.306339e-04, 0, 8.006693e-02, 3.878194e-05, 5.831871e-07, 0.480284, 3.302729e-03, 0.000000e+00, 0.000000, 1.700000e+00, 0, 0.480284, 3.302729e-03 
1.208456e+01, 7.589510e-02, 9.914181e-06, 1.670831e-04, 0, 7.567786e-02, 3.965672e-05, 5.831871e-07, 0.377223, 4.652706e-03, 0.000000e+00, 0.000000, 1.700000e+00, 0, 0.377223, 4.652706e-03 
1.216306e+01, 7.850165e-02, 1.137215e-05, 1.513371e-04, 0, 7.830803e-02, 2.974254e-05, 1.166374e-06, 0.589031, 5.533124e-03, 0.000000e+00, 0.000000, 1.700000e+00, 0, 0.589031, 5.533124e-03 
1.224030e+01, 7.723614e-02, 9.330994e-06, 1.452136e-04, 0, 7.705272e-02, 2.799298e-05, 8.747807e-07, 0.956568, 1.842612e-03, 0.000000e+00, 0.000000, 1.700000e+00, 0, 0.956568, 1.842612e-03 
1.232126e+01, 8.096183e-02, 1.049737e-05, 1.562941e-04, 0, 8.076675e-02, 2.740979e-05, 8.747807e-07, 0.210752, 3.105055e-03, 0.000000e+00, 0.000000, 1.700000e+00, 0, 0.210752, 3.105055e-03 
1.239648e+01, 7.521918e-02, 9.622588e-06, 1.323835e-04, 0, 7.505035e-02, 2.624342e-05, 5.831871e-07, 0.418602, 5.355158e-03, 0.000000e+00, 0.000000, 1.700000e+00, 0, 0.418602, 5.355158e-03 
1.247318e+01, 7.670631e-02, 9.330994e-06, 1.172206e-04, 0, 7.655614e-02, 2.303589e-05, 5.831871e-07, 0.577143, 4.804232e-03, 0.000000e+00, 0.000000, 1.700000e+00, 0, 0.577143, 4.804232e-03 
1.255093e+01, 7.775022e-02, 8.747807e-06, 1.495875e-04, 0, 7.756884e-02, 2.245270e-05, 5.831871e-07, 0.363801, 4.153259e-03, 0.000000e+00, 0.000000, 1.700000e+00, 0, 0.363801, 4.153259e-03 
1.266077e+01, 1.098389e-01, 1.049737e-05, 1.516287e-04, 0, 1.096520e-01, 2.420227e-05, 5.831871e-07, 0.208808, 3.933224e-03, 0.000000e+00, 0.000000, 1.700000e+00, 0, 0.208808, 3.933224e-03 
1.273863e+01, 7.785577e-02, 9.330994e-06, 1.172206e-04, 0, 7.770210e-02, 2.595183e-05, 1.166374e-06, 0.668823, 5.308729e-03, 0.000000e+00, 0.000000, 1.700000e+00, 0, 0.668823, 5.308729e-03 
1.281929e+01, 8.065799e-02, 1.049737e-05, 1.358826e-04, 0, 8.048216e-02, 2.857617e-05, 8.747807e-07, 0.853354, 4.751059e-03, 0.000000e+00, 0.000000, 1.700000e+00, 0, 0.853354, 4.751059e-03 
1.289358e+01, 7.428987e-02, 9.622588e-06, 1.367574e-04, 0, 7.411929e-02, 2.361908e-05, 5.831871e-07, 0.122137, 3.091522e-03, 0.000000e+00, 0.000000, 1.700000e+00, 0, 0.122137, 3.091522e-03 
1.296974e+01, 7.616803e-02, 1.020577e-05, 1.195534e-04, 0, 7.601378e-02, 2.361908e-05, 8.747807e-07, 0.151101, 3.550541e-03, 0.000000e+00, 0.000000, 1.700000e+00, 0, 0.151101, 3.550541e-03 
1.304685e+01, 7.710346e-02, 9.039400e-06, 1.186786e-04, 0, 7.695008e-02, 2.478545e-05, 8.747807e-07, 0.701151, 4.218027e-03, 0.000000e+00, 0.000000, 1.700000e+00, 0, 0.701151, 4.218027e-03 
1.312402e+01, 7.717490e-02, 9.622588e-06, 1.256768e-04, 0, 7.701015e-02, 2.857617e-05, 8.747807e-07, 0.153314, 3.198940e-03, 0.000000e+00, 0.000000, 1.700000e+00, 0, 0.153314, 3.198940e-03 
1.320327e+01, 7.924813e-02, 1.049737e-05, 1.221777e-04, 0, 7.909096e-02, 2.391067e-05, 5.831871e-07, 0.697791, 4.608569e-03, 0.000000e+00, 0.000000, 1.700000e+00, 0, 0.697791, 4.608569e-03 
1.328218e+01, 7.891309e-02, 1.253852e-05, 1.230525e-04, 0, 7.874892e-02, 2.770139e-05, 8.747807e-07, 0.433802, 3.546379e-03, 0.000000e+00, 0.000000, 1.700000e+00, 0, 0.433802, 3.546379e-03 
1.335813e+01, 7.594758e-02, 1.166374e-05, 1.414229e-04, 0, 7.576563e-02, 2.828458e-05, 5.831871e-07, 0.673218, 5.931390e-03, 0.000000e+00, 0.000000, 1.700000e+00, 0, 0.673218, 5.931390e-03 
1.343569e+01, 7.756068e-02, 1.078896e-05, 1.236357e-04, 0, 7.740118e-02, 2.449386e-05, 5.831871e-07, 0.811980, 4.327240e-03, 0.000000e+00, 0.000000, 1.700000e+00, 0, 0.811980, 4.327240e-03 
1.351668e+01, 8.098836e-02, 1.078896e-05, 1.245105e-04, 0, 8.082420e-02, 2.799298e-05, 8.747807e-07, 0.497693, 8.917024e-04, 0.000000e+00, 0.000000, 1.700000e+00, 0, 0.497693, 8.917024e-04 
1.359805e+01, 8.137122e-02, 8.747807e-06, 1.329667e-04, 0, 8.120093e-02, 2.740979e-05, 1.166374e-06, 0.808782, 3.655739e-03, 0.000000e+00, 0.000000, 1.700000e+00, 0, 0.808782, 3.655739e-03 
1.367440e+01, 7.634357e-02, 8.456213e-06, 1.358826e-04, 0, 7.617532e-02, 2.332748e-05, 5.831871e-07, 0.249922, 3.942355e-03, 0.000000e+00, 0.000000, 1.700000e+00, 0, 0.249922, 3.942355e-03 
1.374935e+01, 7.494975e-02, 1.049737e-05, 1.175122e-04, 0, 7.479229e-02, 2.886776e-05, 5.831871e-07, 0.642689, 5.075115e-03, 0.000000e+00, 0.000000, 1.700000e+00, 0, 0.642689, 5.075115e-03 
1.382646e+01, 7.711163e-02, 1.108056e-05, 1.250936e-04, 0, 7.695037e-02, 2.449386e-05, 5.831871e-07, 0.189173, 4.512982e-03, 0.000000e+00, 0.000000, 1.700000e+00, 0, 0.189173, 4.512982e-03 
1.390384e+01, 7.738835e-02, 1.049737e-05, 1.306339e-04, 0, 7.721893e-02, 2.740979e-05, 8.747807e-07, 0.071729, 1.717465e-03, 0.000000e+00, 0.000000, 1.700000e+00, 0, 0.071729, 1.717465e-03 
1.398097e+01, 7.712387e-02, 1.253852e-05, 1.297591e-04, 0, 7.695562e-02, 2.507705e-05, 8.747807e-07, 0.700849, 4.666665e-03, 0.000000e+00, 0.000000, 1.700000e+00, 0, 0.700849, 4.666665e-03 
1.405634e+01, 7.536906e-02, 9.039400e-06, 1.283012e-04, 0, 7.520898e-02, 2.216111e-05, 5.831871e-07, 0.282118, 4.556647e-03, 0.000000e+00, 0.000000, 1.700000e+00, 0, 0.282118, 4.556647e-03 
1.412966e+01, 7.332324e-02, 8.747807e-06, 1.198450e-04, 0, 7.317074e-02, 2.332748e-05, 5.831871e-07, 0.690399, 5.123161e-03, 0.000000e+00, 0.000000, 1.700000e+00, 0, 0.690399, 5.123161e-03 
1.420554e+01, 7.588314e-02, 9.039400e-06, 1.180954e-04, 0, 7.572685e-02, 2.799298e-05, 1.166374e-06, 0.446768, 4.650745e-03, 0.000000e+00, 0.000000, 1.700000e+00, 0, 0.446768, 4.650745e-03 
1.428461e+01, 7.906764e-02, 1.195534e-05, 1.522118e-04, 0, 7.887722e-02, 2.536864e-05, 8.747807e-07, 0.502395, 2.293369e-03, 0.000000e+00, 0.000000, 1.700000e+00, 0, 0.502395, 2.293369e-03 
1.436255e+01, 7.794238e-02, 9.330994e-06, 1.218861e-04, 0, 7.778608e-02, 2.420227e-05, 8.747807e-07, 0.704916, 7.090208e-03, 0.000000e+00, 0.000000, 1.700000e+00, 0, 0.704916, 7.090208e-03 
1.443935e+01, 7.679787e-02, 1.137215e-05, 1.265516e-04, 0, 7.663370e-02, 2.536864e-05, 8.747807e-07, 0.727692, 5.885429e-03, 0.000000e+00, 0.000000, 1.700000e+00, 0, 0.727692, 5.885429e-03 
1.451878e+01, 7.943009e-02, 9.330994e-06, 1.242189e-04, 0, 7.927204e-02, 2.391067e-05, 5.831871e-07, 0.326837, 5.343388e-03, 0.000000e+00, 0.000000, 1.700000e+00, 0, 0.326837, 5.343388e-03 
1.459706e+01, 7.828004e-02, 1.049737e-05, 1.230525e-04, 0, 7.811792e-02, 2.799298e-05, 5.831871e-07, 1.016893, 7.030084e-03, 0.000000e+00, 0.000000, 1.700000e+00, 0, 1.016893, 7.030084e-03 
1.467460e+01, 7.753356e-02, 9.039400e-06, 1.221777e-04, 0, 7.737552e-02, 2.566023e-05, 1.166374e-06, 0.982871, 5.676422e-03, 0.000000e+00, 0.000000, 1.700000e+00, 0, 0.982871, 5.676422e-03 
1.475244e+01, 7.783973e-02, 1.049737e-05, 1.227609e-04, 0, 7.768023e-02, 2.536864e-05, 8.747807e-07, 0.394436, 3.054769e-03, 0.000000e+00, 0.000000, 1.700000e+00, 0, 0.394436, 3.054769e-03 
1.482988e+01, 7.744142e-02, 1.049737e-05, 1.288844e-04, 0, 7.727288e-02, 2.799298e-05, 1.166374e-06, 0.428884, 3.311884e-03, 0.000000e+00, 0.000000, 1.700000e+00, 0, 0.428884, 3.311884e-03 
1.491231e+01, 8.243350e-02, 9.914181e-06, 1.344246e-04, 0, 8.226263e-02, 2.507705e-05, 1.457968e-06, 0.763569, 5.375674e-03, 0.000000e+00, 0.000000, 1.700000e+00, 0, 0.763569, 5.375674e-03 
1.500274e+01, 9.043104e-02, 9.330994e-06, 1.527950e-04, 0, 9.024500e-02, 2.303589e-05, 8.747807e-07, 0.380702, 5.373830e-03, 0.000000e+00, 0.000000, 1.700000e+00, 0, 0.380702, 5.373830e-03 
1.507775e+01, 7.501303e-02, 8.456213e-06, 1.163458e-04, 0, 7.486373e-02, 2.361908e-05, 8.747807e-07, 0.507020, 3.483187e-03, 0.000000e+00, 0.000000, 1.700000e+00, 0, 0.507020, 3.483187e-03 
1.515470e+01, 7.694542e-02, 1.020577e-05, 1.291759e-04, 0, 7.678125e-02, 2.420227e-05, 5.831871e-07, 0.067525, 1.686088e-03, 0.000000e+00, 0.000000, 1.700000e+00, 0, 0.067525, 1.686088e-03 
1.523220e+01, 7.750178e-02, 1.020577e-05, 1.329667e-04, 0, 7.733382e-02, 2.420227e-05, 5.831871e-07, 0.689781, 4.489216e-03, 0.000000e+00, 0.000000, 1.700000e+00, 0, 0.689781, 4.489216e-03 
1.530984e+01, 7.763533e-02, 1.078896e-05, 1.213029e-04, 0, 7.747758e-02, 2.478545e-05, 8.747807e-07, 0.343029, 5.003047e-03, 0.000000e+00, 0.000000, 1.700000e+00, 0, 0.343029, 5.003047e-03 
1.538582e+01, 7.598724e-02, 9.622588e-06, 1.262600e-04, 0, 7.582220e-02, 2.799298e-05, 1.166374e-06, 1.028640, 5.662651e-03, 0.000000e+00, 0.000000, 1.700000e+00, 0, 1.028640, 5.662651e-03 
1.547845e+01, 9.262265e-02, 8.747807e-06, 1.350078e-04, 0, 9.245003e-02, 2.740979e-05, 1.457968e-06, 0.336166, 5.268417e-03, 0.000000e+00, 0.000000, 1.700000e+00, 0, 0.336166, 5.268417e-03 
1.555561e+01, 7.716557e-02, 9.330994e-06, 1.551278e-04, 0, 7.697224e-02, 2.770139e-05, 1.166374e-06, 0.428240, 5.341549e-03, 0.000000e+00, 0.000000, 1.700000e+00, 0, 0.428240, 5.341549e-03 
1.563507e+01, 7.946129e-02, 9.622588e-06, 1.819544e-04, 0, 7.924492e-02, 2.391067e-05, 8.747807e-07, 0.514054, 2.643981e-03, 0.000000e+00, 0.000000, 1.700000e+00, 0, 0.514054, 2.643981e-03 
1.571143e+01, 7.635902e-02, 1.078896e-05, 1.204281e-04, 0, 7.619690e-02, 2.945095e-05, 1.457968e-06, 0.825701, 6.499989e-03, 0.000000e+00, 0.000000, 1.700000e+00, 0, 0.825701, 6.499989e-03 
1.578726e+01, 7.582949e-02, 1.020577e-05, 1.329667e-04, 0, 7.565628e-02, 2.915936e-05, 8.747807e-07, 0.445819, 2.332601e-03, 0.000000e+00, 0.000000, 1.700000e+00, 0, 0.445819, 2.332601e-03 
1.588243e+01, 9.516914e-02, 9.622588e-06, 1.452136e-04, 0, 9.498573e-02, 2.799298e-05, 5.831871e-07, 0.376864, 5.475032e-03, 0.000000e+00, 0.000000, 1.700000e+00, 0, 0.376864, 5.475032e-03 
1.595900e+01, 7.657276e-02, 1.137215e-05, 1.431724e-04, 0, 7.638877e-02, 2.828458e-05, 1.166374e-06, 0.895626, 3.257508e-03, 0.000000e+00, 0.000000, 1.700000e+00, 0, 0.895626, 3.257508e-03 
1.603583e+01, 7.682995e-02, 1.749561e-05, 1.443388e-04, 0, 7.664420e-02, 2.332748e-05, 5.831871e-07, 0.355095, 3.780751e-03, 0.000000e+00, 0.000000, 1.700000e+00, 0, 0.355095, 3.780751e-03 
0.200000, 0, 0, 0, 0, 0, 0, 0, 0, 0, 0, 0, 0, 0, 0 ,0