TRM WS=0, MS=1, TRMstep=0: ub=0.800000, lb=0.200000, grow=2.000000,shrink=0.500000, b_w=0,b_m=0, lr=0.300000, decay=0.000000, lambda=0.000100, n=370, n0=25, n1=10, n2=10, sub_tol=0.001000, sub_maxit=1000, tol=1.000000e-08, m=100 
time, time g, time p1, time p0, total error, total gmag, rho, sigma, gamma, step, approx error, approx gmag 
8.134702e-02, 8.134702e-02, 4.023991e-05, 1.907022e-04, 0, 8.105689e-02, 5.015409e-05, 9.039400e-06, 1.326354, 7.462374e-03, 0.000000e+00, 0.000000, 3.000000e-01, 0, 1.326354, 7.462374e-03 
1.612673e-01, 7.992025e-02, 1.137215e-05, 1.320919e-04, 0, 7.973888e-02, 3.674079e-05, 1.166374e-06, 0.915793, 6.438357e-03, 0.000000e+00, 0.000000, 3.000000e-01, 0, 0.915793, 6.438357e-03 
2.411021e-01, 7.983482e-02, 1.137215e-05, 1.434640e-04, 0, 7.965607e-02, 2.303589e-05, 8.747807e-07, 0.897005, 6.099395e-03, 0.000000e+00, 0.000000, 3.000000e-01, 0, 0.897005, 6.099395e-03 
3.260179e-01, 8.491584e-02, 9.622588e-06, 1.137215e-04, 0, 8.476275e-02, 2.857617e-05, 1.166374e-06, 0.842597, 5.901614e-03, 0.000000e+00, 0.000000, 3.000000e-01, 0, 0.842597, 5.901614e-03 
4.099111e-01, 8.389322e-02, 1.137215e-05, 1.971172e-04, 0, 8.365907e-02, 2.449386e-05, 1.166374e-06, 0.717713, 5.474964e-03, 0.000000e+00, 0.000000, 3.000000e-01, 0, 0.717713, 5.474964e-03 
4.914436e-01, 8.153248e-02, 1.137215e-05, 1.253852e-04, 0, 8.136685e-02, 2.770139e-05, 1.166374e-06, 0.721034, 4.984500e-03, 0.000000e+00, 0.000000, 3.000000e-01, 0, 0.721034, 4.984500e-03 
5.742104e-01, 8.276679e-02, 1.253852e-05, 1.434640e-04, 0, 8.258659e-02, 2.332748e-05, 8.747807e-07, 0.652775, 4.723869e-03, 0.000000e+00, 0.000000, 3.000000e-01, 0, 0.652775, 4.723869e-03 
6.559313e-01, 8.172085e-02, 1.020577e-05, 1.157626e-04, 0, 8.157038e-02, 2.391067e-05, 5.831871e-07, 0.622395, 4.399696e-03, 0.000000e+00, 0.000000, 3.000000e-01, 0, 0.622395, 4.399696e-03 
7.362848e-01, 8.035356e-02, 1.166374e-05, 1.245105e-04, 0, 8.019494e-02, 2.186952e-05, 5.831871e-07, 0.624863, 4.100723e-03, 0.000000e+00, 0.000000, 3.000000e-01, 0, 0.624863, 4.100723e-03 
8.171980e-01, 8.091313e-02, 1.020577e-05, 1.460884e-04, 0, 8.073176e-02, 2.420227e-05, 8.747807e-07, 0.498502, 4.037858e-03, 0.000000e+00, 0.000000, 3.000000e-01, 0, 0.498502, 4.037858e-03 
9.003765e-01, 8.317852e-02, 9.622588e-06, 1.253852e-04, 0, 8.301727e-02, 2.507705e-05, 1.166374e-06, 0.578345, 3.971611e-03, 0.000000e+00, 0.000000, 3.000000e-01, 0, 0.578345, 3.971611e-03 
9.806717e-01, 8.029524e-02, 9.622588e-06, 1.236357e-04, 0, 8.012291e-02, 3.819876e-05, 8.747807e-07, 0.564142, 3.794021e-03, 0.000000e+00, 0.000000, 3.000000e-01, 0, 0.564142, 3.794021e-03 
1.063550e+00, 8.287876e-02, 9.914181e-06, 1.545446e-04, 0, 8.268456e-02, 2.828458e-05, 1.457968e-06, 0.441309, 3.918604e-03, 0.000000e+00, 0.000000, 3.000000e-01, 0, 0.441309, 3.918604e-03 
1.143661e+00, 8.011067e-02, 1.253852e-05, 1.434640e-04, 0, 7.992871e-02, 2.507705e-05, 8.747807e-07, 0.482595, 3.962351e-03, 0.000000e+00, 0.000000, 3.000000e-01, 0, 0.482595, 3.962351e-03 
1.222398e+00, 7.873639e-02, 9.330994e-06, 1.204281e-04, 0, 7.858126e-02, 2.449386e-05, 8.747807e-07, 0.497221, 4.046585e-03, 0.000000e+00, 0.000000, 3.000000e-01, 0, 0.497221, 4.046585e-03 
1.305096e+00, 8.269885e-02, 9.622588e-06, 1.239273e-04, 0, 8.253760e-02, 2.653501e-05, 1.166374e-06, 0.566184, 3.550315e-03, 0.000000e+00, 0.000000, 3.000000e-01, 0, 0.566184, 3.550315e-03 
1.387959e+00, 8.286243e-02, 9.330994e-06, 1.253852e-04, 0, 8.270322e-02, 2.361908e-05, 8.747807e-07, 0.566739, 3.257419e-03, 0.000000e+00, 0.000000, 3.000000e-01, 0, 0.566739, 3.257419e-03 
1.469064e+00, 8.110471e-02, 1.020577e-05, 1.227609e-04, 0, 8.094783e-02, 2.274430e-05, 1.166374e-06, 0.471919, 3.426126e-03, 0.000000e+00, 0.000000, 3.000000e-01, 0, 0.471919, 3.426126e-03 
1.548414e+00, 7.935077e-02, 1.049737e-05, 1.183870e-04, 0, 7.919390e-02, 2.682661e-05, 1.166374e-06, 0.535951, 3.002030e-03, 0.000000e+00, 0.000000, 3.000000e-01, 0, 0.535951, 3.002030e-03 
1.630623e+00, 8.220839e-02, 1.166374e-05, 1.434640e-04, 0, 8.202177e-02, 3.032573e-05, 1.166374e-06, 0.538309, 2.721535e-03, 0.000000e+00, 0.000000, 3.000000e-01, 0, 0.538309, 2.721535e-03 
1.712362e+00, 8.173980e-02, 1.020577e-05, 1.606681e-04, 0, 8.152898e-02, 3.907354e-05, 8.747807e-07, 0.515037, 2.580954e-03, 0.000000e+00, 0.000000, 3.000000e-01, 0, 0.515037, 2.580954e-03 
1.791531e+00, 7.916882e-02, 1.253852e-05, 1.420061e-04, 0, 7.898978e-02, 2.361908e-05, 8.747807e-07, 0.434152, 3.156643e-03, 0.000000e+00, 0.000000, 3.000000e-01, 0, 0.434152, 3.156643e-03 
1.872306e+00, 8.077492e-02, 9.622588e-06, 1.338414e-04, 0, 8.060258e-02, 2.770139e-05, 1.166374e-06, 0.552182, 2.632893e-03, 0.000000e+00, 0.000000, 3.000000e-01, 0, 0.552182, 2.632893e-03 
1.955453e+00, 8.314645e-02, 1.370490e-05, 1.207197e-04, 0, 8.298578e-02, 2.536864e-05, 8.747807e-07, 0.361004, 3.411460e-03, 0.000000e+00, 0.000000, 3.000000e-01, 0, 0.361004, 3.411460e-03 
2.035832e+00, 8.037981e-02, 1.428808e-05, 1.213029e-04, 0, 8.021593e-02, 2.740979e-05, 8.747807e-07, 0.534189, 3.285906e-03, 0.000000e+00, 0.000000, 3.000000e-01, 0, 0.534189, 3.285906e-03 
2.116366e+00, 8.053377e-02, 1.574605e-05, 1.717486e-04, 0, 8.031653e-02, 2.886776e-05, 8.747807e-07, 0.549407, 2.623136e-03, 0.000000e+00, 0.000000, 3.000000e-01, 0, 0.549407, 2.623136e-03 
2.195453e+00, 7.908717e-02, 9.330994e-06, 1.274264e-04, 0, 7.892301e-02, 2.624342e-05, 1.166374e-06, 0.502298, 2.380974e-03, 0.000000e+00, 0.000000, 3.000000e-01, 0, 0.502298, 2.380974e-03 
2.274609e+00, 7.915511e-02, 9.914181e-06, 1.425893e-04, 0, 7.897782e-02, 2.391067e-05, 8.747807e-07, 0.489107, 2.511951e-03, 0.000000e+00, 0.000000, 3.000000e-01, 0, 0.489107, 2.511951e-03 
2.354304e+00, 7.969514e-02, 9.622588e-06, 1.233441e-04, 0, 7.953652e-02, 2.478545e-05, 8.747807e-07, 0.496238, 2.235392e-03, 0.000000e+00, 0.000000, 3.000000e-01, 0, 0.496238, 2.235392e-03 
2.435945e+00, 8.164095e-02, 9.622588e-06, 1.242189e-04, 0, 8.147911e-02, 2.682661e-05, 1.166374e-06, 0.492485, 2.585662e-03, 0.000000e+00, 0.000000, 3.000000e-01, 0, 0.492485, 2.585662e-03 
2.516230e+00, 8.028562e-02, 1.166374e-05, 1.487127e-04, 0, 8.009988e-02, 2.420227e-05, 1.166374e-06, 0.497424, 2.068530e-03, 0.000000e+00, 0.000000, 3.000000e-01, 0, 0.497424, 2.068530e-03 
2.597094e+00, 8.086327e-02, 9.039400e-06, 1.248020e-04, 0, 8.070231e-02, 2.624342e-05, 8.747807e-07, 0.461445, 2.434679e-03, 0.000000e+00, 0.000000, 3.000000e-01, 0, 0.461445, 2.434679e-03 
2.676325e+00, 7.923122e-02, 1.020577e-05, 1.221777e-04, 0, 7.906997e-02, 2.770139e-05, 1.166374e-06, 0.459906, 2.741554e-03, 0.000000e+00, 0.000000, 3.000000e-01, 0, 0.459906, 2.741554e-03 
2.756088e+00, 7.976338e-02, 9.914181e-06, 1.539614e-04, 0, 7.957705e-02, 2.186952e-05, 5.831871e-07, 0.540847, 2.548543e-03, 0.000000e+00, 0.000000, 3.000000e-01, 0, 0.540847, 2.548543e-03 
2.836846e+00, 8.075771e-02, 1.049737e-05, 1.157626e-04, 0, 8.060725e-02, 2.303589e-05, 1.166374e-06, 0.390223, 3.133149e-03, 0.000000e+00, 0.000000, 3.000000e-01, 0, 0.390223, 3.133149e-03 
2.918188e+00, 8.134177e-02, 9.914181e-06, 1.192618e-04, 0, 8.118635e-02, 2.536864e-05, 8.747807e-07, 0.529908, 2.827985e-03, 0.000000e+00, 0.000000, 3.000000e-01, 0, 0.529908, 2.827985e-03 
3.001427e+00, 8.323946e-02, 1.166374e-05, 1.318003e-04, 0, 8.307122e-02, 2.391067e-05, 8.747807e-07, 0.331768, 3.496435e-03, 0.000000e+00, 0.000000, 3.000000e-01, 0, 0.331768, 3.496435e-03 
3.086733e+00, 8.530599e-02, 9.039400e-06, 1.227609e-04, 0, 8.514474e-02, 2.478545e-05, 4.665497e-06, 0.540639, 3.287132e-03, 0.000000e+00, 0.000000, 3.000000e-01, 0, 0.540639, 3.287132e-03 
3.168193e+00, 8.145958e-02, 1.195534e-05, 1.230525e-04, 0, 8.129658e-02, 2.682661e-05, 1.166374e-06, 0.522275, 2.749815e-03, 0.000000e+00, 0.000000, 3.000000e-01, 0, 0.522275, 2.749815e-03 
3.247618e+00, 7.942571e-02, 9.914181e-06, 1.592101e-04, 0, 7.923034e-02, 2.507705e-05, 1.166374e-06, 0.443395, 3.134813e-03, 0.000000e+00, 0.000000, 3.000000e-01, 0, 0.443395, 3.134813e-03 
3.327366e+00, 7.974792e-02, 1.049737e-05, 1.233441e-04, 0, 7.959046e-02, 2.274430e-05, 8.747807e-07, 0.498634, 2.644908e-03, 0.000000e+00, 0.000000, 3.000000e-01, 0, 0.498634, 2.644908e-03 
3.407209e+00, 7.984240e-02, 1.049737e-05, 1.183870e-04, 0, 7.968756e-02, 2.449386e-05, 1.457968e-06, 0.536589, 2.119160e-03, 0.000000e+00, 0.000000, 3.000000e-01, 0, 0.536589, 2.119160e-03 
3.487462e+00, 8.025325e-02, 1.166374e-05, 1.455052e-04, 0, 8.007159e-02, 2.361908e-05, 8.747807e-07, 0.454409, 2.582295e-03, 0.000000e+00, 0.000000, 3.000000e-01, 0, 0.454409, 2.582295e-03 
3.567750e+00, 8.028825e-02, 1.487127e-05, 1.297591e-04, 0, 8.011796e-02, 2.478545e-05, 8.747807e-07, 0.509006, 2.285614e-03, 0.000000e+00, 0.000000, 3.000000e-01, 0, 0.509006, 2.285614e-03 
3.649067e+00, 8.131699e-02, 1.166374e-05, 1.271348e-04, 0, 8.115165e-02, 2.536864e-05, 1.166374e-06, 0.501157, 1.897340e-03, 0.000000e+00, 0.000000, 3.000000e-01, 0, 0.501157, 1.897340e-03 
3.729556e+00, 8.048886e-02, 1.108056e-05, 1.320919e-04, 0, 8.030982e-02, 3.440804e-05, 1.457968e-06, 0.406087, 2.930682e-03, 0.000000e+00, 0.000000, 3.000000e-01, 0, 0.406087, 2.930682e-03 
3.810220e+00, 8.066411e-02, 9.622588e-06, 1.434640e-04, 0, 8.047662e-02, 3.353326e-05, 8.747807e-07, 0.507574, 2.419808e-03, 0.000000e+00, 0.000000, 3.000000e-01, 0, 0.507574, 2.419808e-03 
3.890500e+00, 8.028008e-02, 1.166374e-05, 1.250936e-04, 0, 8.011300e-02, 2.915936e-05, 1.166374e-06, 0.497664, 2.258586e-03, 0.000000e+00, 0.000000, 3.000000e-01, 0, 0.497664, 2.258586e-03 
3.969666e+00, 7.916561e-02, 9.330994e-06, 1.297591e-04, 0, 7.899882e-02, 2.682661e-05, 8.747807e-07, 0.464744, 2.575074e-03, 0.000000e+00, 0.000000, 3.000000e-01, 0, 0.464744, 2.575074e-03 
4.054242e+00, 8.457642e-02, 1.195534e-05, 1.224693e-04, 0, 8.441167e-02, 2.915936e-05, 1.166374e-06, 0.459810, 2.789592e-03, 0.000000e+00, 0.000000, 3.000000e-01, 0, 0.459810, 2.789592e-03 
4.138093e+00, 8.385123e-02, 1.370490e-05, 1.574605e-04, 0, 8.364099e-02, 3.790716e-05, 1.166374e-06, 0.424126, 3.048680e-03, 0.000000e+00, 0.000000, 3.000000e-01, 0, 0.424126, 3.048680e-03 
4.223129e+00, 8.503568e-02, 9.330994e-06, 1.659167e-04, 0, 8.483186e-02, 2.740979e-05, 1.166374e-06, 0.478671, 2.905913e-03, 0.000000e+00, 0.000000, 3.000000e-01, 0, 0.478671, 2.905913e-03 
4.304917e+00, 8.178762e-02, 1.137215e-05, 1.522118e-04, 0, 8.159896e-02, 2.420227e-05, 8.747807e-07, 0.511551, 2.454100e-03, 0.000000e+00, 0.000000, 3.000000e-01, 0, 0.511551, 2.454100e-03 
4.386929e+00, 8.201273e-02, 9.330994e-06, 1.242189e-04, 0, 8.185090e-02, 2.361908e-05, 4.665497e-06, 0.409243, 3.175187e-03, 0.000000e+00, 0.000000, 3.000000e-01, 0, 0.409243, 3.175187e-03 
4.467424e+00, 8.049469e-02, 1.253852e-05, 1.215945e-04, 0, 8.033199e-02, 2.799298e-05, 5.831871e-07, 0.466303, 3.202646e-03, 0.000000e+00, 0.000000, 3.000000e-01, 0, 0.466303, 3.202646e-03 
4.546117e+00, 7.869265e-02, 1.137215e-05, 1.428808e-04, 0, 7.851302e-02, 2.449386e-05, 8.747807e-07, 0.500968, 3.089049e-03, 0.000000e+00, 0.000000, 3.000000e-01, 0, 0.500968, 3.089049e-03 
4.625357e+00, 7.924026e-02, 1.078896e-05, 1.253852e-04, 0, 7.907522e-02, 2.770139e-05, 1.166374e-06, 0.458174, 3.109425e-03, 0.000000e+00, 0.000000, 3.000000e-01, 0, 0.458174, 3.109425e-03 
4.706891e+00, 8.153364e-02, 1.078896e-05, 1.198450e-04, 0, 8.137531e-02, 2.682661e-05, 8.747807e-07, 0.533951, 2.333308e-03, 0.000000e+00, 0.000000, 3.000000e-01, 0, 0.533951, 2.333308e-03 
4.785296e+00, 7.840484e-02, 1.166374e-05, 1.446304e-04, 0, 7.821531e-02, 3.207529e-05, 1.166374e-06, 0.376743, 3.350178e-03, 0.000000e+00, 0.000000, 3.000000e-01, 0, 0.376743, 3.350178e-03 
4.863910e+00, 7.861450e-02, 1.078896e-05, 1.469632e-04, 0, 7.842934e-02, 2.624342e-05, 1.166374e-06, 0.574345, 2.519349e-03, 0.000000e+00, 0.000000, 3.000000e-01, 0, 0.574345, 2.519349e-03 
4.946153e+00, 8.224280e-02, 1.545446e-05, 1.460884e-04, 0, 8.205589e-02, 2.449386e-05, 8.747807e-07, 0.499592, 2.334660e-03, 0.000000e+00, 0.000000, 3.000000e-01, 0, 0.499592, 2.334660e-03 
5.027286e+00, 8.113328e-02, 1.020577e-05, 1.236357e-04, 0, 8.095046e-02, 4.811294e-05, 8.747807e-07, 0.459998, 2.802324e-03, 0.000000e+00, 0.000000, 3.000000e-01, 0, 0.459998, 2.802324e-03 
5.107572e+00, 8.028591e-02, 1.195534e-05, 1.525034e-04, 0, 8.009288e-02, 2.770139e-05, 8.747807e-07, 0.370665, 3.147288e-03, 0.000000e+00, 0.000000, 3.000000e-01, 0, 0.370665, 3.147288e-03 
5.187816e+00, 8.024363e-02, 1.078896e-05, 1.571689e-04, 0, 8.004564e-02, 2.886776e-05, 1.166374e-06, 0.437505, 3.551282e-03, 0.000000e+00, 0.000000, 3.000000e-01, 0, 0.437505, 3.551282e-03 
5.265562e+00, 7.774672e-02, 9.914181e-06, 1.446304e-04, 0, 7.756739e-02, 2.361908e-05, 1.166374e-06, 0.554592, 2.498718e-03, 0.000000e+00, 0.000000, 3.000000e-01, 0, 0.554592, 2.498718e-03 
5.346312e+00, 8.074955e-02, 1.020577e-05, 1.172206e-04, 0, 8.059792e-02, 2.332748e-05, 8.747807e-07, 0.501262, 2.245802e-03, 0.000000e+00, 0.000000, 3.000000e-01, 0, 0.501262, 2.245802e-03 
5.427608e+00, 8.129629e-02, 1.020577e-05, 1.204281e-04, 0, 8.113795e-02, 2.624342e-05, 1.457968e-06, 0.379334, 3.134241e-03, 0.000000e+00, 0.000000, 3.000000e-01, 0, 0.379334, 3.134241e-03 
5.509233e+00, 8.162520e-02, 1.224693e-05, 1.332583e-04, 0, 8.145287e-02, 2.566023e-05, 1.166374e-06, 0.513224, 2.777936e-03, 0.000000e+00, 0.000000, 3.000000e-01, 0, 0.513224, 2.777936e-03 
5.587752e+00, 7.851827e-02, 1.108056e-05, 1.434640e-04, 0, 7.833953e-02, 2.332748e-05, 8.747807e-07, 0.502433, 2.679952e-03, 0.000000e+00, 0.000000, 3.000000e-01, 0, 0.502433, 2.679952e-03 
5.664473e+00, 7.672177e-02, 9.330994e-06, 1.402565e-04, 0, 7.654039e-02, 3.061732e-05, 1.166374e-06, 0.499266, 2.269210e-03, 0.000000e+00, 0.000000, 3.000000e-01, 0, 0.499266, 2.269210e-03 
5.743829e+00, 7.935573e-02, 9.330994e-06, 1.160542e-04, 0, 7.920177e-02, 2.770139e-05, 8.747807e-07, 0.440947, 2.696869e-03, 0.000000e+00, 0.000000, 3.000000e-01, 0, 0.440947, 2.696869e-03 
5.822129e+00, 7.829987e-02, 1.137215e-05, 1.148879e-04, 0, 7.814766e-02, 2.478545e-05, 1.166374e-06, 0.555405, 1.861386e-03, 0.000000e+00, 0.000000, 3.000000e-01, 0, 0.555405, 1.861386e-03 
5.903302e+00, 8.117323e-02, 9.914181e-06, 1.268432e-04, 0, 8.100003e-02, 3.557441e-05, 8.747807e-07, 0.494577, 1.976660e-03, 0.000000e+00, 0.000000, 3.000000e-01, 0, 0.494577, 1.976660e-03 
5.988455e+00, 8.515261e-02, 1.049737e-05, 1.230525e-04, 0, 8.499019e-02, 2.740979e-05, 1.457968e-06, 0.504663, 1.820708e-03, 0.000000e+00, 0.000000, 3.000000e-01, 0, 0.504663, 1.820708e-03 
6.069884e+00, 8.142925e-02, 9.622588e-06, 1.315087e-04, 0, 8.125605e-02, 3.120051e-05, 8.747807e-07, 0.432916, 2.520249e-03, 0.000000e+00, 0.000000, 3.000000e-01, 0, 0.432916, 2.520249e-03 
6.149313e+00, 7.942834e-02, 1.020577e-05, 1.425893e-04, 0, 7.924638e-02, 2.828458e-05, 8.747807e-07, 0.350339, 3.064377e-03, 0.000000e+00, 0.000000, 3.000000e-01, 0, 0.350339, 3.064377e-03 
6.230286e+00, 8.097320e-02, 9.914181e-06, 1.452136e-04, 0, 8.079183e-02, 2.536864e-05, 8.747807e-07, 0.501689, 2.883984e-03, 0.000000e+00, 0.000000, 3.000000e-01, 0, 0.501689, 2.883984e-03 
6.310131e+00, 7.984532e-02, 9.039400e-06, 1.323835e-04, 0, 7.967182e-02, 3.090892e-05, 1.166374e-06, 0.475422, 2.823703e-03, 0.000000e+00, 0.000000, 3.000000e-01, 0, 0.475422, 2.823703e-03 
6.390569e+00, 8.043783e-02, 1.166374e-05, 1.271348e-04, 0, 8.027542e-02, 2.245270e-05, 1.166374e-06, 0.526511, 1.970004e-03, 0.000000e+00, 0.000000, 3.000000e-01, 0, 0.526511, 1.970004e-03 
6.472755e+00, 8.218652e-02, 1.049737e-05, 1.408397e-04, 0, 8.200836e-02, 2.566023e-05, 1.166374e-06, 0.492991, 2.266930e-03, 0.000000e+00, 0.000000, 3.000000e-01, 0, 0.492991, 2.266930e-03 
6.552989e+00, 8.023401e-02, 1.166374e-05, 1.207197e-04, 0, 8.006838e-02, 3.178370e-05, 1.457968e-06, 0.491306, 1.944151e-03, 0.000000e+00, 0.000000, 3.000000e-01, 0, 0.491306, 1.944151e-03 
6.633679e+00, 8.068977e-02, 1.020577e-05, 1.414229e-04, 0, 8.050811e-02, 2.886776e-05, 1.166374e-06, 0.443245, 2.422515e-03, 0.000000e+00, 0.000000, 3.000000e-01, 0, 0.443245, 2.422515e-03 
6.711627e+00, 7.794733e-02, 1.049737e-05, 1.440472e-04, 0, 7.776654e-02, 2.536864e-05, 8.747807e-07, 0.509926, 2.261434e-03, 0.000000e+00, 0.000000, 3.000000e-01, 0, 0.509926, 2.261434e-03 
6.789272e+00, 7.764524e-02, 9.622588e-06, 1.221777e-04, 0, 7.748836e-02, 2.391067e-05, 1.166374e-06, 0.447963, 2.388584e-03, 0.000000e+00, 0.000000, 3.000000e-01, 0, 0.447963, 2.388584e-03 
6.870271e+00, 8.099886e-02, 1.078896e-05, 1.248020e-04, 0, 8.084023e-02, 2.216111e-05, 8.747807e-07, 0.461364, 2.521511e-03, 0.000000e+00, 0.000000, 3.000000e-01, 0, 0.461364, 2.521511e-03 
6.949620e+00, 7.934961e-02, 1.078896e-05, 1.469632e-04, 0, 7.916678e-02, 2.361908e-05, 1.457968e-06, 0.374200, 3.307917e-03, 0.000000e+00, 0.000000, 3.000000e-01, 0, 0.374200, 3.307917e-03 
7.029534e+00, 7.991384e-02, 1.108056e-05, 1.265516e-04, 0, 7.975055e-02, 2.478545e-05, 8.747807e-07, 0.500940, 3.016253e-03, 0.000000e+00, 0.000000, 3.000000e-01, 0, 0.500940, 3.016253e-03 
7.108468e+00, 7.893438e-02, 1.020577e-05, 1.271348e-04, 0, 7.876963e-02, 2.653501e-05, 8.747807e-07, 0.536418, 2.454218e-03, 0.000000e+00, 0.000000, 3.000000e-01, 0, 0.536418, 2.454218e-03 
7.188483e+00, 8.001415e-02, 9.914181e-06, 1.210113e-04, 0, 7.985406e-02, 2.799298e-05, 1.166374e-06, 0.495651, 2.442625e-03, 0.000000e+00, 0.000000, 3.000000e-01, 0, 0.495651, 2.442625e-03 
7.268085e+00, 7.960271e-02, 1.078896e-05, 1.452136e-04, 0, 7.941696e-02, 2.857617e-05, 1.166374e-06, 0.376689, 3.215899e-03, 0.000000e+00, 0.000000, 3.000000e-01, 0, 0.376689, 3.215899e-03 
7.347183e+00, 7.909796e-02, 1.195534e-05, 1.571689e-04, 0, 7.890318e-02, 2.449386e-05, 1.166374e-06, 0.499121, 2.880387e-03, 0.000000e+00, 0.000000, 3.000000e-01, 0, 0.499121, 2.880387e-03 
7.427398e+00, 8.021476e-02, 9.330994e-06, 1.245105e-04, 0, 8.005672e-02, 2.332748e-05, 8.747807e-07, 0.467474, 2.988969e-03, 0.000000e+00, 0.000000, 3.000000e-01, 0, 0.467474, 2.988969e-03 
7.508156e+00, 8.075829e-02, 9.330994e-06, 1.239273e-04, 0, 8.059938e-02, 2.420227e-05, 1.457968e-06, 0.541083, 1.989768e-03, 0.000000e+00, 0.000000, 3.000000e-01, 0, 0.541083, 1.989768e-03 
7.587259e+00, 7.910263e-02, 1.108056e-05, 1.224693e-04, 0, 7.892505e-02, 4.286425e-05, 1.166374e-06, 0.455520, 2.538518e-03, 0.000000e+00, 0.000000, 3.000000e-01, 0, 0.455520, 2.538518e-03 
7.664934e+00, 7.767528e-02, 1.078896e-05, 1.755393e-04, 0, 7.746270e-02, 2.507705e-05, 1.166374e-06, 0.489569, 2.224618e-03, 0.000000e+00, 0.000000, 3.000000e-01, 0, 0.489569, 2.224618e-03 
7.744839e+00, 7.990480e-02, 1.253852e-05, 1.201365e-04, 0, 7.974676e-02, 2.449386e-05, 8.747807e-07, 0.483977, 2.103977e-03, 0.000000e+00, 0.000000, 3.000000e-01, 0, 0.483977, 2.103977e-03 
7.822217e+00, 7.737785e-02, 9.330994e-06, 1.425893e-04, 0, 7.720027e-02, 2.449386e-05, 1.166374e-06, 0.435413, 2.852379e-03, 0.000000e+00, 0.000000, 3.000000e-01, 0, 0.435413, 2.852379e-03 
7.901529e+00, 7.931170e-02, 1.108056e-05, 1.198450e-04, 0, 7.915541e-02, 2.420227e-05, 1.166374e-06, 0.552745, 1.776720e-03, 0.000000e+00, 0.000000, 3.000000e-01, 0, 0.552745, 1.776720e-03 
7.982604e+00, 8.107584e-02, 1.020577e-05, 1.277180e-04, 0, 8.091138e-02, 2.536864e-05, 1.166374e-06, 0.490430, 1.853537e-03, 0.000000e+00, 0.000000, 3.000000e-01, 0, 0.490430, 1.853537e-03 
8.060900e+00, 7.829520e-02, 9.039400e-06, 1.221777e-04, 0, 7.813424e-02, 2.653501e-05, 3.207529e-06, 0.512336, 1.703055e-03, 0.000000e+00, 0.000000, 3.000000e-01, 0, 0.512336, 1.703055e-03 
8.141620e+00, 8.072039e-02, 1.428808e-05, 1.921602e-04, 0, 8.048332e-02, 2.974254e-05, 8.747807e-07, 0.431046, 2.467892e-03, 0.000000e+00, 0.000000, 3.000000e-01, 0, 0.431046, 2.467892e-03 
8.219501e+00, 7.788114e-02, 1.195534e-05, 1.481295e-04, 0, 7.769569e-02, 2.449386e-05, 8.747807e-07, 0.484856, 2.246876e-03, 0.000000e+00, 0.000000, 3.000000e-01, 0, 0.484856, 2.246876e-03 
8.299556e+00, 8.005497e-02, 1.137215e-05, 1.233441e-04, 0, 7.989110e-02, 2.799298e-05, 1.166374e-06, 0.510981, 1.773394e-03, 0.000000e+00, 0.000000, 3.000000e-01, 0, 0.510981, 1.773394e-03 
8.377838e+00, 7.828237e-02, 1.020577e-05, 1.422977e-04, 0, 7.810509e-02, 2.391067e-05, 8.747807e-07, 0.510394, 1.874993e-03, 0.000000e+00, 0.000000, 3.000000e-01, 0, 0.510394, 1.874993e-03 
8.461170e+00, 8.333132e-02, 1.020577e-05, 1.245105e-04, 0, 8.317240e-02, 2.332748e-05, 8.747807e-07, 0.466629, 2.014568e-03, 0.000000e+00, 0.000000, 3.000000e-01, 0, 0.466629, 2.014568e-03 
8.544864e+00, 8.369377e-02, 1.108056e-05, 1.268432e-04, 0, 8.353135e-02, 2.361908e-05, 8.747807e-07, 0.473471, 1.951897e-03, 0.000000e+00, 0.000000, 3.000000e-01, 0, 0.473471, 1.951897e-03 
8.626781e+00, 8.191738e-02, 1.078896e-05, 1.259684e-04, 0, 8.175584e-02, 2.391067e-05, 8.747807e-07, 0.437470, 2.535162e-03, 0.000000e+00, 0.000000, 3.000000e-01, 0, 0.437470, 2.535162e-03 
8.708882e+00, 8.210079e-02, 1.108056e-05, 1.236357e-04, 0, 8.193604e-02, 2.915936e-05, 8.747807e-07, 0.494476, 1.951020e-03, 0.000000e+00, 0.000000, 3.000000e-01, 0, 0.494476, 1.951020e-03 
8.792869e+00, 8.398740e-02, 1.195534e-05, 1.207197e-04, 0, 8.382615e-02, 2.770139e-05, 8.747807e-07, 0.429851, 2.685504e-03, 0.000000e+00, 0.000000, 3.000000e-01, 0, 0.429851, 2.685504e-03 
8.871843e+00, 7.897403e-02, 1.020577e-05, 1.586269e-04, 0, 7.877721e-02, 2.682661e-05, 1.166374e-06, 0.460576, 2.722167e-03, 0.000000e+00, 0.000000, 3.000000e-01, 0, 0.460576, 2.722167e-03 
8.949784e+00, 7.794063e-02, 9.622588e-06, 1.370490e-04, 0, 7.776917e-02, 2.332748e-05, 1.457968e-06, 0.495294, 2.379136e-03, 0.000000e+00, 0.000000, 3.000000e-01, 0, 0.495294, 2.379136e-03 
9.032302e+00, 8.251806e-02, 1.166374e-05, 1.119719e-04, 0, 8.237110e-02, 2.274430e-05, 5.831871e-07, 0.392801, 3.108499e-03, 0.000000e+00, 0.000000, 3.000000e-01, 0, 0.392801, 3.108499e-03 
9.111282e+00, 7.898045e-02, 1.137215e-05, 1.323835e-04, 0, 7.881249e-02, 2.303589e-05, 1.166374e-06, 0.503875, 2.697965e-03, 0.000000e+00, 0.000000, 3.000000e-01, 0, 0.503875, 2.697965e-03 
9.191598e+00, 8.031536e-02, 1.049737e-05, 1.283012e-04, 0, 8.015178e-02, 2.391067e-05, 8.747807e-07, 0.526959, 2.075375e-03, 0.000000e+00, 0.000000, 3.000000e-01, 0, 0.526959, 2.075375e-03 
9.273172e+00, 8.157388e-02, 9.914181e-06, 1.253852e-04, 0, 8.141176e-02, 2.566023e-05, 1.166374e-06, 0.509481, 2.142093e-03, 0.000000e+00, 0.000000, 3.000000e-01, 0, 0.509481, 2.142093e-03 
9.352711e+00, 7.953914e-02, 1.399649e-05, 1.921602e-04, 0, 7.930820e-02, 2.391067e-05, 8.747807e-07, 0.464251, 2.415791e-03, 0.000000e+00, 0.000000, 3.000000e-01, 0, 0.464251, 2.415791e-03 
9.432400e+00, 7.968902e-02, 9.330994e-06, 1.239273e-04, 0, 7.953185e-02, 2.303589e-05, 8.747807e-07, 0.455762, 2.718329e-03, 0.000000e+00, 0.000000, 3.000000e-01, 0, 0.455762, 2.718329e-03 
9.513556e+00, 8.115632e-02, 1.195534e-05, 1.248020e-04, 0, 8.098807e-02, 3.032573e-05, 1.166374e-06, 0.517557, 1.742687e-03, 0.000000e+00, 0.000000, 3.000000e-01, 0, 0.517557, 1.742687e-03 
9.592150e+00, 7.859350e-02, 1.108056e-05, 1.382153e-04, 0, 7.840863e-02, 3.469963e-05, 8.747807e-07, 0.475294, 2.318218e-03, 0.000000e+00, 0.000000, 3.000000e-01, 0, 0.475294, 2.318218e-03 
9.670638e+00, 7.848853e-02, 1.224693e-05, 1.554194e-04, 0, 7.829170e-02, 2.799298e-05, 1.166374e-06, 0.408715, 2.905115e-03, 0.000000e+00, 0.000000, 3.000000e-01, 0, 0.408715, 2.905115e-03 
9.751442e+00, 8.080378e-02, 1.166374e-05, 1.420061e-04, 0, 8.062445e-02, 2.478545e-05, 8.747807e-07, 0.480720, 2.774428e-03, 0.000000e+00, 0.000000, 3.000000e-01, 0, 0.480720, 2.774428e-03 
9.834357e+00, 8.291492e-02, 1.078896e-05, 1.233441e-04, 0, 8.275105e-02, 2.828458e-05, 1.457968e-06, 0.468215, 2.607119e-03, 0.000000e+00, 0.000000, 3.000000e-01, 0, 0.468215, 2.607119e-03 
9.915700e+00, 8.134323e-02, 9.622588e-06, 1.204281e-04, 0, 8.118635e-02, 2.566023e-05, 1.166374e-06, 0.383707, 3.261358e-03, 0.000000e+00, 0.000000, 3.000000e-01, 0, 0.383707, 3.261358e-03 
9.995456e+00, 7.975609e-02, 9.330994e-06, 1.215945e-04, 0, 7.959513e-02, 2.886776e-05, 1.166374e-06, 0.458211, 3.348796e-03, 0.000000e+00, 0.000000, 3.000000e-01, 0, 0.458211, 3.348796e-03 
1.007507e+01, 7.961729e-02, 1.049737e-05, 1.224693e-04, 0, 7.945837e-02, 2.478545e-05, 1.166374e-06, 0.550224, 2.252891e-03, 0.000000e+00, 0.000000, 3.000000e-01, 0, 0.550224, 2.252891e-03 
1.015637e+01, 8.129774e-02, 9.914181e-06, 1.248020e-04, 0, 8.113941e-02, 2.274430e-05, 8.747807e-07, 0.503137, 2.084437e-03, 0.000000e+00, 0.000000, 3.000000e-01, 0, 0.503137, 2.084437e-03 
1.023726e+01, 8.088630e-02, 1.457968e-05, 1.248020e-04, 0, 8.071660e-02, 2.945095e-05, 8.747807e-07, 0.509773, 1.979659e-03, 0.000000e+00, 0.000000, 3.000000e-01, 0, 0.509773, 1.979659e-03 
1.033608e+01, 9.882718e-02, 1.078896e-05, 1.347162e-04, 0, 9.864873e-02, 3.149210e-05, 1.457968e-06, 0.405017, 2.905136e-03, 0.000000e+00, 0.000000, 3.000000e-01, 0, 0.405017, 2.905136e-03 
1.041757e+01, 8.148815e-02, 1.108056e-05, 1.291759e-04, 0, 8.131845e-02, 2.828458e-05, 1.166374e-06, 0.465556, 2.729566e-03, 0.000000e+00, 0.000000, 3.000000e-01, 0, 0.465556, 2.729566e-03 
1.049778e+01, 8.021185e-02, 1.049737e-05, 1.367574e-04, 0, 8.003864e-02, 2.507705e-05, 8.747807e-07, 0.503407, 2.486878e-03, 0.000000e+00, 0.000000, 3.000000e-01, 0, 0.503407, 2.486878e-03 
1.057719e+01, 7.940501e-02, 1.049737e-05, 1.265516e-04, 0, 7.923763e-02, 2.915936e-05, 1.166374e-06, 0.376833, 3.212008e-03, 0.000000e+00, 0.000000, 3.000000e-01, 0, 0.376833, 3.212008e-03 
1.065458e+01, 7.739389e-02, 1.078896e-05, 1.586269e-04, 0, 7.719940e-02, 2.420227e-05, 8.747807e-07, 0.557647, 2.324995e-03, 0.000000e+00, 0.000000, 3.000000e-01, 0, 0.557647, 2.324995e-03 
1.073284e+01, 7.825380e-02, 9.914181e-06, 1.157626e-04, 0, 7.810188e-02, 2.507705e-05, 1.166374e-06, 0.503045, 2.015482e-03, 0.000000e+00, 0.000000, 3.000000e-01, 0, 0.503045, 2.015482e-03 
1.081092e+01, 7.808642e-02, 1.020577e-05, 1.198450e-04, 0, 7.792780e-02, 2.740979e-05, 1.166374e-06, 0.483176, 2.309156e-03, 0.000000e+00, 0.000000, 3.000000e-01, 0, 0.483176, 2.309156e-03 
1.089371e+01, 8.278924e-02, 1.137215e-05, 1.472547e-04, 0, 8.260583e-02, 2.391067e-05, 8.747807e-07, 0.499330, 2.160516e-03, 0.000000e+00, 0.000000, 3.000000e-01, 0, 0.499330, 2.160516e-03 
1.097451e+01, 8.079708e-02, 1.108056e-05, 1.227609e-04, 0, 8.063874e-02, 2.361908e-05, 8.747807e-07, 0.451358, 2.384255e-03, 0.000000e+00, 0.000000, 3.000000e-01, 0, 0.451358, 2.384255e-03 
1.105531e+01, 8.079795e-02, 9.622588e-06, 1.218861e-04, 0, 8.063583e-02, 2.945095e-05, 1.166374e-06, 0.441387, 2.565621e-03, 0.000000e+00, 0.000000, 3.000000e-01, 0, 0.441387, 2.565621e-03 
1.113476e+01, 7.944933e-02, 9.914181e-06, 1.414229e-04, 0, 7.927350e-02, 2.332748e-05, 1.166374e-06, 0.510547, 2.277763e-03, 0.000000e+00, 0.000000, 3.000000e-01, 0, 0.510547, 2.277763e-03 
1.121263e+01, 7.787414e-02, 9.622588e-06, 1.204281e-04, 0, 7.769540e-02, 4.723816e-05, 1.457968e-06, 0.518447, 1.697734e-03, 0.000000e+00, 0.000000, 3.000000e-01, 0, 0.518447, 1.697734e-03 
1.129106e+01, 7.842846e-02, 1.078896e-05, 1.431724e-04, 0, 7.824767e-02, 2.595183e-05, 8.747807e-07, 0.417727, 2.717728e-03, 0.000000e+00, 0.000000, 3.000000e-01, 0, 0.417727, 2.717728e-03 
1.137399e+01, 8.293300e-02, 1.982836e-05, 1.781637e-04, 0, 8.271139e-02, 2.245270e-05, 1.166374e-06, 0.483346, 2.298410e-03, 0.000000e+00, 0.000000, 3.000000e-01, 0, 0.483346, 2.298410e-03 
1.145381e+01, 7.981528e-02, 1.108056e-05, 1.245105e-04, 0, 7.965199e-02, 2.682661e-05, 8.747807e-07, 0.512105, 2.418778e-03, 0.000000e+00, 0.000000, 3.000000e-01, 0, 0.512105, 2.418778e-03 
1.153353e+01, 7.971760e-02, 1.195534e-05, 1.425893e-04, 0, 7.953652e-02, 2.536864e-05, 1.166374e-06, 0.519451, 1.601799e-03, 0.000000e+00, 0.000000, 3.000000e-01, 0, 0.519451, 1.601799e-03 
1.161252e+01, 7.899065e-02, 1.078896e-05, 1.259684e-04, 0, 7.882911e-02, 2.391067e-05, 8.747807e-07, 0.437463, 2.497764e-03, 0.000000e+00, 0.000000, 3.000000e-01, 0, 0.437463, 2.497764e-03 
1.169106e+01, 7.854772e-02, 9.330994e-06, 1.230525e-04, 0, 7.839085e-02, 2.361908e-05, 8.747807e-07, 0.486193, 2.022085e-03, 0.000000e+00, 0.000000, 3.000000e-01, 0, 0.486193, 2.022085e-03 
1.177092e+01, 7.985990e-02, 9.622588e-06, 1.248020e-04, 0, 7.968990e-02, 3.440804e-05, 1.166374e-06, 0.479846, 2.026264e-03, 0.000000e+00, 0.000000, 3.000000e-01, 0, 0.479846, 2.026264e-03 
1.185118e+01, 8.026084e-02, 1.020577e-05, 1.242189e-04, 0, 8.009754e-02, 2.770139e-05, 1.166374e-06, 0.436529, 2.811070e-03, 0.000000e+00, 0.000000, 3.000000e-01, 0, 0.436529, 2.811070e-03 
1.193226e+01, 8.107759e-02, 1.370490e-05, 1.449220e-04, 0, 8.089010e-02, 2.770139e-05, 1.166374e-06, 0.503042, 2.187540e-03, 0.000000e+00, 0.000000, 3.000000e-01, 0, 0.503042, 2.187540e-03 
1.201195e+01, 7.969106e-02, 1.166374e-05, 1.376322e-04, 0, 7.951552e-02, 2.507705e-05, 1.166374e-06, 0.429616, 2.829423e-03, 0.000000e+00, 0.000000, 3.000000e-01, 0, 0.429616, 2.829423e-03 
1.209218e+01, 8.022934e-02, 9.622588e-06, 1.428808e-04, 0, 8.005293e-02, 2.274430e-05, 1.166374e-06, 0.402551, 3.303911e-03, 0.000000e+00, 0.000000, 3.000000e-01, 0, 0.402551, 3.303911e-03 
1.217225e+01, 8.007013e-02, 1.283012e-05, 1.606681e-04, 0, 7.986427e-02, 3.149210e-05, 8.747807e-07, 0.545238, 2.664020e-03, 0.000000e+00, 0.000000, 3.000000e-01, 0, 0.545238, 2.664020e-03 
1.225126e+01, 7.900378e-02, 1.137215e-05, 1.717486e-04, 0, 7.879004e-02, 2.915936e-05, 1.457968e-06, 0.339823, 3.401831e-03, 0.000000e+00, 0.000000, 3.000000e-01, 0, 0.339823, 3.401831e-03 
1.232881e+01, 7.755106e-02, 9.622588e-06, 1.414229e-04, 0, 7.736969e-02, 2.915936e-05, 1.166374e-06, 0.553163, 3.072931e-03, 0.000000e+00, 0.000000, 3.000000e-01, 0, 0.553163, 3.072931e-03 
1.240697e+01, 7.816224e-02, 9.914181e-06, 1.574605e-04, 0, 7.796862e-02, 2.536864e-05, 8.747807e-07, 0.283691, 3.813782e-03, 0.000000e+00, 0.000000, 3.000000e-01, 0, 0.283691, 3.813782e-03 
1.248619e+01, 7.921606e-02, 1.020577e-05, 1.248020e-04, 0, 7.905626e-02, 2.361908e-05, 1.166374e-06, 0.208318, 2.929260e-03, 0.000000e+00, 0.000000, 3.000000e-01, 0, 0.208318, 2.929260e-03 
1.256376e+01, 7.757264e-02, 1.137215e-05, 1.221777e-04, 0, 7.741517e-02, 2.303589e-05, 8.747807e-07, 0.690045, 3.932532e-03, 0.000000e+00, 0.000000, 3.000000e-01, 0, 0.690045, 3.932532e-03 
1.264293e+01, 7.917494e-02, 1.108056e-05, 1.250936e-04, 0, 7.901048e-02, 2.711820e-05, 1.166374e-06, 0.528224, 3.561934e-03, 0.000000e+00, 0.000000, 3.000000e-01, 0, 0.528224, 3.561934e-03 
1.272066e+01, 7.772747e-02, 9.622588e-06, 1.880778e-04, 0, 7.750411e-02, 2.478545e-05, 8.747807e-07, 0.421330, 3.622055e-03, 0.000000e+00, 0.000000, 3.000000e-01, 0, 0.421330, 3.622055e-03 
1.279957e+01, 7.891076e-02, 1.049737e-05, 1.277180e-04, 0, 7.874105e-02, 3.003414e-05, 1.457968e-06, 0.531085, 3.107144e-03, 0.000000e+00, 0.000000, 3.000000e-01, 0, 0.531085, 3.107144e-03 
1.288089e+01, 8.132224e-02, 9.330994e-06, 1.516287e-04, 0, 8.113358e-02, 2.682661e-05, 8.747807e-07, 0.532684, 2.485813e-03, 0.000000e+00, 0.000000, 3.000000e-01, 0, 0.532684, 2.485813e-03 
1.295853e+01, 7.763300e-02, 1.020577e-05, 1.408397e-04, 0, 7.745396e-02, 2.711820e-05, 8.747807e-07, 0.433565, 3.002357e-03, 0.000000e+00, 0.000000, 3.000000e-01, 0, 0.433565, 3.002357e-03 
1.303622e+01, 7.769131e-02, 1.078896e-05, 1.592101e-04, 0, 7.749332e-02, 2.682661e-05, 1.166374e-06, 0.471034, 2.827916e-03, 0.000000e+00, 0.000000, 3.000000e-01, 0, 0.471034, 2.827916e-03 
1.311341e+01, 7.718744e-02, 1.283012e-05, 1.169290e-04, 0, 7.702881e-02, 2.799298e-05, 8.747807e-07, 0.524654, 2.074204e-03, 0.000000e+00, 0.000000, 3.000000e-01, 0, 0.524654, 2.074204e-03 
1.319445e+01, 8.103910e-02, 1.283012e-05, 1.215945e-04, 0, 8.087901e-02, 2.478545e-05, 8.747807e-07, 0.508321, 1.947360e-03, 0.000000e+00, 0.000000, 3.000000e-01, 0, 0.508321, 1.947360e-03 
1.327350e+01, 7.905160e-02, 1.137215e-05, 1.230525e-04, 0, 7.889210e-02, 2.420227e-05, 8.747807e-07, 0.506745, 1.577206e-03, 0.000000e+00, 0.000000, 3.000000e-01, 0, 0.506745, 1.577206e-03 
1.335309e+01, 7.959396e-02, 1.020577e-05, 1.213029e-04, 0, 7.943796e-02, 2.361908e-05, 8.747807e-07, 0.416878, 2.756392e-03, 0.000000e+00, 0.000000, 3.000000e-01, 0, 0.416878, 2.756392e-03 
1.343201e+01, 7.891863e-02, 1.137215e-05, 1.192618e-04, 0, 7.876088e-02, 2.566023e-05, 1.457968e-06, 0.547587, 2.044602e-03, 0.000000e+00, 0.000000, 3.000000e-01, 0, 0.547587, 2.044602e-03 
1.351014e+01, 7.813104e-02, 9.914181e-06, 1.242189e-04, 0, 7.797066e-02, 2.536864e-05, 8.747807e-07, 0.504788, 1.945417e-03, 0.000000e+00, 0.000000, 3.000000e-01, 0, 0.504788, 1.945417e-03 
1.358845e+01, 7.830483e-02, 9.330994e-06, 1.253852e-04, 0, 7.814707e-02, 2.186952e-05, 1.166374e-06, 0.452387, 2.434389e-03, 0.000000e+00, 0.000000, 3.000000e-01, 0, 0.452387, 2.434389e-03 
1.366865e+01, 8.020223e-02, 1.370490e-05, 1.283012e-04, 0, 8.003573e-02, 2.361908e-05, 8.747807e-07, 0.477093, 2.151405e-03, 0.000000e+00, 0.000000, 3.000000e-01, 0, 0.477093, 2.151405e-03 
1.374958e+01, 8.093413e-02, 1.195534e-05, 1.250936e-04, 0, 8.076792e-02, 2.828458e-05, 8.747807e-07, 0.488591, 2.087022e-03, 0.000000e+00, 0.000000, 3.000000e-01, 0, 0.488591, 2.087022e-03 
1.382713e+01, 7.754697e-02, 1.108056e-05, 1.525034e-04, 0, 7.735423e-02, 2.770139e-05, 1.457968e-06, 0.416198, 2.824941e-03, 0.000000e+00, 0.000000, 3.000000e-01, 0, 0.416198, 2.824941e-03 
1.390484e+01, 7.770939e-02, 1.049737e-05, 1.437556e-04, 0, 7.753006e-02, 2.420227e-05, 8.747807e-07, 0.319065, 3.758850e-03, 0.000000e+00, 0.000000, 3.000000e-01, 0, 0.319065, 3.758850e-03 
1.398525e+01, 8.040780e-02, 1.020577e-05, 1.236357e-04, 0, 8.024742e-02, 2.595183e-05, 5.831871e-07, 0.577690, 2.993092e-03, 0.000000e+00, 0.000000, 3.000000e-01, 0, 0.577690, 2.993092e-03 
1.406277e+01, 7.752248e-02, 9.914181e-06, 1.457968e-04, 0, 7.734198e-02, 2.391067e-05, 8.747807e-07, 0.277150, 3.770324e-03, 0.000000e+00, 0.000000, 3.000000e-01, 0, 0.277150, 3.770324e-03 
1.414367e+01, 8.090584e-02, 1.166374e-05, 1.236357e-04, 0, 8.074138e-02, 2.828458e-05, 8.747807e-07, 0.556536, 3.867656e-03, 0.000000e+00, 0.000000, 3.000000e-01, 0, 0.556536, 3.867656e-03 
1.422224e+01, 7.856260e-02, 9.330994e-06, 1.956593e-04, 0, 7.833107e-02, 2.566023e-05, 8.747807e-07, 0.505368, 3.193151e-03, 0.000000e+00, 0.000000, 3.000000e-01, 0, 0.505368, 3.193151e-03 
1.430461e+01, 8.237781e-02, 1.049737e-05, 1.341330e-04, 0, 8.220897e-02, 2.332748e-05, 8.747807e-07, 0.297947, 3.960272e-03, 0.000000e+00, 0.000000, 3.000000e-01, 0, 0.297947, 3.960272e-03 
1.438569e+01, 8.107322e-02, 9.330994e-06, 1.323835e-04, 0, 8.090526e-02, 2.478545e-05, 1.457968e-06, 0.581416, 3.438385e-03, 0.000000e+00, 0.000000, 3.000000e-01, 0, 0.581416, 3.438385e-03 
1.446217e+01, 7.648470e-02, 1.078896e-05, 1.169290e-04, 0, 7.632986e-02, 2.624342e-05, 8.747807e-07, 0.477428, 3.357875e-03, 0.000000e+00, 0.000000, 3.000000e-01, 0, 0.477428, 3.357875e-03 
1.454095e+01, 7.878042e-02, 1.020577e-05, 1.414229e-04, 0, 7.859409e-02, 3.382485e-05, 8.747807e-07, 0.314025, 3.762941e-03, 0.000000e+00, 0.000000, 3.000000e-01, 0, 0.314025, 3.762941e-03 
1.461913e+01, 7.817536e-02, 1.166374e-05, 1.215945e-04, 0, 7.801644e-02, 2.449386e-05, 1.166374e-06, 0.544304, 3.768298e-03, 0.000000e+00, 0.000000, 3.000000e-01, 0, 0.544304, 3.768298e-03 
1.469840e+01, 7.926971e-02, 9.622588e-06, 1.283012e-04, 0, 7.910642e-02, 2.449386e-05, 8.747807e-07, 0.568146, 2.879204e-03, 0.000000e+00, 0.000000, 3.000000e-01, 0, 0.568146, 2.879204e-03 
1.477732e+01, 7.892592e-02, 9.914181e-06, 1.233441e-04, 0, 7.874892e-02, 4.228107e-05, 1.457968e-06, 0.430440, 3.279465e-03, 0.000000e+00, 0.000000, 3.000000e-01, 0, 0.430440, 3.279465e-03 
1.485591e+01, 7.858563e-02, 9.914181e-06, 1.495875e-04, 0, 7.839755e-02, 2.740979e-05, 1.166374e-06, 0.450002, 3.403362e-03, 0.000000e+00, 0.000000, 3.000000e-01, 0, 0.450002, 3.403362e-03 
1.493688e+01, 8.096766e-02, 1.224693e-05, 1.437556e-04, 0, 8.078541e-02, 2.507705e-05, 1.166374e-06, 0.342188, 3.776889e-03, 0.000000e+00, 0.000000, 3.000000e-01, 0, 0.342188, 3.776889e-03 
1.501500e+01, 7.811966e-02, 1.137215e-05, 1.280096e-04, 0, 7.793800e-02, 4.111469e-05, 1.166374e-06, 0.233585, 3.443771e-03, 0.000000e+00, 0.000000, 3.000000e-01, 0, 0.233585, 3.443771e-03 
1.509514e+01, 8.014070e-02, 1.166374e-05, 1.469632e-04, 0, 7.995583e-02, 2.507705e-05, 1.166374e-06, 0.562615, 4.664713e-03, 0.000000e+00, 0.000000, 3.000000e-01, 0, 0.562615, 4.664713e-03 
1.517600e+01, 8.086618e-02, 1.108056e-05, 1.224693e-04, 0, 8.070581e-02, 2.536864e-05, 1.457968e-06, 0.608991, 3.647595e-03, 0.000000e+00, 0.000000, 3.000000e-01, 0, 0.608991, 3.647595e-03 
1.525435e+01, 7.834157e-02, 1.166374e-05, 1.224693e-04, 0, 7.817390e-02, 3.149210e-05, 2.041155e-06, 0.568129, 2.612974e-03, 0.000000e+00, 0.000000, 3.000000e-01, 0, 0.568129, 2.612974e-03 
1.533287e+01, 7.852615e-02, 9.622588e-06, 1.402565e-04, 0, 7.835206e-02, 2.332748e-05, 8.747807e-07, 0.525187, 2.138846e-03, 0.000000e+00, 0.000000, 3.000000e-01, 0, 0.525187, 2.138846e-03 
1.541069e+01, 7.781991e-02, 1.166374e-05, 1.259684e-04, 0, 7.765224e-02, 2.915936e-05, 8.747807e-07, 0.409020, 3.051129e-03, 0.000000e+00, 0.000000, 3.000000e-01, 0, 0.409020, 3.051129e-03 
1.549133e+01, 8.064020e-02, 1.078896e-05, 1.414229e-04, 0, 8.045912e-02, 2.770139e-05, 1.166374e-06, 0.489097, 2.593074e-03, 0.000000e+00, 0.000000, 3.000000e-01, 0, 0.489097, 2.593074e-03 
1.557061e+01, 7.927467e-02, 1.283012e-05, 1.446304e-04, 0, 7.909213e-02, 2.332748e-05, 1.749561e-06, 0.543530, 2.191540e-03, 0.000000e+00, 0.000000, 3.000000e-01, 0, 0.543530, 2.191540e-03 
1.564840e+01, 7.779600e-02, 1.078896e-05, 1.455052e-04, 0, 7.761521e-02, 2.361908e-05, 8.747807e-07, 0.413631, 2.944827e-03, 0.000000e+00, 0.000000, 3.000000e-01, 0, 0.413631, 2.944827e-03 
1.572808e+01, 7.967357e-02, 1.049737e-05, 1.373406e-04, 0, 7.949453e-02, 3.032573e-05, 8.747807e-07, 0.409384, 3.289290e-03, 0.000000e+00, 0.000000, 3.000000e-01, 0, 0.409384, 3.289290e-03 
1.580660e+01, 7.851944e-02, 1.108056e-05, 1.705822e-04, 0, 7.830978e-02, 2.711820e-05, 8.747807e-07, 0.368656, 3.786462e-03, 0.000000e+00, 0.000000, 3.000000e-01, 0, 0.368656, 3.786462e-03 
1.588957e+01, 8.297353e-02, 9.914181e-06, 1.326751e-04, 0, 8.279799e-02, 3.149210e-05, 1.457968e-06, 0.509933, 3.574182e-03, 0.000000e+00, 0.000000, 3.000000e-01, 0, 0.509933, 3.574182e-03 
1.596797e+01, 7.840339e-02, 9.914181e-06, 1.312171e-04, 0, 7.823135e-02, 3.003414e-05, 8.747807e-07, 0.401195, 3.845783e-03, 0.000000e+00, 0.000000, 3.000000e-01, 0, 0.401195, 3.845783e-03 
1.604764e+01, 7.966307e-02, 1.078896e-05, 1.574605e-04, 0, 7.946479e-02, 2.886776e-05, 1.166374e-06, 0.550106, 3.144113e-03, 0.000000e+00, 0.000000, 3.000000e-01, 0, 0.550106, 3.144113e-03 
accuracy: 0.110000