TRM WS=0, MS=1, TRMstep=0: ub=0.800000, lb=0.200000, grow=2.000000,shrink=0.500000, b_w=0,b_m=0, lr=0.500000, decay=0.000000, lambda=0.000100, n=370, n0=25, n1=10, n2=10, sub_tol=0.001000, sub_maxit=1000, tol=1.000000e-08, m=100 
time, iter_t, subset_m_time, g_time, subset_w_time, p1_time, t2, t3, total error, total gmag, rho, sigma, gamma, step, approx error, approx gmag 
8.091109e-02, 8.091109e-02, 3.878194e-05, 2.029491e-04, 0, 8.058975e-02, 6.794130e-05, 1.166374e-05, 1.442083, 8.023128e-03, 0.000000e+00, 0.000000, 5.000000e-01, 0, 1.442083, 8.023128e-03 
1.618321e-01, 8.092100e-02, 1.078896e-05, 1.466716e-04, 0, 8.073293e-02, 2.974254e-05, 8.747807e-07, 0.733116, 6.234391e-03, 0.000000e+00, 0.000000, 5.000000e-01, 0, 0.733116, 6.234391e-03 
2.434553e-01, 8.162316e-02, 1.166374e-05, 1.411313e-04, 0, 8.144121e-02, 2.828458e-05, 8.747807e-07, 0.903785, 5.907658e-03, 0.000000e+00, 0.000000, 5.000000e-01, 0, 0.903785, 5.907658e-03 
3.251627e-01, 8.170743e-02, 9.914181e-06, 1.271348e-04, 0, 8.154210e-02, 2.740979e-05, 8.747807e-07, 0.823768, 5.652879e-03, 0.000000e+00, 0.000000, 5.000000e-01, 0, 0.823768, 5.652879e-03 
4.029158e-01, 7.775313e-02, 1.108056e-05, 1.437556e-04, 0, 7.757059e-02, 2.711820e-05, 5.831871e-07, 0.560072, 4.842270e-03, 0.000000e+00, 0.000000, 5.000000e-01, 0, 0.560072, 4.842270e-03 
4.807270e-01, 7.781116e-02, 9.622588e-06, 1.213029e-04, 0, 7.765370e-02, 2.566023e-05, 8.747807e-07, 0.732489, 4.860621e-03, 0.000000e+00, 0.000000, 5.000000e-01, 0, 0.732489, 4.860621e-03 
5.577348e-01, 7.700782e-02, 1.078896e-05, 1.230525e-04, 0, 7.684948e-02, 2.391067e-05, 5.831871e-07, 0.497879, 4.513425e-03, 0.000000e+00, 0.000000, 5.000000e-01, 0, 0.497879, 4.513425e-03 
6.316214e-01, 7.388660e-02, 9.622588e-06, 1.145963e-04, 0, 7.373818e-02, 2.361908e-05, 5.831871e-07, 0.672154, 4.393315e-03, 0.000000e+00, 0.000000, 5.000000e-01, 0, 0.672154, 4.393315e-03 
7.087356e-01, 7.711425e-02, 1.049737e-05, 1.210113e-04, 0, 7.690226e-02, 2.507705e-05, 5.540278e-05, 0.599040, 3.849277e-03, 0.000000e+00, 0.000000, 5.000000e-01, 0, 0.599040, 3.849277e-03 
7.858715e-01, 7.713583e-02, 9.622588e-06, 1.262600e-04, 0, 7.697458e-02, 2.478545e-05, 5.831871e-07, 0.575768, 3.415100e-03, 0.000000e+00, 0.000000, 5.000000e-01, 0, 0.575768, 3.415100e-03 
8.644676e-01, 7.859613e-02, 9.039400e-06, 1.315087e-04, 0, 7.834623e-02, 1.084728e-04, 8.747807e-07, 0.552936, 3.424433e-03, 0.000000e+00, 0.000000, 5.000000e-01, 0, 0.552936, 3.424433e-03 
9.466051e-01, 8.213753e-02, 1.078896e-05, 1.306339e-04, 0, 8.190688e-02, 8.864444e-05, 5.831871e-07, 0.558630, 2.986460e-03, 0.000000e+00, 0.000000, 5.000000e-01, 0, 0.558630, 2.986460e-03 
1.030731e+00, 8.412562e-02, 9.914181e-06, 1.306339e-04, 0, 8.395766e-02, 2.624342e-05, 1.166374e-06, 0.409545, 3.675059e-03, 0.000000e+00, 0.000000, 5.000000e-01, 0, 0.409545, 3.675059e-03 
1.111553e+00, 8.082245e-02, 1.049737e-05, 1.315087e-04, 0, 8.065595e-02, 2.391067e-05, 5.831871e-07, 0.633645, 3.659449e-03, 0.000000e+00, 0.000000, 5.000000e-01, 0, 0.633645, 3.659449e-03 
1.187919e+00, 7.636544e-02, 1.078896e-05, 1.277180e-04, 0, 7.620127e-02, 2.507705e-05, 5.831871e-07, 0.543522, 3.250911e-03, 0.000000e+00, 0.000000, 5.000000e-01, 0, 0.543522, 3.250911e-03 
1.264710e+00, 7.679087e-02, 1.195534e-05, 1.265516e-04, 0, 7.661883e-02, 3.265848e-05, 8.747807e-07, 0.467462, 3.456874e-03, 0.000000e+00, 0.000000, 5.000000e-01, 0, 0.467462, 3.456874e-03 
1.341660e+00, 7.695096e-02, 9.039400e-06, 2.198615e-04, 0, 7.669348e-02, 2.740979e-05, 1.166374e-06, 0.544837, 3.628628e-03, 0.000000e+00, 0.000000, 5.000000e-01, 0, 0.544837, 3.628628e-03 
1.419652e+00, 7.799107e-02, 1.049737e-05, 2.472713e-04, 0, 7.770852e-02, 2.391067e-05, 8.747807e-07, 0.337343, 4.096842e-03, 0.000000e+00, 0.000000, 5.000000e-01, 0, 0.337343, 4.096842e-03 
1.499400e+00, 7.974851e-02, 1.370490e-05, 1.720402e-04, 0, 7.952398e-02, 3.790716e-05, 8.747807e-07, 0.657380, 4.183758e-03, 0.000000e+00, 0.000000, 5.000000e-01, 0, 0.657380, 4.183758e-03 
1.578785e+00, 7.938518e-02, 6.502536e-05, 1.297591e-04, 0, 7.916561e-02, 2.420227e-05, 5.831871e-07, 0.519758, 3.675667e-03, 0.000000e+00, 0.000000, 5.000000e-01, 0, 0.519758, 3.675667e-03 
1.656422e+00, 7.763679e-02, 6.006827e-05, 1.554194e-04, 0, 7.738747e-02, 3.324167e-05, 5.831871e-07, 0.585110, 3.019304e-03, 0.000000e+00, 0.000000, 5.000000e-01, 0, 0.585110, 3.019304e-03 
1.732783e+00, 7.636136e-02, 1.137215e-05, 1.195534e-04, 0, 7.620185e-02, 2.799298e-05, 5.831871e-07, 0.361971, 3.717670e-03, 0.000000e+00, 0.000000, 5.000000e-01, 0, 0.361971, 3.717670e-03 
1.806202e+00, 7.341830e-02, 1.166374e-05, 1.172206e-04, 0, 7.326609e-02, 2.274430e-05, 5.831871e-07, 0.625218, 3.750698e-03, 0.000000e+00, 0.000000, 5.000000e-01, 0, 0.625218, 3.750698e-03 
1.882560e+00, 7.635815e-02, 1.020577e-05, 1.154711e-04, 0, 7.620856e-02, 2.332748e-05, 5.831871e-07, 0.507687, 3.166920e-03, 0.000000e+00, 0.000000, 5.000000e-01, 0, 0.507687, 3.166920e-03 
1.960422e+00, 7.786248e-02, 1.049737e-05, 1.358826e-04, 0, 7.769190e-02, 2.332748e-05, 8.747807e-07, 0.541468, 3.006385e-03, 0.000000e+00, 0.000000, 5.000000e-01, 0, 0.541468, 3.006385e-03 
2.039040e+00, 7.861741e-02, 9.622588e-06, 1.250936e-04, 0, 7.845441e-02, 2.740979e-05, 8.747807e-07, 0.416548, 3.586141e-03, 0.000000e+00, 0.000000, 5.000000e-01, 0, 0.416548, 3.586141e-03 
2.117219e+00, 7.817886e-02, 1.195534e-05, 1.542530e-04, 0, 7.798349e-02, 2.828458e-05, 8.747807e-07, 0.545218, 3.933953e-03, 0.000000e+00, 0.000000, 5.000000e-01, 0, 0.545218, 3.933953e-03 
2.193845e+00, 7.662641e-02, 1.224693e-05, 1.644588e-04, 0, 7.641326e-02, 3.557441e-05, 8.747807e-07, 0.546774, 3.439976e-03, 0.000000e+00, 0.000000, 5.000000e-01, 0, 0.546774, 3.439976e-03 
2.271821e+00, 7.797649e-02, 9.330994e-06, 1.385069e-04, 0, 7.780445e-02, 2.361908e-05, 5.831871e-07, 0.544126, 2.995915e-03, 0.000000e+00, 0.000000, 5.000000e-01, 0, 0.544126, 2.995915e-03 
2.350515e+00, 7.869381e-02, 9.914181e-06, 1.525034e-04, 0, 7.850661e-02, 2.391067e-05, 8.747807e-07, 0.427915, 3.645153e-03, 0.000000e+00, 0.000000, 5.000000e-01, 0, 0.427915, 3.645153e-03 
2.429708e+00, 7.919273e-02, 9.039400e-06, 1.428808e-04, 0, 7.901311e-02, 2.711820e-05, 5.831871e-07, 0.473194, 4.277198e-03, 0.000000e+00, 0.000000, 5.000000e-01, 0, 0.473194, 4.277198e-03 
2.508980e+00, 7.927204e-02, 9.914181e-06, 1.250936e-04, 0, 7.911196e-02, 2.449386e-05, 5.831871e-07, 0.360590, 4.767596e-03, 0.000000e+00, 0.000000, 5.000000e-01, 0, 0.360590, 4.767596e-03 
2.586094e+00, 7.711367e-02, 9.914181e-06, 1.271348e-04, 0, 7.695358e-02, 2.245270e-05, 5.831871e-07, 0.716865, 3.873215e-03, 0.000000e+00, 0.000000, 5.000000e-01, 0, 0.716865, 3.873215e-03 
2.663965e+00, 7.787094e-02, 9.622588e-06, 1.236357e-04, 0, 7.770852e-02, 2.828458e-05, 8.747807e-07, 0.519512, 3.664462e-03, 0.000000e+00, 0.000000, 5.000000e-01, 0, 0.519512, 3.664462e-03 
2.742295e+00, 7.832990e-02, 1.020577e-05, 1.422977e-04, 0, 7.815203e-02, 2.478545e-05, 5.831871e-07, 0.544210, 3.349715e-03, 0.000000e+00, 0.000000, 5.000000e-01, 0, 0.544210, 3.349715e-03 
2.820836e+00, 7.854160e-02, 9.039400e-06, 1.239273e-04, 0, 7.838035e-02, 2.740979e-05, 8.747807e-07, 0.553233, 3.058089e-03, 0.000000e+00, 0.000000, 5.000000e-01, 0, 0.553233, 3.058089e-03 
2.899459e+00, 7.862325e-02, 1.166374e-05, 1.221777e-04, 0, 7.846345e-02, 2.507705e-05, 8.747807e-07, 0.522348, 2.293787e-03, 0.000000e+00, 0.000000, 5.000000e-01, 0, 0.522348, 2.293787e-03 
2.976496e+00, 7.703669e-02, 1.078896e-05, 1.303423e-04, 0, 7.686960e-02, 2.507705e-05, 8.747807e-07, 0.472692, 2.969464e-03, 0.000000e+00, 0.000000, 5.000000e-01, 0, 0.472692, 2.969464e-03 
3.057563e+00, 8.106651e-02, 9.622588e-06, 1.230525e-04, 0, 8.091080e-02, 2.245270e-05, 5.831871e-07, 0.598484, 2.549833e-03, 0.000000e+00, 0.000000, 5.000000e-01, 0, 0.598484, 2.549833e-03 
3.135373e+00, 7.781087e-02, 1.049737e-05, 1.487127e-04, 0, 7.762396e-02, 2.711820e-05, 5.831871e-07, 0.455073, 3.001698e-03, 0.000000e+00, 0.000000, 5.000000e-01, 0, 0.455073, 3.001698e-03 
3.217862e+00, 8.248803e-02, 1.078896e-05, 1.580437e-04, 0, 8.228887e-02, 2.915936e-05, 1.166374e-06, 0.550715, 2.872702e-03, 0.000000e+00, 0.000000, 5.000000e-01, 0, 0.550715, 2.872702e-03 
3.296981e+00, 7.911954e-02, 1.049737e-05, 1.449220e-04, 0, 7.893729e-02, 2.595183e-05, 8.747807e-07, 0.492721, 2.720192e-03, 0.000000e+00, 0.000000, 5.000000e-01, 0, 0.492721, 2.720192e-03 
3.372798e+00, 7.581666e-02, 1.166374e-05, 1.285928e-04, 0, 7.564753e-02, 2.799298e-05, 8.747807e-07, 0.497602, 2.561405e-03, 0.000000e+00, 0.000000, 5.000000e-01, 0, 0.497602, 2.561405e-03 
3.457577e+00, 8.477908e-02, 1.224693e-05, 1.387985e-04, 0, 8.460091e-02, 2.653501e-05, 5.831871e-07, 0.437029, 3.403483e-03, 0.000000e+00, 0.000000, 5.000000e-01, 0, 0.437029, 3.403483e-03 
3.543281e+00, 8.570401e-02, 1.224693e-05, 1.484211e-04, 0, 8.551389e-02, 2.828458e-05, 1.166374e-06, 0.557628, 3.331059e-03, 0.000000e+00, 0.000000, 5.000000e-01, 0, 0.557628, 3.331059e-03 
3.622901e+00, 7.962050e-02, 1.020577e-05, 1.557110e-04, 0, 7.942367e-02, 2.945095e-05, 1.457968e-06, 0.593147, 2.597823e-03, 0.000000e+00, 0.000000, 5.000000e-01, 0, 0.593147, 2.597823e-03 
3.707381e+00, 8.447961e-02, 1.020577e-05, 1.434640e-04, 0, 8.429853e-02, 2.653501e-05, 8.747807e-07, 0.520235, 2.185971e-03, 0.000000e+00, 0.000000, 5.000000e-01, 0, 0.520235, 2.185971e-03 
3.785831e+00, 7.845033e-02, 1.574605e-05, 1.437556e-04, 0, 7.825934e-02, 3.090892e-05, 5.831871e-07, 0.427380, 2.970424e-03, 0.000000e+00, 0.000000, 5.000000e-01, 0, 0.427380, 2.970424e-03 
3.865075e+00, 7.924405e-02, 1.166374e-05, 1.463800e-04, 0, 7.905714e-02, 2.799298e-05, 8.747807e-07, 0.522274, 3.183211e-03, 0.000000e+00, 0.000000, 5.000000e-01, 0, 0.522274, 3.183211e-03 
3.942350e+00, 7.727521e-02, 1.049737e-05, 1.848703e-04, 0, 7.705185e-02, 2.740979e-05, 5.831871e-07, 0.538145, 2.678263e-03, 0.000000e+00, 0.000000, 5.000000e-01, 0, 0.538145, 2.678263e-03 
4.021764e+00, 7.941376e-02, 1.224693e-05, 1.525034e-04, 0, 7.921956e-02, 2.828458e-05, 1.166374e-06, 0.517538, 2.837924e-03, 0.000000e+00, 0.000000, 5.000000e-01, 0, 0.517538, 2.837924e-03 
4.098538e+00, 7.677338e-02, 9.622588e-06, 1.428808e-04, 0, 7.659755e-02, 2.245270e-05, 8.747807e-07, 0.544691, 2.253003e-03, 0.000000e+00, 0.000000, 5.000000e-01, 0, 0.544691, 2.253003e-03 
4.171087e+00, 7.254964e-02, 9.914181e-06, 1.180954e-04, 0, 7.239218e-02, 2.886776e-05, 5.831871e-07, 0.494136, 2.258551e-03, 0.000000e+00, 0.000000, 5.000000e-01, 0, 0.494136, 2.258551e-03 
4.247081e+00, 7.599336e-02, 1.108056e-05, 1.309255e-04, 0, 7.582337e-02, 2.740979e-05, 5.831871e-07, 0.535551, 2.449752e-03, 0.000000e+00, 0.000000, 5.000000e-01, 0, 0.535551, 2.449752e-03 
4.326223e+00, 7.914199e-02, 1.195534e-05, 1.242189e-04, 0, 7.898103e-02, 2.420227e-05, 5.831871e-07, 0.446615, 2.991222e-03, 0.000000e+00, 0.000000, 5.000000e-01, 0, 0.446615, 2.991222e-03 
4.402638e+00, 7.641530e-02, 1.049737e-05, 1.268432e-04, 0, 7.625230e-02, 2.507705e-05, 5.831871e-07, 0.503621, 3.152308e-03, 0.000000e+00, 0.000000, 5.000000e-01, 0, 0.503621, 3.152308e-03 
4.480222e+00, 7.758372e-02, 9.039400e-06, 1.268432e-04, 0, 7.741809e-02, 2.886776e-05, 8.747807e-07, 0.474132, 3.543518e-03, 0.000000e+00, 0.000000, 5.000000e-01, 0, 0.474132, 3.543518e-03 
4.556672e+00, 7.645029e-02, 9.330994e-06, 1.387985e-04, 0, 7.627213e-02, 2.886776e-05, 1.166374e-06, 0.287866, 4.048687e-03, 0.000000e+00, 0.000000, 5.000000e-01, 0, 0.287866, 4.048687e-03 
4.633467e+00, 7.679554e-02, 1.020577e-05, 1.411313e-04, 0, 7.660804e-02, 3.499123e-05, 1.166374e-06, 0.122243, 2.353087e-03, 0.000000e+00, 0.000000, 5.000000e-01, 0, 0.122243, 2.353087e-03 
4.709915e+00, 7.644738e-02, 9.622588e-06, 1.405481e-04, 0, 7.627067e-02, 2.595183e-05, 5.831871e-07, 0.741846, 3.854373e-03, 0.000000e+00, 0.000000, 5.000000e-01, 0, 0.741846, 3.854373e-03 
4.787854e+00, 7.793946e-02, 1.341330e-05, 1.262600e-04, 0, 7.777209e-02, 2.682661e-05, 8.747807e-07, 0.660093, 4.163775e-03, 0.000000e+00, 0.000000, 5.000000e-01, 0, 0.660093, 4.163775e-03 
4.862169e+00, 7.431495e-02, 1.078896e-05, 1.583353e-04, 0, 7.410938e-02, 3.557441e-05, 8.747807e-07, 0.237665, 3.930244e-03, 0.000000e+00, 0.000000, 5.000000e-01, 0, 0.237665, 3.930244e-03 
4.942095e+00, 7.992609e-02, 1.020577e-05, 1.341330e-04, 0, 7.975609e-02, 2.478545e-05, 8.747807e-07, 0.620429, 4.002962e-03, 0.000000e+00, 0.000000, 5.000000e-01, 0, 0.620429, 4.002962e-03 
5.021633e+00, 7.953768e-02, 1.195534e-05, 1.350078e-04, 0, 7.936652e-02, 2.361908e-05, 5.831871e-07, 0.532396, 3.878208e-03, 0.000000e+00, 0.000000, 5.000000e-01, 0, 0.532396, 3.878208e-03 
5.100003e+00, 7.836956e-02, 9.622588e-06, 1.268432e-04, 0, 7.820539e-02, 2.682661e-05, 8.747807e-07, 0.281608, 4.380811e-03, 0.000000e+00, 0.000000, 5.000000e-01, 0, 0.281608, 4.380811e-03 
5.177262e+00, 7.725976e-02, 9.330994e-06, 1.233441e-04, 0, 7.709442e-02, 3.178370e-05, 8.747807e-07, 0.666513, 4.563639e-03, 0.000000e+00, 0.000000, 5.000000e-01, 0, 0.666513, 4.563639e-03 
5.255800e+00, 7.853723e-02, 1.108056e-05, 1.402565e-04, 0, 7.836198e-02, 2.332748e-05, 5.831871e-07, 0.436214, 4.050481e-03, 0.000000e+00, 0.000000, 5.000000e-01, 0, 0.436214, 4.050481e-03 
5.330237e+00, 7.443713e-02, 1.253852e-05, 1.157626e-04, 0, 7.428521e-02, 2.303589e-05, 5.831871e-07, 0.546968, 4.039294e-03, 0.000000e+00, 0.000000, 5.000000e-01, 0, 0.546968, 4.039294e-03 
5.404770e+00, 7.453336e-02, 1.049737e-05, 1.215945e-04, 0, 7.437152e-02, 2.857617e-05, 1.166374e-06, 0.591495, 3.005079e-03, 0.000000e+00, 0.000000, 5.000000e-01, 0, 0.591495, 3.005079e-03 
5.482843e+00, 7.807301e-02, 1.049737e-05, 1.478379e-04, 0, 7.788960e-02, 2.449386e-05, 5.831871e-07, 0.580638, 2.076862e-03, 0.000000e+00, 0.000000, 5.000000e-01, 0, 0.580638, 2.076862e-03 
5.562470e+00, 7.962720e-02, 1.049737e-05, 1.210113e-04, 0, 7.945487e-02, 4.023991e-05, 5.831871e-07, 0.515939, 1.800302e-03, 0.000000e+00, 0.000000, 5.000000e-01, 0, 0.515939, 1.800302e-03 
5.641061e+00, 7.859030e-02, 1.108056e-05, 1.522118e-04, 0, 7.840134e-02, 2.507705e-05, 5.831871e-07, 0.482062, 1.694735e-03, 0.000000e+00, 0.000000, 5.000000e-01, 0, 0.482062, 1.694735e-03 
5.717195e+00, 7.613450e-02, 1.137215e-05, 1.253852e-04, 0, 7.596887e-02, 2.770139e-05, 1.166374e-06, 0.448992, 2.582652e-03, 0.000000e+00, 0.000000, 5.000000e-01, 0, 0.448992, 2.582652e-03 
5.793309e+00, 7.611379e-02, 1.283012e-05, 1.382153e-04, 0, 7.593913e-02, 2.303589e-05, 5.831871e-07, 0.477509, 3.106215e-03, 0.000000e+00, 0.000000, 5.000000e-01, 0, 0.477509, 3.106215e-03 
5.871271e+00, 7.796191e-02, 1.166374e-05, 1.271348e-04, 0, 7.779337e-02, 2.886776e-05, 8.747807e-07, 0.531828, 2.836896e-03, 0.000000e+00, 0.000000, 5.000000e-01, 0, 0.531828, 2.836896e-03 
5.950156e+00, 7.888568e-02, 1.166374e-05, 1.221777e-04, 0, 7.872589e-02, 2.507705e-05, 8.747807e-07, 0.464210, 3.142711e-03, 0.000000e+00, 0.000000, 5.000000e-01, 0, 0.464210, 3.142711e-03 
6.030229e+00, 8.007218e-02, 9.622588e-06, 1.224693e-04, 0, 7.991180e-02, 2.770139e-05, 5.831871e-07, 0.567966, 2.646961e-03, 0.000000e+00, 0.000000, 5.000000e-01, 0, 0.567966, 2.646961e-03 
6.108822e+00, 7.859350e-02, 9.914181e-06, 1.248020e-04, 0, 7.843400e-02, 2.420227e-05, 5.831871e-07, 0.426234, 3.299089e-03, 0.000000e+00, 0.000000, 5.000000e-01, 0, 0.426234, 3.299089e-03 
6.187686e+00, 7.886381e-02, 9.622588e-06, 1.271348e-04, 0, 7.869644e-02, 2.915936e-05, 1.457968e-06, 0.616944, 2.915311e-03, 0.000000e+00, 0.000000, 5.000000e-01, 0, 0.616944, 2.915311e-03 
6.266401e+00, 7.871539e-02, 9.914181e-06, 1.326751e-04, 0, 7.854306e-02, 2.886776e-05, 8.747807e-07, 0.467625, 2.654206e-03, 0.000000e+00, 0.000000, 5.000000e-01, 0, 0.467625, 2.654206e-03 
6.346924e+00, 8.052298e-02, 1.137215e-05, 1.481295e-04, 0, 8.033403e-02, 2.857617e-05, 8.747807e-07, 0.578182, 2.350511e-03, 0.000000e+00, 0.000000, 5.000000e-01, 0, 0.578182, 2.350511e-03 
6.424075e+00, 7.715041e-02, 1.108056e-05, 1.440472e-04, 0, 7.696816e-02, 2.624342e-05, 8.747807e-07, 0.482318, 2.150467e-03, 0.000000e+00, 0.000000, 5.000000e-01, 0, 0.482318, 2.150467e-03 
6.503077e+00, 7.900203e-02, 9.039400e-06, 1.201365e-04, 0, 7.884340e-02, 2.857617e-05, 8.747807e-07, 0.519406, 2.222719e-03, 0.000000e+00, 0.000000, 5.000000e-01, 0, 0.519406, 2.222719e-03 
6.580571e+00, 7.749449e-02, 1.195534e-05, 1.437556e-04, 0, 7.731137e-02, 2.682661e-05, 5.831871e-07, 0.481935, 2.221341e-03, 0.000000e+00, 0.000000, 5.000000e-01, 0, 0.481935, 2.221341e-03 
6.657749e+00, 7.717753e-02, 9.330994e-06, 1.143047e-04, 0, 7.702881e-02, 2.449386e-05, 5.831871e-07, 0.536129, 2.069931e-03, 0.000000e+00, 0.000000, 5.000000e-01, 0, 0.536129, 2.069931e-03 
6.734106e+00, 7.635756e-02, 1.020577e-05, 1.245105e-04, 0, 7.619835e-02, 2.391067e-05, 5.831871e-07, 0.417493, 2.972100e-03, 0.000000e+00, 0.000000, 5.000000e-01, 0, 0.417493, 2.972100e-03 
6.812920e+00, 7.881337e-02, 9.330994e-06, 1.265516e-04, 0, 7.865037e-02, 2.653501e-05, 5.831871e-07, 0.233332, 3.886239e-03, 0.000000e+00, 0.000000, 5.000000e-01, 0, 0.233332, 3.886239e-03 
6.888363e+00, 7.544313e-02, 9.622588e-06, 1.352994e-04, 0, 7.526905e-02, 2.857617e-05, 5.831871e-07, 0.718073, 4.347918e-03, 0.000000e+00, 0.000000, 5.000000e-01, 0, 0.718073, 4.347918e-03 
6.965288e+00, 7.692501e-02, 1.137215e-05, 1.323835e-04, 0, 7.675617e-02, 2.420227e-05, 8.747807e-07, 0.510175, 3.639763e-03, 0.000000e+00, 0.000000, 5.000000e-01, 0, 0.510175, 3.639763e-03 
7.043253e+00, 7.796541e-02, 9.330994e-06, 1.262600e-04, 0, 7.780504e-02, 2.420227e-05, 5.831871e-07, 0.563551, 2.872280e-03, 0.000000e+00, 0.000000, 5.000000e-01, 0, 0.563551, 2.872280e-03 
7.122044e+00, 7.879120e-02, 1.078896e-05, 1.253852e-04, 0, 7.862908e-02, 2.507705e-05, 8.747807e-07, 0.508311, 2.443156e-03, 0.000000e+00, 0.000000, 5.000000e-01, 0, 0.508311, 2.443156e-03 
7.200465e+00, 7.842088e-02, 1.020577e-05, 1.329667e-04, 0, 7.825263e-02, 2.449386e-05, 5.831871e-07, 0.407934, 3.596898e-03, 0.000000e+00, 0.000000, 5.000000e-01, 0, 0.407934, 3.596898e-03 
7.280313e+00, 7.984765e-02, 9.914181e-06, 1.250936e-04, 0, 7.968173e-02, 3.032573e-05, 5.831871e-07, 0.601778, 3.520184e-03, 0.000000e+00, 0.000000, 5.000000e-01, 0, 0.601778, 3.520184e-03 
7.362877e+00, 8.256355e-02, 9.330994e-06, 1.233441e-04, 0, 8.240522e-02, 2.478545e-05, 8.747807e-07, 0.479580, 3.163042e-03, 0.000000e+00, 0.000000, 5.000000e-01, 0, 0.479580, 3.163042e-03 
7.440080e+00, 7.720319e-02, 1.020577e-05, 1.312171e-04, 0, 7.703202e-02, 2.886776e-05, 8.747807e-07, 0.479880, 3.721472e-03, 0.000000e+00, 0.000000, 5.000000e-01, 0, 0.479880, 3.721472e-03 
7.516938e+00, 7.685823e-02, 1.137215e-05, 1.492959e-04, 0, 7.667015e-02, 2.653501e-05, 8.747807e-07, 0.588226, 3.380682e-03, 0.000000e+00, 0.000000, 5.000000e-01, 0, 0.588226, 3.380682e-03 
7.593119e+00, 7.618144e-02, 9.330994e-06, 1.300507e-04, 0, 7.601873e-02, 2.274430e-05, 5.831871e-07, 0.408353, 3.874962e-03, 0.000000e+00, 0.000000, 5.000000e-01, 0, 0.408353, 3.874962e-03 
7.670614e+00, 7.749449e-02, 1.166374e-05, 1.303423e-04, 0, 7.732507e-02, 2.653501e-05, 8.747807e-07, 0.651213, 3.497408e-03, 0.000000e+00, 0.000000, 5.000000e-01, 0, 0.651213, 3.497408e-03 
7.746959e+00, 7.634561e-02, 9.914181e-06, 1.256768e-04, 0, 7.618523e-02, 2.420227e-05, 5.831871e-07, 0.456460, 3.307972e-03, 0.000000e+00, 0.000000, 5.000000e-01, 0, 0.456460, 3.307972e-03 
7.823056e+00, 7.609659e-02, 1.399649e-05, 1.857451e-04, 0, 7.587352e-02, 2.245270e-05, 8.747807e-07, 0.576622, 3.066449e-03, 0.000000e+00, 0.000000, 5.000000e-01, 0, 0.576622, 3.066449e-03 
7.905268e+00, 8.221189e-02, 1.020577e-05, 1.262600e-04, 0, 8.204510e-02, 2.915936e-05, 1.166374e-06, 0.533535, 2.376091e-03, 0.000000e+00, 0.000000, 5.000000e-01, 0, 0.533535, 2.376091e-03 
7.986204e+00, 8.093558e-02, 1.078896e-05, 1.527950e-04, 0, 8.073030e-02, 4.082310e-05, 8.747807e-07, 0.428751, 3.262190e-03, 0.000000e+00, 0.000000, 5.000000e-01, 0, 0.428751, 3.262190e-03 
8.062696e+00, 7.649228e-02, 1.078896e-05, 1.504623e-04, 0, 7.630129e-02, 2.828458e-05, 1.457968e-06, 0.564060, 3.306767e-03, 0.000000e+00, 0.000000, 5.000000e-01, 0, 0.564060, 3.306767e-03 
8.140981e+00, 7.828471e-02, 9.914181e-06, 1.577521e-04, 0, 7.808613e-02, 3.003414e-05, 8.747807e-07, 0.391160, 4.011097e-03, 0.000000e+00, 0.000000, 5.000000e-01, 0, 0.391160, 4.011097e-03 
8.220113e+00, 7.913208e-02, 1.108056e-05, 1.767057e-04, 0, 7.890609e-02, 3.732398e-05, 8.747807e-07, 0.561879, 3.942482e-03, 0.000000e+00, 0.000000, 5.000000e-01, 0, 0.561879, 3.942482e-03 
8.299008e+00, 7.889589e-02, 1.137215e-05, 1.443388e-04, 0, 7.871422e-02, 2.507705e-05, 8.747807e-07, 0.464964, 4.054478e-03, 0.000000e+00, 0.000000, 5.000000e-01, 0, 0.464964, 4.054478e-03 
8.376804e+00, 7.779600e-02, 9.622588e-06, 1.367574e-04, 0, 7.762396e-02, 2.507705e-05, 5.831871e-07, 0.576337, 4.166450e-03, 0.000000e+00, 0.000000, 5.000000e-01, 0, 0.576337, 4.166450e-03 
8.453638e+00, 7.683315e-02, 1.078896e-05, 1.376322e-04, 0, 7.665966e-02, 2.420227e-05, 8.747807e-07, 0.559878, 3.613830e-03, 0.000000e+00, 0.000000, 5.000000e-01, 0, 0.559878, 3.613830e-03 
8.530175e+00, 7.653748e-02, 1.020577e-05, 1.309255e-04, 0, 7.636748e-02, 2.828458e-05, 5.831871e-07, 0.428269, 4.076507e-03, 0.000000e+00, 0.000000, 5.000000e-01, 0, 0.428269, 4.076507e-03 
8.606390e+00, 7.621527e-02, 9.039400e-06, 1.250936e-04, 0, 7.605314e-02, 2.711820e-05, 8.747807e-07, 0.656346, 3.391534e-03, 0.000000e+00, 0.000000, 5.000000e-01, 0, 0.656346, 3.391534e-03 
8.686758e+00, 8.036756e-02, 9.330994e-06, 1.344246e-04, 0, 8.017773e-02, 4.519700e-05, 8.747807e-07, 0.556963, 2.555836e-03, 0.000000e+00, 0.000000, 5.000000e-01, 0, 0.556963, 2.555836e-03 
8.759190e+00, 7.243242e-02, 9.622588e-06, 1.323835e-04, 0, 7.226738e-02, 2.245270e-05, 5.831871e-07, 0.530361, 2.165203e-03, 0.000000e+00, 0.000000, 5.000000e-01, 0, 0.530361, 2.165203e-03 
8.834445e+00, 7.525447e-02, 1.049737e-05, 1.227609e-04, 0, 7.509555e-02, 2.507705e-05, 5.831871e-07, 0.537435, 2.186949e-03, 0.000000e+00, 0.000000, 5.000000e-01, 0, 0.537435, 2.186949e-03 
8.913181e+00, 7.873580e-02, 1.195534e-05, 1.306339e-04, 0, 7.856639e-02, 2.624342e-05, 5.831871e-07, 0.405813, 3.165137e-03, 0.000000e+00, 0.000000, 5.000000e-01, 0, 0.405813, 3.165137e-03 
8.990855e+00, 7.767411e-02, 9.330994e-06, 1.259684e-04, 0, 7.751373e-02, 2.420227e-05, 8.747807e-07, 0.531812, 3.530902e-03, 0.000000e+00, 0.000000, 5.000000e-01, 0, 0.531812, 3.530902e-03 
9.066446e+00, 7.559155e-02, 9.622588e-06, 1.280096e-04, 0, 7.542330e-02, 2.974254e-05, 8.747807e-07, 0.321981, 4.325793e-03, 0.000000e+00, 0.000000, 5.000000e-01, 0, 0.321981, 4.325793e-03 
9.144282e+00, 7.783565e-02, 1.370490e-05, 1.364658e-04, 0, 7.765691e-02, 2.740979e-05, 1.166374e-06, 0.593269, 4.435803e-03, 0.000000e+00, 0.000000, 5.000000e-01, 0, 0.593269, 4.435803e-03 
9.224343e+00, 8.006139e-02, 1.078896e-05, 1.335499e-04, 0, 7.988935e-02, 2.682661e-05, 8.747807e-07, 0.484094, 4.557837e-03, 0.000000e+00, 0.000000, 5.000000e-01, 0, 0.484094, 4.557837e-03 
9.300313e+00, 7.596945e-02, 9.330994e-06, 1.230525e-04, 0, 7.580995e-02, 2.653501e-05, 5.831871e-07, 0.611973, 4.302133e-03, 0.000000e+00, 0.000000, 5.000000e-01, 0, 0.611973, 4.302133e-03 
9.375432e+00, 7.511946e-02, 9.330994e-06, 1.154711e-04, 0, 7.497045e-02, 2.332748e-05, 8.747807e-07, 0.588470, 3.274307e-03, 0.000000e+00, 0.000000, 5.000000e-01, 0, 0.588470, 3.274307e-03 
9.453903e+00, 7.847074e-02, 1.108056e-05, 1.303423e-04, 0, 7.829958e-02, 2.857617e-05, 1.166374e-06, 0.418534, 3.683409e-03, 0.000000e+00, 0.000000, 5.000000e-01, 0, 0.418534, 3.683409e-03 
9.533471e+00, 7.956772e-02, 1.078896e-05, 1.358826e-04, 0, 7.939189e-02, 2.857617e-05, 5.831871e-07, 0.605195, 3.612906e-03, 0.000000e+00, 0.000000, 5.000000e-01, 0, 0.605195, 3.612906e-03 
9.611165e+00, 7.769423e-02, 1.049737e-05, 1.525034e-04, 0, 7.750411e-02, 2.653501e-05, 5.831871e-07, 0.555982, 2.269942e-03, 0.000000e+00, 0.000000, 5.000000e-01, 0, 0.555982, 2.269942e-03 
9.688003e+00, 7.683840e-02, 9.039400e-06, 1.315087e-04, 0, 7.666928e-02, 2.770139e-05, 8.747807e-07, 0.434451, 3.232373e-03, 0.000000e+00, 0.000000, 5.000000e-01, 0, 0.434451, 3.232373e-03 
9.766831e+00, 7.882736e-02, 1.166374e-05, 1.466716e-04, 0, 7.864337e-02, 2.507705e-05, 5.831871e-07, 0.534088, 3.544690e-03, 0.000000e+00, 0.000000, 5.000000e-01, 0, 0.534088, 3.544690e-03 
9.843783e+00, 7.695271e-02, 1.049737e-05, 1.233441e-04, 0, 7.679437e-02, 2.391067e-05, 5.831871e-07, 0.336696, 4.246049e-03, 0.000000e+00, 0.000000, 5.000000e-01, 0, 0.336696, 4.246049e-03 
9.921602e+00, 7.781816e-02, 1.049737e-05, 1.145963e-04, 0, 7.766828e-02, 2.420227e-05, 5.831871e-07, 0.584824, 4.574359e-03, 0.000000e+00, 0.000000, 5.000000e-01, 0, 0.584824, 4.574359e-03 
1.000018e+01, 7.857513e-02, 9.039400e-06, 1.274264e-04, 0, 7.841301e-02, 2.478545e-05, 8.747807e-07, 0.587340, 4.003875e-03, 0.000000e+00, 0.000000, 5.000000e-01, 0, 0.587340, 4.003875e-03 
1.007932e+01, 7.914199e-02, 9.330994e-06, 1.245105e-04, 0, 7.897666e-02, 3.032573e-05, 1.166374e-06, 0.400208, 4.141512e-03, 0.000000e+00, 0.000000, 5.000000e-01, 0, 0.400208, 4.141512e-03 
1.015743e+01, 7.810975e-02, 1.224693e-05, 1.364658e-04, 0, 7.793450e-02, 2.566023e-05, 8.747807e-07, 0.630328, 4.336478e-03, 0.000000e+00, 0.000000, 5.000000e-01, 0, 0.630328, 4.336478e-03 
1.023837e+01, 8.094200e-02, 1.166374e-05, 1.148879e-04, 0, 8.079124e-02, 2.361908e-05, 5.831871e-07, 0.509697, 3.670061e-03, 0.000000e+00, 0.000000, 5.000000e-01, 0, 0.509697, 3.670061e-03 
1.031596e+01, 7.759130e-02, 9.039400e-06, 1.285928e-04, 0, 7.742975e-02, 2.332748e-05, 5.831871e-07, 0.369571, 4.496653e-03, 0.000000e+00, 0.000000, 5.000000e-01, 0, 0.369571, 4.496653e-03 
1.039379e+01, 7.783245e-02, 1.049737e-05, 1.285928e-04, 0, 7.766857e-02, 2.420227e-05, 5.831871e-07, 0.468998, 5.194922e-03, 0.000000e+00, 0.000000, 5.000000e-01, 0, 0.468998, 5.194922e-03 
1.047692e+01, 8.313012e-02, 9.622588e-06, 1.221777e-04, 0, 8.296799e-02, 2.915936e-05, 1.166374e-06, 0.696057, 4.551393e-03, 0.000000e+00, 0.000000, 5.000000e-01, 0, 0.696057, 4.551393e-03 
1.055240e+01, 7.547870e-02, 9.622588e-06, 1.469632e-04, 0, 7.529237e-02, 2.740979e-05, 2.332748e-06, 0.574333, 2.787810e-03, 0.000000e+00, 0.000000, 5.000000e-01, 0, 0.574333, 2.787810e-03 
1.063179e+01, 7.938868e-02, 9.330994e-06, 1.431724e-04, 0, 7.921139e-02, 2.420227e-05, 5.831871e-07, 0.384093, 3.619386e-03, 0.000000e+00, 0.000000, 5.000000e-01, 0, 0.384093, 3.619386e-03 
1.070777e+01, 7.598170e-02, 1.078896e-05, 1.221777e-04, 0, 7.582424e-02, 2.391067e-05, 5.831871e-07, 0.476117, 4.566129e-03, 0.000000e+00, 0.000000, 5.000000e-01, 0, 0.476117, 4.566129e-03 
1.078436e+01, 7.658588e-02, 1.020577e-05, 1.248020e-04, 0, 7.642784e-02, 2.245270e-05, 5.831871e-07, 0.644339, 3.747452e-03, 0.000000e+00, 0.000000, 5.000000e-01, 0, 0.644339, 3.747452e-03 
1.085802e+01, 7.365595e-02, 1.020577e-05, 1.186786e-04, 0, 7.350286e-02, 2.361908e-05, 5.831871e-07, 0.491795, 2.970674e-03, 0.000000e+00, 0.000000, 5.000000e-01, 0, 0.491795, 2.970674e-03 
1.093406e+01, 7.604148e-02, 1.049737e-05, 1.198450e-04, 0, 7.588635e-02, 2.420227e-05, 5.831871e-07, 0.534490, 2.937757e-03, 0.000000e+00, 0.000000, 5.000000e-01, 0, 0.534490, 2.937757e-03 
1.101438e+01, 8.031974e-02, 1.253852e-05, 1.248020e-04, 0, 8.015849e-02, 2.332748e-05, 5.831871e-07, 0.518268, 2.474660e-03, 0.000000e+00, 0.000000, 5.000000e-01, 0, 0.518268, 2.474660e-03 
1.109252e+01, 7.814328e-02, 1.108056e-05, 1.256768e-04, 0, 7.798232e-02, 2.361908e-05, 5.831871e-07, 0.368274, 3.832063e-03, 0.000000e+00, 0.000000, 5.000000e-01, 0, 0.368274, 3.832063e-03 
1.117046e+01, 7.793800e-02, 1.078896e-05, 1.338414e-04, 0, 7.776975e-02, 2.303589e-05, 5.831871e-07, 0.176452, 3.300100e-03, 0.000000e+00, 0.000000, 5.000000e-01, 0, 0.176452, 3.300100e-03 
1.124961e+01, 7.915715e-02, 9.039400e-06, 1.399649e-04, 0, 7.898307e-02, 2.420227e-05, 8.747807e-07, 0.689354, 4.346567e-03, 0.000000e+00, 0.000000, 5.000000e-01, 0, 0.689354, 4.346567e-03 
1.132600e+01, 7.638760e-02, 1.078896e-05, 1.291759e-04, 0, 7.622110e-02, 2.566023e-05, 8.747807e-07, 0.618553, 4.493672e-03, 0.000000e+00, 0.000000, 5.000000e-01, 0, 0.618553, 4.493672e-03 
1.140407e+01, 7.806397e-02, 1.020577e-05, 1.434640e-04, 0, 7.787064e-02, 3.849035e-05, 1.166374e-06, 0.578808, 3.099502e-03, 0.000000e+00, 0.000000, 5.000000e-01, 0, 0.578808, 3.099502e-03 
1.148121e+01, 7.714458e-02, 1.078896e-05, 1.297591e-04, 0, 7.697633e-02, 2.653501e-05, 1.166374e-06, 0.504775, 3.206679e-03, 0.000000e+00, 0.000000, 5.000000e-01, 0, 0.504775, 3.206679e-03 
1.156148e+01, 8.026492e-02, 1.020577e-05, 1.361742e-04, 0, 8.009055e-02, 2.711820e-05, 8.747807e-07, 0.548214, 2.076030e-03, 0.000000e+00, 0.000000, 5.000000e-01, 0, 0.548214, 2.076030e-03 
1.163931e+01, 7.783419e-02, 1.078896e-05, 1.300507e-04, 0, 7.766886e-02, 2.361908e-05, 8.747807e-07, 0.452578, 2.721492e-03, 0.000000e+00, 0.000000, 5.000000e-01, 0, 0.452578, 2.721492e-03 
1.171761e+01, 7.830366e-02, 9.039400e-06, 1.192618e-04, 0, 7.814999e-02, 2.478545e-05, 5.831871e-07, 0.434776, 3.863438e-03, 0.000000e+00, 0.000000, 5.000000e-01, 0, 0.434776, 3.863438e-03 
1.179801e+01, 8.039818e-02, 1.283012e-05, 1.685411e-04, 0, 8.019027e-02, 2.566023e-05, 8.747807e-07, 0.613013, 3.388472e-03, 0.000000e+00, 0.000000, 5.000000e-01, 0, 0.613013, 3.388472e-03 
1.187640e+01, 7.839230e-02, 1.049737e-05, 1.277180e-04, 0, 7.822989e-02, 2.361908e-05, 5.831871e-07, 0.492985, 2.905621e-03, 0.000000e+00, 0.000000, 5.000000e-01, 0, 0.492985, 2.905621e-03 
1.195312e+01, 7.671681e-02, 1.049737e-05, 1.285928e-04, 0, 7.655089e-02, 2.595183e-05, 8.747807e-07, 0.496643, 2.966589e-03, 0.000000e+00, 0.000000, 5.000000e-01, 0, 0.496643, 2.966589e-03 
1.203073e+01, 7.760967e-02, 1.020577e-05, 1.236357e-04, 0, 7.744667e-02, 2.828458e-05, 8.747807e-07, 0.547692, 2.501219e-03, 0.000000e+00, 0.000000, 5.000000e-01, 0, 0.547692, 2.501219e-03 
1.210764e+01, 7.691159e-02, 1.166374e-05, 1.449220e-04, 0, 7.672643e-02, 2.770139e-05, 8.747807e-07, 0.513896, 2.530186e-03, 0.000000e+00, 0.000000, 5.000000e-01, 0, 0.513896, 2.530186e-03 
1.218423e+01, 7.658909e-02, 9.622588e-06, 1.446304e-04, 0, 7.640597e-02, 2.799298e-05, 8.747807e-07, 0.437304, 3.391349e-03, 0.000000e+00, 0.000000, 5.000000e-01, 0, 0.437304, 3.391349e-03 
1.226228e+01, 7.805143e-02, 9.622588e-06, 1.414229e-04, 0, 7.787502e-02, 2.478545e-05, 5.831871e-07, 0.446896, 4.476228e-03, 0.000000e+00, 0.000000, 5.000000e-01, 0, 0.446896, 4.476228e-03 
1.233828e+01, 7.599482e-02, 1.078896e-05, 1.250936e-04, 0, 7.583066e-02, 2.740979e-05, 8.747807e-07, 0.643004, 4.070130e-03, 0.000000e+00, 0.000000, 5.000000e-01, 0, 0.643004, 4.070130e-03 
1.241651e+01, 7.823397e-02, 1.108056e-05, 1.245105e-04, 0, 7.807039e-02, 2.682661e-05, 1.166374e-06, 0.480836, 3.388369e-03, 0.000000e+00, 0.000000, 5.000000e-01, 0, 0.480836, 3.388369e-03 
1.249604e+01, 7.952777e-02, 1.166374e-05, 1.452136e-04, 0, 7.934611e-02, 2.420227e-05, 5.831871e-07, 0.556329, 3.466036e-03, 0.000000e+00, 0.000000, 5.000000e-01, 0, 0.556329, 3.466036e-03 
1.257154e+01, 7.550407e-02, 1.049737e-05, 1.233441e-04, 0, 7.534107e-02, 2.857617e-05, 5.831871e-07, 0.356655, 4.226220e-03, 0.000000e+00, 0.000000, 5.000000e-01, 0, 0.356655, 4.226220e-03 
1.264849e+01, 7.694950e-02, 1.370490e-05, 1.271348e-04, 0, 7.678358e-02, 2.420227e-05, 8.747807e-07, 0.559091, 4.989856e-03, 0.000000e+00, 0.000000, 5.000000e-01, 0, 0.559091, 4.989856e-03 
1.272536e+01, 7.686523e-02, 1.224693e-05, 1.344246e-04, 0, 7.668648e-02, 3.090892e-05, 1.166374e-06, 0.509597, 4.920741e-03, 0.000000e+00, 0.000000, 5.000000e-01, 0, 0.509597, 4.920741e-03 
1.280432e+01, 7.896587e-02, 1.166374e-05, 1.382153e-04, 0, 7.878508e-02, 2.974254e-05, 1.166374e-06, 0.584785, 4.607091e-03, 0.000000e+00, 0.000000, 5.000000e-01, 0, 0.584785, 4.607091e-03 
1.288268e+01, 7.835236e-02, 1.078896e-05, 1.609596e-04, 0, 7.815495e-02, 2.507705e-05, 5.831871e-07, 0.594697, 3.743851e-03, 0.000000e+00, 0.000000, 5.000000e-01, 0, 0.594697, 3.743851e-03 
1.296012e+01, 7.744521e-02, 9.622588e-06, 1.283012e-04, 0, 7.728017e-02, 2.653501e-05, 5.831871e-07, 0.570960, 3.261738e-03, 0.000000e+00, 0.000000, 5.000000e-01, 0, 0.570960, 3.261738e-03 
1.303760e+01, 7.747408e-02, 9.622588e-06, 1.250936e-04, 0, 7.731253e-02, 2.624342e-05, 5.831871e-07, 0.415803, 3.805662e-03, 0.000000e+00, 0.000000, 5.000000e-01, 0, 0.415803, 3.805662e-03 
1.311653e+01, 7.893409e-02, 9.622588e-06, 1.180954e-04, 0, 7.877692e-02, 2.886776e-05, 5.831871e-07, 0.537585, 4.478541e-03, 0.000000e+00, 0.000000, 5.000000e-01, 0, 0.537585, 4.478541e-03 
1.319625e+01, 7.972430e-02, 1.341330e-05, 1.283012e-04, 0, 7.955256e-02, 2.886776e-05, 1.166374e-06, 0.545188, 4.246091e-03, 0.000000e+00, 0.000000, 5.000000e-01, 0, 0.545188, 4.246091e-03 
1.327527e+01, 7.901282e-02, 9.914181e-06, 1.589185e-04, 0, 7.881278e-02, 2.974254e-05, 1.457968e-06, 0.596210, 3.165540e-03, 0.000000e+00, 0.000000, 5.000000e-01, 0, 0.596210, 3.165540e-03 
1.335295e+01, 7.767878e-02, 9.330994e-06, 1.443388e-04, 0, 7.749361e-02, 3.061732e-05, 8.747807e-07, 0.425134, 3.878497e-03, 0.000000e+00, 0.000000, 5.000000e-01, 0, 0.425134, 3.878497e-03 
1.343247e+01, 7.952864e-02, 1.078896e-05, 1.551278e-04, 0, 7.933940e-02, 2.274430e-05, 5.831871e-07, 0.483396, 4.824530e-03, 0.000000e+00, 0.000000, 5.000000e-01, 0, 0.483396, 4.824530e-03 
1.351168e+01, 7.920906e-02, 1.020577e-05, 1.557110e-04, 0, 7.901398e-02, 2.799298e-05, 1.166374e-06, 0.602699, 4.510379e-03, 0.000000e+00, 0.000000, 5.000000e-01, 0, 0.602699, 4.510379e-03 
1.359014e+01, 7.846083e-02, 1.341330e-05, 1.475463e-04, 0, 7.827071e-02, 2.828458e-05, 8.747807e-07, 0.521205, 4.075656e-03, 0.000000e+00, 0.000000, 5.000000e-01, 0, 0.521205, 4.075656e-03 
1.367054e+01, 8.040051e-02, 1.487127e-05, 1.457968e-04, 0, 8.021506e-02, 2.420227e-05, 5.831871e-07, 0.577124, 3.712423e-03, 0.000000e+00, 0.000000, 5.000000e-01, 0, 0.577124, 3.712423e-03 
1.374727e+01, 7.672293e-02, 1.020577e-05, 1.201365e-04, 0, 7.656576e-02, 2.624342e-05, 5.831871e-07, 0.594970, 2.800161e-03, 0.000000e+00, 0.000000, 5.000000e-01, 0, 0.594970, 2.800161e-03 
1.382606e+01, 7.879412e-02, 1.195534e-05, 1.137215e-04, 0, 7.863695e-02, 2.886776e-05, 2.624342e-06, 0.431811, 3.436170e-03, 0.000000e+00, 0.000000, 5.000000e-01, 0, 0.431811, 3.436170e-03 
1.390679e+01, 8.073234e-02, 1.137215e-05, 1.350078e-04, 0, 8.055476e-02, 3.061732e-05, 5.831871e-07, 0.558419, 3.577750e-03, 0.000000e+00, 0.000000, 5.000000e-01, 0, 0.558419, 3.577750e-03 
1.398391e+01, 7.711687e-02, 9.622588e-06, 1.379238e-04, 0, 7.694279e-02, 2.566023e-05, 8.747807e-07, 0.557394, 2.554247e-03, 0.000000e+00, 0.000000, 5.000000e-01, 0, 0.557394, 2.554247e-03 
1.406127e+01, 7.736094e-02, 1.516287e-05, 1.437556e-04, 0, 7.716994e-02, 3.061732e-05, 1.457968e-06, 0.485351, 2.937048e-03, 0.000000e+00, 0.000000, 5.000000e-01, 0, 0.485351, 2.937048e-03 
1.413956e+01, 7.828908e-02, 1.020577e-05, 1.385069e-04, 0, 7.809780e-02, 4.169788e-05, 8.747807e-07, 0.453161, 3.863174e-03, 0.000000e+00, 0.000000, 5.000000e-01, 0, 0.453161, 3.863174e-03 
1.421705e+01, 7.749245e-02, 1.049737e-05, 1.236357e-04, 0, 7.732945e-02, 2.770139e-05, 1.166374e-06, 0.573657, 3.993106e-03, 0.000000e+00, 0.000000, 5.000000e-01, 0, 0.573657, 3.993106e-03 
1.429812e+01, 8.106184e-02, 9.622588e-06, 1.624176e-04, 0, 8.086414e-02, 2.507705e-05, 5.831871e-07, 0.511039, 3.704331e-03, 0.000000e+00, 0.000000, 5.000000e-01, 0, 0.511039, 3.704331e-03 
1.437497e+01, 7.684977e-02, 1.137215e-05, 1.288844e-04, 0, 7.668123e-02, 2.711820e-05, 1.166374e-06, 0.554006, 3.614060e-03, 0.000000e+00, 0.000000, 5.000000e-01, 0, 0.554006, 3.614060e-03 
1.445610e+01, 8.113008e-02, 1.020577e-05, 1.417145e-04, 0, 8.094987e-02, 2.770139e-05, 5.831871e-07, 0.439425, 4.347027e-03, 0.000000e+00, 0.000000, 5.000000e-01, 0, 0.439425, 4.347027e-03 
1.453094e+01, 7.484944e-02, 1.108056e-05, 1.352994e-04, 0, 7.467944e-02, 2.303589e-05, 5.831871e-07, 0.487078, 5.466637e-03, 0.000000e+00, 0.000000, 5.000000e-01, 0, 0.487078, 5.466637e-03 
1.460562e+01, 7.467915e-02, 1.020577e-05, 1.143047e-04, 0, 7.452636e-02, 2.740979e-05, 8.747807e-07, 0.244193, 4.412927e-03, 0.000000e+00, 0.000000, 5.000000e-01, 0, 0.244193, 4.412927e-03 
1.468240e+01, 7.677600e-02, 1.020577e-05, 1.189702e-04, 0, 7.662321e-02, 2.303589e-05, 5.831871e-07, 0.723736, 4.197356e-03, 0.000000e+00, 0.000000, 5.000000e-01, 0, 0.723736, 4.197356e-03 
1.476090e+01, 7.850486e-02, 1.137215e-05, 1.183870e-04, 0, 7.834244e-02, 3.149210e-05, 1.166374e-06, 0.508427, 5.024415e-03, 0.000000e+00, 0.000000, 5.000000e-01, 0, 0.508427, 5.024415e-03 
1.483978e+01, 7.887956e-02, 1.020577e-05, 1.455052e-04, 0, 7.869352e-02, 2.915936e-05, 1.166374e-06, 0.560220, 4.423479e-03, 0.000000e+00, 0.000000, 5.000000e-01, 0, 0.560220, 4.423479e-03 
1.491662e+01, 7.683724e-02, 9.039400e-06, 1.495875e-04, 0, 7.664741e-02, 3.003414e-05, 1.166374e-06, 0.576563, 3.793732e-03, 0.000000e+00, 0.000000, 5.000000e-01, 0, 0.576563, 3.793732e-03 
1.499210e+01, 7.547754e-02, 9.330994e-06, 1.323835e-04, 0, 7.530958e-02, 2.536864e-05, 8.747807e-07, 0.386190, 4.582805e-03, 0.000000e+00, 0.000000, 5.000000e-01, 0, 0.386190, 4.582805e-03 
1.506936e+01, 7.726121e-02, 9.330994e-06, 1.309255e-04, 0, 7.709180e-02, 2.828458e-05, 8.747807e-07, 0.217034, 3.407821e-03, 0.000000e+00, 0.000000, 5.000000e-01, 0, 0.217034, 3.407821e-03 
1.514880e+01, 7.943708e-02, 1.166374e-05, 1.347162e-04, 0, 7.926767e-02, 2.245270e-05, 5.831871e-07, 0.712667, 4.971941e-03, 0.000000e+00, 0.000000, 5.000000e-01, 0, 0.712667, 4.971941e-03 
1.522795e+01, 7.915570e-02, 1.166374e-05, 1.420061e-04, 0, 7.897053e-02, 3.032573e-05, 1.166374e-06, 0.638525, 4.418470e-03, 0.000000e+00, 0.000000, 5.000000e-01, 0, 0.638525, 4.418470e-03 
1.530713e+01, 7.917990e-02, 1.195534e-05, 1.347162e-04, 0, 7.900582e-02, 2.653501e-05, 8.747807e-07, 0.496598, 3.779981e-03, 0.000000e+00, 0.000000, 5.000000e-01, 0, 0.496598, 3.779981e-03 
1.538544e+01, 7.830949e-02, 1.166374e-05, 1.300507e-04, 0, 7.811617e-02, 5.073728e-05, 8.747807e-07, 0.576729, 3.045779e-03, 0.000000e+00, 0.000000, 5.000000e-01, 0, 0.576729, 3.045779e-03 
1.546328e+01, 7.783594e-02, 9.914181e-06, 1.452136e-04, 0, 7.765603e-02, 2.420227e-05, 5.831871e-07, 0.558063, 1.777243e-03, 0.000000e+00, 0.000000, 5.000000e-01, 0, 0.558063, 1.777243e-03 
1.553831e+01, 7.502848e-02, 8.747807e-06, 1.145963e-04, 0, 7.488239e-02, 2.216111e-05, 5.831871e-07, 0.387694, 3.426086e-03, 0.000000e+00, 0.000000, 5.000000e-01, 0, 0.387694, 3.426086e-03 
1.561621e+01, 7.790564e-02, 9.039400e-06, 1.143047e-04, 0, 7.775430e-02, 2.740979e-05, 5.831871e-07, 0.513099, 4.133893e-03, 0.000000e+00, 0.000000, 5.000000e-01, 0, 0.513099, 4.133893e-03 
0.250000, 0, 0, 0, 0, 0, 0, 0, 0, 0, 0, 0, 0, 0, 0 ,0