TRM WS=0, MS=1, TRMstep=0: ub=0.800000, lb=0.200000, grow=2.000000,shrink=0.500000, b_w=0,b_m=0, lr=1.100000, decay=0.000000, lambda=0.000100, n=370, n0=25, n1=10, n2=10, sub_tol=0.001000, sub_maxit=1000, tol=1.000000e-08, m=100 
time, iter_t, subset_m_time, g_time, subset_w_time, p1_time, t2, t3, total error, total gmag, rho, sigma, gamma, step, approx error, approx gmag 
8.186693e-02, 8.186693e-02, 3.965672e-05, 2.111137e-04, 0, 8.147182e-02, 1.026409e-04, 4.169788e-05, 1.452485, 8.047099e-03, 0.000000e+00, 0.000000, 1.100000e+00, 0, 1.452485, 8.047099e-03 
1.598396e-01, 7.797270e-02, 9.914181e-06, 1.262600e-04, 0, 7.780883e-02, 2.711820e-05, 5.831871e-07, 1.117186, 7.174678e-03, 0.000000e+00, 0.000000, 1.100000e+00, 0, 1.117186, 7.174678e-03 
2.389458e-01, 7.910613e-02, 1.195534e-05, 1.248020e-04, 0, 7.894108e-02, 2.740979e-05, 8.747807e-07, 0.818747, 5.747178e-03, 0.000000e+00, 0.000000, 1.100000e+00, 0, 0.818747, 5.747178e-03 
3.284116e-01, 8.946586e-02, 1.137215e-05, 1.326751e-04, 0, 8.929761e-02, 2.332748e-05, 8.747807e-07, 0.306307, 3.363305e-03, 0.000000e+00, 0.000000, 1.100000e+00, 0, 0.306307, 3.363305e-03 
4.549793e-01, 1.265676e-01, 9.622588e-06, 1.175122e-04, 0, 1.264093e-01, 3.032573e-05, 8.747807e-07, 0.089376, 1.325033e-03, 0.000000e+00, 0.000000, 1.100000e+00, 0, 0.089376, 1.325033e-03 
5.334194e-01, 7.844013e-02, 1.370490e-05, 1.379238e-04, 0, 7.825875e-02, 2.915936e-05, 5.831871e-07, 0.861976, 2.586698e-03, 0.000000e+00, 0.000000, 1.100000e+00, 0, 0.861976, 2.586698e-03 
6.105220e-01, 7.710259e-02, 1.399649e-05, 1.236357e-04, 0, 7.693754e-02, 2.653501e-05, 8.747807e-07, 0.406515, 4.832370e-03, 0.000000e+00, 0.000000, 1.100000e+00, 0, 0.406515, 4.832370e-03 
6.874356e-01, 7.691363e-02, 9.039400e-06, 1.271348e-04, 0, 7.675384e-02, 2.303589e-05, 5.831871e-07, 0.653009, 4.655027e-03, 0.000000e+00, 0.000000, 1.100000e+00, 0, 0.653009, 4.655027e-03 
7.609385e-01, 7.350286e-02, 9.622588e-06, 1.143047e-04, 0, 7.334336e-02, 3.499123e-05, 5.831871e-07, 0.749415, 4.597230e-03, 0.000000e+00, 0.000000, 1.100000e+00, 0, 0.749415, 4.597230e-03 
8.375346e-01, 7.659609e-02, 1.020577e-05, 1.560026e-04, 0, 7.640451e-02, 2.449386e-05, 8.747807e-07, 0.356943, 3.689630e-03, 0.000000e+00, 0.000000, 1.100000e+00, 0, 0.356943, 3.689630e-03 
9.157607e-01, 7.822610e-02, 1.049737e-05, 1.233441e-04, 0, 7.806426e-02, 2.711820e-05, 8.747807e-07, 0.830538, 3.429879e-03, 0.000000e+00, 0.000000, 1.100000e+00, 0, 0.830538, 3.429879e-03 
9.926973e-01, 7.693667e-02, 9.622588e-06, 1.288844e-04, 0, 7.677279e-02, 2.478545e-05, 5.831871e-07, 0.530840, 2.329624e-03, 0.000000e+00, 0.000000, 1.100000e+00, 0, 0.530840, 2.329624e-03 
1.073517e+00, 8.081924e-02, 8.747807e-06, 1.218861e-04, 0, 8.066265e-02, 2.478545e-05, 1.166374e-06, 0.534667, 3.757780e-03, 0.000000e+00, 0.000000, 1.100000e+00, 0, 0.534667, 3.757780e-03 
1.151195e+00, 7.767819e-02, 1.078896e-05, 1.221777e-04, 0, 7.751315e-02, 3.149210e-05, 5.831871e-07, 0.494683, 5.685984e-03, 0.000000e+00, 0.000000, 1.100000e+00, 0, 0.494683, 5.685984e-03 
1.229013e+00, 7.781845e-02, 1.020577e-05, 1.285928e-04, 0, 7.765137e-02, 2.740979e-05, 8.747807e-07, 0.832403, 3.656561e-03, 0.000000e+00, 0.000000, 1.100000e+00, 0, 0.832403, 3.656561e-03 
1.305904e+00, 7.689031e-02, 1.078896e-05, 1.230525e-04, 0, 7.673197e-02, 2.361908e-05, 8.747807e-07, 0.526900, 1.838847e-03, 0.000000e+00, 0.000000, 1.100000e+00, 0, 0.526900, 1.838847e-03 
1.383775e+00, 7.787152e-02, 1.049737e-05, 1.160542e-04, 0, 7.772076e-02, 2.361908e-05, 5.831871e-07, 0.559536, 3.286813e-03, 0.000000e+00, 0.000000, 1.100000e+00, 0, 0.559536, 3.286813e-03 
1.462603e+00, 7.882824e-02, 1.224693e-05, 1.341330e-04, 0, 7.865678e-02, 2.449386e-05, 5.831871e-07, 0.626685, 4.118183e-03, 0.000000e+00, 0.000000, 1.100000e+00, 0, 0.626685, 4.118183e-03 
1.537910e+00, 7.530637e-02, 1.137215e-05, 1.166374e-04, 0, 7.515124e-02, 2.653501e-05, 5.831871e-07, 0.684354, 4.235777e-03, 0.000000e+00, 0.000000, 1.100000e+00, 0, 0.684354, 4.235777e-03 
1.614611e+00, 7.670106e-02, 9.622588e-06, 1.379238e-04, 0, 7.652727e-02, 2.507705e-05, 1.166374e-06, 0.550859, 4.454959e-03, 0.000000e+00, 0.000000, 1.100000e+00, 0, 0.550859, 4.454959e-03 
1.692060e+00, 7.744929e-02, 9.330994e-06, 1.463800e-04, 0, 7.726763e-02, 2.536864e-05, 5.831871e-07, 0.773777, 4.544397e-03, 0.000000e+00, 0.000000, 1.100000e+00, 0, 0.773777, 4.544397e-03 
1.770054e+00, 7.799370e-02, 1.166374e-05, 1.236357e-04, 0, 7.783186e-02, 2.566023e-05, 8.747807e-07, 0.454983, 4.504958e-03, 0.000000e+00, 0.000000, 1.100000e+00, 0, 0.454983, 4.504958e-03 
1.847197e+00, 7.714283e-02, 9.039400e-06, 1.215945e-04, 0, 7.698274e-02, 2.886776e-05, 5.831871e-07, 0.634119, 4.760231e-03, 0.000000e+00, 0.000000, 1.100000e+00, 0, 0.634119, 4.760231e-03 
1.924978e+00, 7.778171e-02, 9.914181e-06, 1.460884e-04, 0, 7.758576e-02, 3.907354e-05, 8.747807e-07, 0.646359, 5.165341e-03, 0.000000e+00, 0.000000, 1.100000e+00, 0, 0.646359, 5.165341e-03 
2.001641e+00, 7.666315e-02, 1.049737e-05, 1.422977e-04, 0, 7.648003e-02, 2.945095e-05, 8.747807e-07, 0.590814, 5.286634e-03, 0.000000e+00, 0.000000, 1.100000e+00, 0, 0.590814, 5.286634e-03 
2.079809e+00, 7.816778e-02, 1.195534e-05, 1.417145e-04, 0, 7.798495e-02, 2.828458e-05, 8.747807e-07, 0.785484, 4.288158e-03, 0.000000e+00, 0.000000, 1.100000e+00, 0, 0.785484, 4.288158e-03 
2.156922e+00, 7.711279e-02, 9.914181e-06, 1.320919e-04, 0, 7.694075e-02, 2.915936e-05, 8.747807e-07, 0.442655, 3.792642e-03, 0.000000e+00, 0.000000, 1.100000e+00, 0, 0.442655, 3.792642e-03 
2.233900e+00, 7.697778e-02, 1.049737e-05, 1.469632e-04, 0, 7.679379e-02, 2.566023e-05, 8.747807e-07, 0.830409, 3.794916e-03, 0.000000e+00, 0.000000, 1.100000e+00, 0, 0.830409, 3.794916e-03 
2.314046e+00, 8.014624e-02, 9.622588e-06, 1.350078e-04, 0, 7.997128e-02, 2.945095e-05, 8.747807e-07, 0.526099, 1.315544e-03, 0.000000e+00, 0.000000, 1.100000e+00, 0, 0.526099, 1.315544e-03 
2.390023e+00, 7.597674e-02, 9.039400e-06, 1.306339e-04, 0, 7.581228e-02, 2.391067e-05, 8.747807e-07, 0.476358, 3.338178e-03, 0.000000e+00, 0.000000, 1.100000e+00, 0, 0.476358, 3.338178e-03 
2.468155e+00, 7.813249e-02, 1.108056e-05, 1.160542e-04, 0, 7.797212e-02, 3.207529e-05, 1.166374e-06, 0.683479, 4.731799e-03, 0.000000e+00, 0.000000, 1.100000e+00, 0, 0.683479, 4.731799e-03 
2.546310e+00, 7.815466e-02, 1.108056e-05, 1.408397e-04, 0, 7.797853e-02, 2.361908e-05, 5.831871e-07, 0.684658, 4.225029e-03, 0.000000e+00, 0.000000, 1.100000e+00, 0, 0.684658, 4.225029e-03 
2.625035e+00, 7.872472e-02, 9.330994e-06, 1.280096e-04, 0, 7.856201e-02, 2.449386e-05, 8.747807e-07, 0.642571, 3.738530e-03, 0.000000e+00, 0.000000, 1.100000e+00, 0, 0.642571, 3.738530e-03 
2.702154e+00, 7.711950e-02, 9.622588e-06, 1.326751e-04, 0, 7.695067e-02, 2.566023e-05, 8.747807e-07, 0.554357, 4.136229e-03, 0.000000e+00, 0.000000, 1.100000e+00, 0, 0.554357, 4.136229e-03 
2.778051e+00, 7.589656e-02, 1.049737e-05, 1.253852e-04, 0, 7.573560e-02, 2.420227e-05, 8.747807e-07, 0.800277, 4.320646e-03, 0.000000e+00, 0.000000, 1.100000e+00, 0, 0.800277, 4.320646e-03 
2.856748e+00, 7.869760e-02, 1.108056e-05, 1.233441e-04, 0, 7.853752e-02, 2.478545e-05, 8.747807e-07, 0.585558, 2.146762e-03, 0.000000e+00, 0.000000, 1.100000e+00, 0, 0.585558, 2.146762e-03 
2.935218e+00, 7.846958e-02, 9.622588e-06, 1.221777e-04, 0, 7.829404e-02, 4.286425e-05, 8.747807e-07, 0.550832, 2.330710e-03, 0.000000e+00, 0.000000, 1.100000e+00, 0, 0.550832, 2.330710e-03 
3.013171e+00, 7.795287e-02, 1.457968e-05, 1.734982e-04, 0, 7.773680e-02, 2.682661e-05, 1.166374e-06, 0.591138, 3.305942e-03, 0.000000e+00, 0.000000, 1.100000e+00, 0, 0.591138, 3.305942e-03 
3.093461e+00, 8.029029e-02, 9.914181e-06, 1.350078e-04, 0, 8.011796e-02, 2.682661e-05, 5.831871e-07, 0.637006, 3.655581e-03, 0.000000e+00, 0.000000, 1.100000e+00, 0, 0.637006, 3.655581e-03 
3.168859e+00, 7.539793e-02, 9.914181e-06, 1.338414e-04, 0, 7.522327e-02, 3.003414e-05, 8.747807e-07, 0.595396, 3.698318e-03, 0.000000e+00, 0.000000, 1.100000e+00, 0, 0.595396, 3.698318e-03 
3.243585e+00, 7.472639e-02, 9.914181e-06, 1.329667e-04, 0, 7.455697e-02, 2.566023e-05, 8.747807e-07, 0.642358, 4.561277e-03, 0.000000e+00, 0.000000, 1.100000e+00, 0, 0.642358, 4.561277e-03 
3.321269e+00, 7.768402e-02, 1.166374e-05, 1.262600e-04, 0, 7.751811e-02, 2.740979e-05, 5.831871e-07, 0.597383, 5.298259e-03, 0.000000e+00, 0.000000, 1.100000e+00, 0, 0.597383, 5.298259e-03 
3.397723e+00, 7.645350e-02, 9.622588e-06, 1.224693e-04, 0, 7.629604e-02, 2.478545e-05, 5.831871e-07, 0.770110, 4.849257e-03, 0.000000e+00, 0.000000, 1.100000e+00, 0, 0.770110, 4.849257e-03 
3.476828e+00, 7.910496e-02, 1.078896e-05, 1.335499e-04, 0, 7.893496e-02, 2.478545e-05, 8.747807e-07, 0.639134, 3.993225e-03, 0.000000e+00, 0.000000, 1.100000e+00, 0, 0.639134, 3.993225e-03 
3.590306e+00, 1.134786e-01, 8.456213e-06, 1.213029e-04, 0, 1.133203e-01, 2.770139e-05, 8.747807e-07, 0.221633, 3.641164e-03, 0.000000e+00, 0.000000, 1.100000e+00, 0, 0.221633, 3.641164e-03 
3.670821e+00, 8.051481e-02, 1.078896e-05, 1.250936e-04, 0, 8.035298e-02, 2.536864e-05, 5.831871e-07, 0.818044, 3.570690e-03, 0.000000e+00, 0.000000, 1.100000e+00, 0, 0.818044, 3.570690e-03 
3.749146e+00, 7.832436e-02, 1.020577e-05, 1.250936e-04, 0, 7.816399e-02, 2.449386e-05, 5.831871e-07, 0.631172, 3.807960e-03, 0.000000e+00, 0.000000, 1.100000e+00, 0, 0.631172, 3.807960e-03 
3.827130e+00, 7.798437e-02, 1.137215e-05, 1.262600e-04, 0, 7.781903e-02, 2.682661e-05, 8.747807e-07, 0.637097, 3.632481e-03, 0.000000e+00, 0.000000, 1.100000e+00, 0, 0.637097, 3.632481e-03 
3.905421e+00, 7.829083e-02, 1.108056e-05, 1.355910e-04, 0, 7.811558e-02, 2.770139e-05, 8.747807e-07, 0.495600, 4.506767e-03, 0.000000e+00, 0.000000, 1.100000e+00, 0, 0.495600, 4.506767e-03 
3.981238e+00, 7.581695e-02, 1.020577e-05, 1.431724e-04, 0, 7.563470e-02, 2.770139e-05, 1.166374e-06, 0.827473, 4.296930e-03, 0.000000e+00, 0.000000, 1.100000e+00, 0, 0.827473, 4.296930e-03 
4.063597e+00, 8.235914e-02, 1.370490e-05, 1.498791e-04, 0, 8.216815e-02, 2.653501e-05, 8.747807e-07, 0.370225, 4.159332e-03, 0.000000e+00, 0.000000, 1.100000e+00, 0, 0.370225, 4.159332e-03 
4.142134e+00, 7.853752e-02, 1.078896e-05, 1.218861e-04, 0, 7.838122e-02, 2.303589e-05, 5.831871e-07, 0.875845, 3.376838e-03, 0.000000e+00, 0.000000, 1.100000e+00, 0, 0.875845, 3.376838e-03 
4.219222e+00, 7.708742e-02, 2.391067e-05, 1.411313e-04, 0, 7.688564e-02, 3.615760e-05, 5.831871e-07, 0.318896, 3.930063e-03, 0.000000e+00, 0.000000, 1.100000e+00, 0, 0.318896, 3.930063e-03 
4.296820e+00, 7.759800e-02, 1.108056e-05, 1.259684e-04, 0, 7.743209e-02, 2.770139e-05, 1.166374e-06, 0.851340, 3.161096e-03, 0.000000e+00, 0.000000, 1.100000e+00, 0, 0.851340, 3.161096e-03 
4.376662e+00, 7.984182e-02, 1.049737e-05, 1.318003e-04, 0, 7.967182e-02, 2.682661e-05, 8.747807e-07, 0.490035, 2.990832e-03, 0.000000e+00, 0.000000, 1.100000e+00, 0, 0.490035, 2.990832e-03 
4.450250e+00, 7.358801e-02, 9.914181e-06, 1.338414e-04, 0, 7.341334e-02, 2.974254e-05, 1.166374e-06, 0.742402, 4.215130e-03, 0.000000e+00, 0.000000, 1.100000e+00, 0, 0.742402, 4.215130e-03 
4.526887e+00, 7.663779e-02, 1.108056e-05, 1.329667e-04, 0, 7.646837e-02, 2.478545e-05, 5.831871e-07, 0.604519, 2.910624e-03, 0.000000e+00, 0.000000, 1.100000e+00, 0, 0.604519, 2.910624e-03 
4.604583e+00, 7.769569e-02, 9.039400e-06, 1.288844e-04, 0, 7.753152e-02, 2.536864e-05, 8.747807e-07, 0.582396, 3.328879e-03, 0.000000e+00, 0.000000, 1.100000e+00, 0, 0.582396, 3.328879e-03 
4.682476e+00, 7.789339e-02, 8.747807e-06, 1.268432e-04, 0, 7.773330e-02, 2.391067e-05, 5.831871e-07, 0.668915, 4.196863e-03, 0.000000e+00, 0.000000, 1.100000e+00, 0, 0.668915, 4.196863e-03 
4.761019e+00, 7.854277e-02, 9.914181e-06, 1.175122e-04, 0, 7.838647e-02, 2.799298e-05, 8.747807e-07, 0.491581, 4.535120e-03, 0.000000e+00, 0.000000, 1.100000e+00, 0, 0.491581, 4.535120e-03 
4.839550e+00, 7.853081e-02, 9.622588e-06, 1.417145e-04, 0, 7.835381e-02, 2.507705e-05, 5.831871e-07, 0.796965, 4.600334e-03, 0.000000e+00, 0.000000, 1.100000e+00, 0, 0.796965, 4.600334e-03 
4.917975e+00, 7.842525e-02, 1.487127e-05, 1.294675e-04, 0, 7.825351e-02, 2.653501e-05, 8.747807e-07, 0.531988, 4.657992e-03, 0.000000e+00, 0.000000, 1.100000e+00, 0, 0.531988, 4.657992e-03 
4.995414e+00, 7.743850e-02, 1.341330e-05, 1.428808e-04, 0, 7.725042e-02, 3.032573e-05, 1.457968e-06, 0.719402, 5.470104e-03, 0.000000e+00, 0.000000, 1.100000e+00, 0, 0.719402, 5.470104e-03 
5.074683e+00, 7.926883e-02, 9.622588e-06, 1.347162e-04, 0, 7.909621e-02, 2.770139e-05, 5.831871e-07, 0.589650, 5.396695e-03, 0.000000e+00, 0.000000, 1.100000e+00, 0, 0.589650, 5.396695e-03 
5.152745e+00, 7.806222e-02, 1.166374e-05, 1.291759e-04, 0, 7.789280e-02, 2.799298e-05, 5.831871e-07, 0.601031, 5.596430e-03, 0.000000e+00, 0.000000, 1.100000e+00, 0, 0.601031, 5.596430e-03 
5.230855e+00, 7.811033e-02, 1.137215e-05, 1.221777e-04, 0, 7.795054e-02, 2.536864e-05, 8.747807e-07, 0.756717, 4.474919e-03, 0.000000e+00, 0.000000, 1.100000e+00, 0, 0.756717, 4.474919e-03 
5.307455e+00, 7.660017e-02, 1.195534e-05, 1.233441e-04, 0, 7.644067e-02, 2.361908e-05, 5.831871e-07, 0.443501, 3.539546e-03, 0.000000e+00, 0.000000, 1.100000e+00, 0, 0.443501, 3.539546e-03 
5.386321e+00, 7.886556e-02, 1.137215e-05, 1.151795e-04, 0, 7.871364e-02, 2.478545e-05, 5.831871e-07, 0.706971, 5.135126e-03, 0.000000e+00, 0.000000, 1.100000e+00, 0, 0.706971, 5.135126e-03 
5.462736e+00, 7.641501e-02, 9.622588e-06, 1.210113e-04, 0, 7.626046e-02, 2.332748e-05, 5.831871e-07, 0.690464, 4.540189e-03, 0.000000e+00, 0.000000, 1.100000e+00, 0, 0.690464, 4.540189e-03 
5.539773e+00, 7.703669e-02, 8.747807e-06, 1.236357e-04, 0, 7.687310e-02, 3.003414e-05, 1.166374e-06, 0.640895, 3.574275e-03, 0.000000e+00, 0.000000, 1.100000e+00, 0, 0.640895, 3.574275e-03 
5.616929e+00, 7.715595e-02, 1.049737e-05, 1.545446e-04, 0, 7.696554e-02, 2.478545e-05, 5.831871e-07, 0.422213, 4.962306e-03, 0.000000e+00, 0.000000, 1.100000e+00, 0, 0.422213, 4.962306e-03 
5.694806e+00, 7.787706e-02, 1.049737e-05, 1.306339e-04, 0, 7.771231e-02, 2.274430e-05, 8.747807e-07, 0.840023, 4.051619e-03, 0.000000e+00, 0.000000, 1.100000e+00, 0, 0.840023, 4.051619e-03 
5.773298e+00, 7.849232e-02, 1.108056e-05, 1.239273e-04, 0, 7.832874e-02, 2.770139e-05, 8.747807e-07, 0.655821, 3.775304e-03, 0.000000e+00, 0.000000, 1.100000e+00, 0, 0.655821, 3.775304e-03 
5.852005e+00, 7.870664e-02, 1.137215e-05, 1.355910e-04, 0, 7.853519e-02, 2.391067e-05, 5.831871e-07, 0.547214, 3.737664e-03, 0.000000e+00, 0.000000, 1.100000e+00, 0, 0.547214, 3.737664e-03 
5.925299e+00, 7.329467e-02, 9.330994e-06, 1.218861e-04, 0, 7.313896e-02, 2.361908e-05, 8.747807e-07, 0.788925, 4.474221e-03, 0.000000e+00, 0.000000, 1.100000e+00, 0, 0.788925, 4.474221e-03 
6.004829e+00, 7.952981e-02, 8.456213e-06, 1.166374e-04, 0, 7.938022e-02, 2.361908e-05, 8.747807e-07, 0.344018, 3.856343e-03, 0.000000e+00, 0.000000, 1.100000e+00, 0, 0.344018, 3.856343e-03 
6.083196e+00, 7.836723e-02, 2.128633e-05, 1.475463e-04, 0, 7.816924e-02, 2.828458e-05, 8.747807e-07, 0.864229, 3.073199e-03, 0.000000e+00, 0.000000, 1.100000e+00, 0, 0.864229, 3.073199e-03 
6.161176e+00, 7.797970e-02, 1.370490e-05, 1.236357e-04, 0, 7.781641e-02, 2.507705e-05, 8.747807e-07, 0.499728, 2.754444e-03, 0.000000e+00, 0.000000, 1.100000e+00, 0, 0.499728, 2.754444e-03 
6.239009e+00, 7.783332e-02, 9.330994e-06, 1.189702e-04, 0, 7.767790e-02, 2.653501e-05, 5.831871e-07, 0.531519, 5.165211e-03, 0.000000e+00, 0.000000, 1.100000e+00, 0, 0.531519, 5.165211e-03 
6.314862e+00, 7.585223e-02, 1.078896e-05, 1.259684e-04, 0, 7.568982e-02, 2.478545e-05, 8.747807e-07, 0.788043, 4.712506e-03, 0.000000e+00, 0.000000, 1.100000e+00, 0, 0.788043, 4.712506e-03 
6.391808e+00, 7.694600e-02, 1.078896e-05, 1.236357e-04, 0, 7.678562e-02, 2.536864e-05, 5.831871e-07, 0.280146, 4.702227e-03, 0.000000e+00, 0.000000, 1.100000e+00, 0, 0.280146, 4.702227e-03 
6.470175e+00, 7.836723e-02, 9.622588e-06, 1.280096e-04, 0, 7.820014e-02, 2.857617e-05, 8.747807e-07, 0.894624, 2.780872e-03, 0.000000e+00, 0.000000, 1.100000e+00, 0, 0.894624, 2.780872e-03 
6.549080e+00, 7.890493e-02, 1.137215e-05, 1.329667e-04, 0, 7.873580e-02, 2.391067e-05, 8.747807e-07, 0.554521, 4.771916e-03, 0.000000e+00, 0.000000, 1.100000e+00, 0, 0.554521, 4.771916e-03 
6.626058e+00, 7.697866e-02, 8.747807e-06, 1.172206e-04, 0, 7.682849e-02, 2.361908e-05, 5.831871e-07, 0.580343, 5.623507e-03, 0.000000e+00, 0.000000, 1.100000e+00, 0, 0.580343, 5.623507e-03 
6.702595e+00, 7.653631e-02, 9.622588e-06, 1.455052e-04, 0, 7.635144e-02, 2.915936e-05, 5.831871e-07, 0.653169, 5.440664e-03, 0.000000e+00, 0.000000, 1.100000e+00, 0, 0.653169, 5.440664e-03 
6.780445e+00, 7.785052e-02, 9.039400e-06, 1.250936e-04, 0, 7.768286e-02, 3.207529e-05, 1.457968e-06, 0.535441, 6.075317e-03, 0.000000e+00, 0.000000, 1.100000e+00, 0, 0.535441, 6.075317e-03 
6.859836e+00, 7.939043e-02, 1.078896e-05, 1.376322e-04, 0, 7.921547e-02, 2.566023e-05, 8.747807e-07, 0.813186, 3.995864e-03, 0.000000e+00, 0.000000, 1.100000e+00, 0, 0.813186, 3.995864e-03 
6.939209e+00, 7.937381e-02, 9.039400e-06, 1.326751e-04, 0, 7.920877e-02, 2.245270e-05, 8.747807e-07, 0.472429, 1.969824e-03, 0.000000e+00, 0.000000, 1.100000e+00, 0, 0.472429, 1.969824e-03 
7.014385e+00, 7.517603e-02, 9.039400e-06, 1.204281e-04, 0, 7.502177e-02, 2.391067e-05, 8.747807e-07, 0.645667, 4.393233e-03, 0.000000e+00, 0.000000, 1.100000e+00, 0, 0.645667, 4.393233e-03 
7.090276e+00, 7.589014e-02, 9.039400e-06, 1.157626e-04, 0, 7.573676e-02, 2.770139e-05, 8.747807e-07, 0.600623, 4.664737e-03, 0.000000e+00, 0.000000, 1.100000e+00, 0, 0.600623, 4.664737e-03 
7.168292e+00, 7.801644e-02, 1.195534e-05, 1.358826e-04, 0, 7.784382e-02, 2.420227e-05, 5.831871e-07, 0.704808, 5.332598e-03, 0.000000e+00, 0.000000, 1.100000e+00, 0, 0.704808, 5.332598e-03 
7.246423e+00, 7.813045e-02, 1.078896e-05, 1.259684e-04, 0, 7.796337e-02, 2.974254e-05, 5.831871e-07, 0.481219, 5.614365e-03, 0.000000e+00, 0.000000, 1.100000e+00, 0, 0.481219, 5.614365e-03 
7.325199e+00, 7.877604e-02, 1.312171e-05, 1.242189e-04, 0, 7.861421e-02, 2.332748e-05, 1.166374e-06, 0.829159, 4.114661e-03, 0.000000e+00, 0.000000, 1.100000e+00, 0, 0.829159, 4.114661e-03 
7.402510e+00, 7.731166e-02, 1.137215e-05, 1.248020e-04, 0, 7.715012e-02, 2.449386e-05, 8.747807e-07, 0.565509, 2.545806e-03, 0.000000e+00, 0.000000, 1.100000e+00, 0, 0.565509, 2.545806e-03 
7.479669e+00, 7.715886e-02, 8.747807e-06, 1.178038e-04, 0, 7.700490e-02, 2.478545e-05, 2.624342e-06, 0.496240, 4.718273e-03, 0.000000e+00, 0.000000, 1.100000e+00, 0, 0.496240, 4.718273e-03 
7.609610e+00, 1.299405e-01, 1.020577e-05, 1.230525e-04, 0, 1.297825e-01, 2.391067e-05, 8.747807e-07, 0.126577, 2.392516e-03, 0.000000e+00, 0.000000, 1.100000e+00, 0, 0.126577, 2.392516e-03 
7.687253e+00, 7.764378e-02, 9.914181e-06, 1.256768e-04, 0, 7.747991e-02, 2.740979e-05, 8.747807e-07, 0.757124, 3.772329e-03, 0.000000e+00, 0.000000, 1.100000e+00, 0, 0.757124, 3.772329e-03 
7.765803e+00, 7.854977e-02, 1.487127e-05, 1.262600e-04, 0, 7.838152e-02, 2.653501e-05, 5.831871e-07, 0.666950, 5.547502e-03, 0.000000e+00, 0.000000, 1.100000e+00, 0, 0.666950, 5.547502e-03 
7.845918e+00, 8.011504e-02, 1.224693e-05, 1.169290e-04, 0, 7.995816e-02, 2.478545e-05, 2.915936e-06, 0.797538, 5.036908e-03, 0.000000e+00, 0.000000, 1.100000e+00, 0, 0.797538, 5.036908e-03 
7.924137e+00, 7.821851e-02, 9.622588e-06, 1.248020e-04, 0, 7.805785e-02, 2.536864e-05, 8.747807e-07, 0.500206, 2.205821e-03, 0.000000e+00, 0.000000, 1.100000e+00, 0, 0.500206, 2.205821e-03 
8.004192e+00, 8.005555e-02, 1.166374e-05, 1.574605e-04, 0, 7.986310e-02, 2.245270e-05, 8.747807e-07, 0.661529, 4.365314e-03, 0.000000e+00, 0.000000, 1.100000e+00, 0, 0.661529, 4.365314e-03 
8.082559e+00, 7.836723e-02, 9.914181e-06, 1.262600e-04, 0, 7.820014e-02, 2.974254e-05, 1.166374e-06, 0.429615, 3.701206e-03, 0.000000e+00, 0.000000, 1.100000e+00, 0, 0.429615, 3.701206e-03 
8.161500e+00, 7.894021e-02, 1.078896e-05, 1.428808e-04, 0, 7.876146e-02, 2.420227e-05, 8.747807e-07, 0.727506, 4.799733e-03, 0.000000e+00, 0.000000, 1.100000e+00, 0, 0.727506, 4.799733e-03 
8.238054e+00, 7.655468e-02, 1.049737e-05, 1.236357e-04, 0, 7.639606e-02, 2.391067e-05, 5.831871e-07, 0.601078, 3.939156e-03, 0.000000e+00, 0.000000, 1.100000e+00, 0, 0.601078, 3.939156e-03 
8.316191e+00, 7.813658e-02, 1.108056e-05, 1.175122e-04, 0, 7.798437e-02, 2.303589e-05, 5.831871e-07, 0.626356, 5.054667e-03, 0.000000e+00, 0.000000, 1.100000e+00, 0, 0.626356, 5.054667e-03 
8.388768e+00, 7.257676e-02, 9.914181e-06, 1.233441e-04, 0, 7.241872e-02, 2.391067e-05, 8.747807e-07, 0.783210, 5.072822e-03, 0.000000e+00, 0.000000, 1.100000e+00, 0, 0.783210, 5.072822e-03 
8.467145e+00, 7.837714e-02, 1.078896e-05, 1.213029e-04, 0, 7.821822e-02, 2.595183e-05, 8.747807e-07, 0.552409, 1.800021e-03, 0.000000e+00, 0.000000, 1.100000e+00, 0, 0.552409, 1.800021e-03 
8.546509e+00, 7.936419e-02, 1.049737e-05, 1.207197e-04, 0, 7.920877e-02, 2.361908e-05, 5.831871e-07, 0.511301, 3.230419e-03, 0.000000e+00, 0.000000, 1.100000e+00, 0, 0.511301, 3.230419e-03 
8.624695e+00, 7.818586e-02, 9.330994e-06, 1.323835e-04, 0, 7.801557e-02, 2.799298e-05, 5.831871e-07, 0.754528, 4.516450e-03, 0.000000e+00, 0.000000, 1.100000e+00, 0, 0.754528, 4.516450e-03 
8.702102e+00, 7.740701e-02, 1.078896e-05, 1.221777e-04, 0, 7.724547e-02, 2.770139e-05, 8.747807e-07, 0.436332, 2.835185e-03, 0.000000e+00, 0.000000, 1.100000e+00, 0, 0.436332, 2.835185e-03 
8.779139e+00, 7.703756e-02, 1.195534e-05, 1.670831e-04, 0, 7.683170e-02, 2.624342e-05, 5.831871e-07, 0.729363, 4.700701e-03, 0.000000e+00, 0.000000, 1.100000e+00, 0, 0.729363, 4.700701e-03 
8.857002e+00, 7.786277e-02, 1.341330e-05, 1.213029e-04, 0, 7.768927e-02, 3.732398e-05, 1.457968e-06, 0.461107, 3.710097e-03, 0.000000e+00, 0.000000, 1.100000e+00, 0, 0.461107, 3.710097e-03 
9.093246e+00, 2.362441e-01, 1.049737e-05, 1.522118e-04, 0, 2.360529e-01, 2.740979e-05, 1.166374e-06, 0.115192, 1.954243e-03, 0.000000e+00, 0.000000, 1.100000e+00, 0, 0.115192, 1.954243e-03 
9.164372e+00, 7.112521e-02, 9.330994e-06, 1.411313e-04, 0, 7.095055e-02, 2.361908e-05, 5.831871e-07, 0.870236, 2.758047e-03, 0.000000e+00, 0.000000, 1.100000e+00, 0, 0.870236, 2.758047e-03 
9.240305e+00, 7.593388e-02, 1.078896e-05, 1.163458e-04, 0, 7.577525e-02, 3.061732e-05, 8.747807e-07, 0.467331, 2.588519e-03, 0.000000e+00, 0.000000, 1.100000e+00, 0, 0.467331, 2.588519e-03 
9.318095e+00, 7.778987e-02, 1.078896e-05, 1.277180e-04, 0, 7.762658e-02, 2.391067e-05, 8.747807e-07, 0.698790, 4.989743e-03, 0.000000e+00, 0.000000, 1.100000e+00, 0, 0.698790, 4.989743e-03 
9.396019e+00, 7.792371e-02, 1.049737e-05, 1.227609e-04, 0, 7.776625e-02, 2.332748e-05, 8.747807e-07, 0.636125, 3.553350e-03, 0.000000e+00, 0.000000, 1.100000e+00, 0, 0.636125, 3.553350e-03 
9.474605e+00, 7.858621e-02, 1.166374e-05, 1.218861e-04, 0, 7.842613e-02, 2.536864e-05, 1.166374e-06, 0.535782, 2.247262e-03, 0.000000e+00, 0.000000, 1.100000e+00, 0, 0.535782, 2.247262e-03 
9.553185e+00, 7.858009e-02, 1.108056e-05, 1.265516e-04, 0, 7.841563e-02, 2.595183e-05, 8.747807e-07, 0.566510, 4.459485e-03, 0.000000e+00, 0.000000, 1.100000e+00, 0, 0.566510, 4.459485e-03 
9.628695e+00, 7.550932e-02, 9.039400e-06, 1.227609e-04, 0, 7.534923e-02, 2.740979e-05, 8.747807e-07, 0.797782, 4.836145e-03, 0.000000e+00, 0.000000, 1.100000e+00, 0, 0.797782, 4.836145e-03 
9.706029e+00, 7.733411e-02, 9.330994e-06, 1.198450e-04, 0, 7.716236e-02, 4.198947e-05, 5.831871e-07, 0.509309, 1.465303e-03, 0.000000e+00, 0.000000, 1.100000e+00, 0, 0.509309, 1.465303e-03 
9.783399e+00, 7.737056e-02, 1.049737e-05, 1.650420e-04, 0, 7.716907e-02, 2.536864e-05, 5.831871e-07, 0.614088, 3.645636e-03, 0.000000e+00, 0.000000, 1.100000e+00, 0, 0.614088, 3.645636e-03 
9.864400e+00, 8.100061e-02, 9.039400e-06, 1.285928e-04, 0, 8.083440e-02, 2.770139e-05, 8.747807e-07, 0.560579, 4.055195e-03, 0.000000e+00, 0.000000, 1.100000e+00, 0, 0.560579, 4.055195e-03 
1.005140e+01, 1.870001e-01, 9.330994e-06, 1.306339e-04, 0, 1.868336e-01, 2.566023e-05, 8.747807e-07, 0.120296, 2.706776e-03, 0.000000e+00, 0.000000, 1.100000e+00, 0, 0.120296, 2.706776e-03 
1.012232e+01, 7.092314e-02, 1.049737e-05, 1.382153e-04, 0, 7.074585e-02, 2.740979e-05, 1.166374e-06, 0.845423, 3.465812e-03, 0.000000e+00, 0.000000, 1.100000e+00, 0, 0.845423, 3.465812e-03 
1.019839e+01, 7.606655e-02, 9.622588e-06, 1.329667e-04, 0, 7.590005e-02, 2.332748e-05, 5.831871e-07, 0.445305, 2.711653e-03, 0.000000e+00, 0.000000, 1.100000e+00, 0, 0.445305, 2.711653e-03 
1.027546e+01, 7.706555e-02, 1.108056e-05, 1.172206e-04, 0, 7.691159e-02, 2.478545e-05, 8.747807e-07, 0.726248, 4.153840e-03, 0.000000e+00, 0.000000, 1.100000e+00, 0, 0.726248, 4.153840e-03 
1.035202e+01, 7.655993e-02, 1.078896e-05, 1.248020e-04, 0, 7.639985e-02, 2.391067e-05, 5.831871e-07, 0.538902, 1.987964e-03, 0.000000e+00, 0.000000, 1.100000e+00, 0, 0.538902, 1.987964e-03 
1.043116e+01, 7.914345e-02, 1.049737e-05, 1.183870e-04, 0, 7.898949e-02, 2.449386e-05, 5.831871e-07, 0.578592, 3.571948e-03, 0.000000e+00, 0.000000, 1.100000e+00, 0, 0.578592, 3.571948e-03 
1.050977e+01, 7.860983e-02, 9.330994e-06, 1.250936e-04, 0, 7.844946e-02, 2.507705e-05, 8.747807e-07, 0.699973, 4.104136e-03, 0.000000e+00, 0.000000, 1.100000e+00, 0, 0.699973, 4.104136e-03 
1.058703e+01, 7.725946e-02, 1.108056e-05, 1.271348e-04, 0, 7.709530e-02, 2.507705e-05, 8.747807e-07, 0.522432, 3.402700e-03, 0.000000e+00, 0.000000, 1.100000e+00, 0, 0.522432, 3.402700e-03 
1.066740e+01, 8.036960e-02, 1.020577e-05, 1.248020e-04, 0, 8.021068e-02, 2.303589e-05, 8.747807e-07, 0.683222, 5.376469e-03, 0.000000e+00, 0.000000, 1.100000e+00, 0, 0.683222, 5.376469e-03 
1.074447e+01, 7.707197e-02, 1.399649e-05, 1.245105e-04, 0, 7.690372e-02, 2.886776e-05, 8.747807e-07, 0.648719, 5.954394e-03, 0.000000e+00, 0.000000, 1.100000e+00, 0, 0.648719, 5.954394e-03 
1.082116e+01, 7.668940e-02, 1.341330e-05, 1.227609e-04, 0, 7.652494e-02, 2.711820e-05, 1.166374e-06, 0.719992, 5.720958e-03, 0.000000e+00, 0.000000, 1.100000e+00, 0, 0.719992, 5.720958e-03 
1.099776e+01, 1.766031e-01, 9.914181e-06, 1.364658e-04, 0, 1.764287e-01, 2.711820e-05, 8.747807e-07, 0.193621, 2.877990e-03, 0.000000e+00, 0.000000, 1.100000e+00, 0, 0.193621, 2.877990e-03 
1.107383e+01, 7.606889e-02, 1.283012e-05, 1.370490e-04, 0, 7.589510e-02, 2.332748e-05, 5.831871e-07, 0.838125, 3.202215e-03, 0.000000e+00, 0.000000, 1.100000e+00, 0, 0.838125, 3.202215e-03 
1.115036e+01, 7.653223e-02, 1.195534e-05, 1.221777e-04, 0, 7.637302e-02, 2.420227e-05, 8.747807e-07, 0.273198, 3.804269e-03, 0.000000e+00, 0.000000, 1.100000e+00, 0, 0.273198, 3.804269e-03 
1.122777e+01, 7.740497e-02, 9.622588e-06, 1.236357e-04, 0, 7.724459e-02, 2.624342e-05, 8.747807e-07, 0.888147, 2.647767e-03, 0.000000e+00, 0.000000, 1.100000e+00, 0, 0.888147, 2.647767e-03 
1.130584e+01, 7.807622e-02, 9.330994e-06, 1.230525e-04, 0, 7.791963e-02, 2.332748e-05, 8.747807e-07, 0.510704, 1.433664e-03, 0.000000e+00, 0.000000, 1.100000e+00, 0, 0.510704, 1.433664e-03 
1.138294e+01, 7.709267e-02, 1.370490e-05, 1.335499e-04, 0, 7.692034e-02, 2.449386e-05, 5.831871e-07, 0.560735, 3.817293e-03, 0.000000e+00, 0.000000, 1.100000e+00, 0, 0.560735, 3.817293e-03 
1.160379e+01, 2.208556e-01, 1.137215e-05, 1.297591e-04, 0, 2.206905e-01, 2.303589e-05, 8.747807e-07, 0.122234, 3.020587e-03, 0.000000e+00, 0.000000, 1.100000e+00, 0, 0.122234, 3.020587e-03 
1.167941e+01, 7.561517e-02, 1.020577e-05, 1.145963e-04, 0, 7.544954e-02, 3.994832e-05, 8.747807e-07, 0.846605, 3.383408e-03, 0.000000e+00, 0.000000, 1.100000e+00, 0, 0.846605, 3.383408e-03 
1.175651e+01, 7.710667e-02, 1.283012e-05, 1.218861e-04, 0, 7.694629e-02, 2.507705e-05, 5.831871e-07, 0.332307, 3.994448e-03, 0.000000e+00, 0.000000, 1.100000e+00, 0, 0.332307, 3.994448e-03 
1.187147e+01, 1.149596e-01, 9.039400e-06, 1.242189e-04, 0, 1.147981e-01, 2.770139e-05, 5.831871e-07, 0.023323, 5.397540e-04, 0.000000e+00, 0.000000, 1.100000e+00, 0, 0.023323, 5.397540e-04 
1.194915e+01, 7.767644e-02, 9.039400e-06, 1.230525e-04, 0, 7.751840e-02, 2.536864e-05, 5.831871e-07, 0.922217, 1.774704e-03, 0.000000e+00, 0.000000, 1.100000e+00, 0, 0.922217, 1.774704e-03 
1.202722e+01, 7.806893e-02, 1.020577e-05, 1.207197e-04, 0, 7.790826e-02, 2.886776e-05, 8.747807e-07, 0.520162, 2.694285e-03, 0.000000e+00, 0.000000, 1.100000e+00, 0, 0.520162, 2.694285e-03 
1.210543e+01, 7.821123e-02, 1.516287e-05, 1.344246e-04, 0, 7.803539e-02, 2.536864e-05, 8.747807e-07, 0.661555, 4.230805e-03, 0.000000e+00, 0.000000, 1.100000e+00, 0, 0.661555, 4.230805e-03 
1.218247e+01, 7.703814e-02, 1.078896e-05, 1.277180e-04, 0, 7.687398e-02, 2.478545e-05, 8.747807e-07, 0.517576, 1.392458e-03, 0.000000e+00, 0.000000, 1.100000e+00, 0, 0.517576, 1.392458e-03 
1.225918e+01, 7.671622e-02, 9.914181e-06, 1.271348e-04, 0, 7.655322e-02, 2.507705e-05, 8.747807e-07, 0.589338, 3.127369e-03, 0.000000e+00, 0.000000, 1.100000e+00, 0, 0.589338, 3.127369e-03 
1.233600e+01, 7.681916e-02, 1.020577e-05, 1.259684e-04, 0, 7.665616e-02, 2.624342e-05, 5.831871e-07, 0.301820, 4.613532e-03, 0.000000e+00, 0.000000, 1.100000e+00, 0, 0.301820, 4.613532e-03 
1.242096e+01, 8.495403e-02, 1.428808e-05, 1.615428e-04, 0, 8.474817e-02, 2.915936e-05, 8.747807e-07, 0.846769, 3.374308e-03, 0.000000e+00, 0.000000, 1.100000e+00, 0, 0.846769, 3.374308e-03 
1.249954e+01, 7.858301e-02, 1.166374e-05, 1.586269e-04, 0, 7.838472e-02, 2.449386e-05, 3.499123e-06, 0.274419, 5.264537e-03, 0.000000e+00, 0.000000, 1.100000e+00, 0, 0.274419, 5.264537e-03 
1.257707e+01, 7.752540e-02, 9.330994e-06, 1.163458e-04, 0, 7.735919e-02, 3.965672e-05, 8.747807e-07, 0.854700, 3.268512e-03, 0.000000e+00, 0.000000, 1.100000e+00, 0, 0.854700, 3.268512e-03 
1.265433e+01, 7.726559e-02, 1.195534e-05, 1.565857e-04, 0, 7.707314e-02, 2.303589e-05, 8.747807e-07, 0.415109, 3.179310e-03, 0.000000e+00, 0.000000, 1.100000e+00, 0, 0.415109, 3.179310e-03 
1.272988e+01, 7.554548e-02, 9.622588e-06, 1.245105e-04, 0, 7.538772e-02, 2.274430e-05, 8.747807e-07, 0.817862, 3.990754e-03, 0.000000e+00, 0.000000, 1.100000e+00, 0, 0.817862, 3.990754e-03 
1.280635e+01, 7.647712e-02, 9.330994e-06, 1.186786e-04, 0, 7.632316e-02, 2.507705e-05, 8.747807e-07, 0.467181, 1.761713e-03, 0.000000e+00, 0.000000, 1.100000e+00, 0, 0.467181, 1.761713e-03 
1.288513e+01, 7.877429e-02, 1.049737e-05, 1.221777e-04, 0, 7.861129e-02, 2.945095e-05, 8.747807e-07, 0.703324, 4.415412e-03, 0.000000e+00, 0.000000, 1.100000e+00, 0, 0.703324, 4.415412e-03 
1.296520e+01, 8.006809e-02, 1.078896e-05, 1.484211e-04, 0, 7.988381e-02, 2.449386e-05, 5.831871e-07, 0.441795, 2.624466e-03, 0.000000e+00, 0.000000, 1.100000e+00, 0, 0.441795, 2.624466e-03 
1.304322e+01, 7.802373e-02, 1.020577e-05, 1.163458e-04, 0, 7.787356e-02, 2.303589e-05, 5.831871e-07, 0.740954, 4.621248e-03, 0.000000e+00, 0.000000, 1.100000e+00, 0, 0.740954, 4.621248e-03 
1.312036e+01, 7.713495e-02, 1.020577e-05, 1.180954e-04, 0, 7.698070e-02, 2.536864e-05, 5.831871e-07, 0.381357, 3.494044e-03, 0.000000e+00, 0.000000, 1.100000e+00, 0, 0.381357, 3.494044e-03 
1.319668e+01, 7.632841e-02, 1.049737e-05, 1.265516e-04, 0, 7.616599e-02, 2.449386e-05, 8.747807e-07, 0.826572, 3.746164e-03, 0.000000e+00, 0.000000, 1.100000e+00, 0, 0.826572, 3.746164e-03 
1.327406e+01, 7.737319e-02, 9.914181e-06, 1.250936e-04, 0, 7.721310e-02, 2.449386e-05, 5.831871e-07, 0.483451, 1.738951e-03, 0.000000e+00, 0.000000, 1.100000e+00, 0, 0.483451, 1.738951e-03 
1.335200e+01, 7.794442e-02, 9.914181e-06, 1.320919e-04, 0, 7.776975e-02, 3.178370e-05, 8.747807e-07, 0.686254, 4.691887e-03, 0.000000e+00, 0.000000, 1.100000e+00, 0, 0.686254, 4.691887e-03 
1.342938e+01, 7.737843e-02, 1.108056e-05, 1.303423e-04, 0, 7.721252e-02, 2.391067e-05, 5.831871e-07, 0.471406, 2.187950e-03, 0.000000e+00, 0.000000, 1.100000e+00, 0, 0.471406, 2.187950e-03 
1.357595e+01, 1.465669e-01, 1.108056e-05, 1.218861e-04, 0, 1.464048e-01, 2.828458e-05, 8.747807e-07, 0.093440, 2.244255e-03, 0.000000e+00, 0.000000, 1.100000e+00, 0, 0.093440, 2.244255e-03 
1.365369e+01, 7.774526e-02, 1.312171e-05, 1.743729e-04, 0, 7.753414e-02, 2.303589e-05, 5.831871e-07, 0.849530, 3.296720e-03, 0.000000e+00, 0.000000, 1.100000e+00, 0, 0.849530, 3.296720e-03 
1.373080e+01, 7.710667e-02, 1.078896e-05, 1.309255e-04, 0, 7.693084e-02, 3.353326e-05, 5.831871e-07, 0.488447, 1.725039e-03, 0.000000e+00, 0.000000, 1.100000e+00, 0, 0.488447, 1.725039e-03 
1.380845e+01, 7.765049e-02, 1.108056e-05, 1.242189e-04, 0, 7.748807e-02, 2.624342e-05, 8.747807e-07, 0.662038, 4.596269e-03, 0.000000e+00, 0.000000, 1.100000e+00, 0, 0.662038, 4.596269e-03 
1.388668e+01, 7.823543e-02, 1.020577e-05, 1.253852e-04, 0, 7.807593e-02, 2.303589e-05, 8.747807e-07, 0.518238, 2.002854e-03, 0.000000e+00, 0.000000, 1.100000e+00, 0, 0.518238, 2.002854e-03 
1.396408e+01, 7.739126e-02, 9.330994e-06, 1.186786e-04, 0, 7.723235e-02, 2.974254e-05, 1.166374e-06, 0.636454, 4.529363e-03, 0.000000e+00, 0.000000, 1.100000e+00, 0, 0.636454, 4.529363e-03 
1.404378e+01, 7.970827e-02, 9.330994e-06, 1.318003e-04, 0, 7.953885e-02, 2.740979e-05, 8.747807e-07, 0.618904, 4.933863e-03, 0.000000e+00, 0.000000, 1.100000e+00, 0, 0.618904, 4.933863e-03 
1.411821e+01, 7.442576e-02, 9.622588e-06, 1.367574e-04, 0, 7.425547e-02, 2.303589e-05, 8.747807e-07, 0.724924, 5.309047e-03, 0.000000e+00, 0.000000, 1.100000e+00, 0, 0.724924, 5.309047e-03 
1.419272e+01, 7.451294e-02, 8.747807e-06, 1.265516e-04, 0, 7.434936e-02, 2.740979e-05, 8.747807e-07, 0.698650, 5.094970e-03, 0.000000e+00, 0.000000, 1.100000e+00, 0, 0.698650, 5.094970e-03 
1.427108e+01, 7.835848e-02, 1.224693e-05, 1.198450e-04, 0, 7.819898e-02, 2.653501e-05, 8.747807e-07, 0.475451, 5.602694e-03, 0.000000e+00, 0.000000, 1.100000e+00, 0, 0.475451, 5.602694e-03 
1.434969e+01, 7.860983e-02, 1.312171e-05, 1.215945e-04, 0, 7.844771e-02, 2.682661e-05, 5.831871e-07, 0.658220, 5.341617e-03, 0.000000e+00, 0.000000, 1.100000e+00, 0, 0.658220, 5.341617e-03 
1.454761e+01, 1.979197e-01, 1.049737e-05, 1.224693e-04, 0, 1.977634e-01, 2.245270e-05, 8.747807e-07, 0.110476, 2.585739e-03, 0.000000e+00, 0.000000, 1.100000e+00, 0, 0.110476, 2.585739e-03 
1.465617e+01, 1.085620e-01, 1.224693e-05, 1.175122e-04, 0, 1.084078e-01, 2.361908e-05, 8.747807e-07, 0.016962, 3.021558e-04, 0.000000e+00, 0.000000, 1.100000e+00, 0, 0.016962, 3.021558e-04 
1.473514e+01, 7.897141e-02, 1.020577e-05, 1.475463e-04, 0, 7.878858e-02, 2.420227e-05, 8.747807e-07, 0.949213, 1.189618e-03, 0.000000e+00, 0.000000, 1.100000e+00, 0, 0.949213, 1.189618e-03 
1.481236e+01, 7.721164e-02, 1.049737e-05, 1.215945e-04, 0, 7.705477e-02, 2.420227e-05, 5.831871e-07, 0.749826, 4.674293e-03, 0.000000e+00, 0.000000, 1.100000e+00, 0, 0.749826, 4.674293e-03 
1.489175e+01, 7.939101e-02, 1.108056e-05, 1.332583e-04, 0, 7.921751e-02, 2.770139e-05, 1.457968e-06, 0.501427, 9.092088e-04, 0.000000e+00, 0.000000, 1.100000e+00, 0, 0.501427, 9.092088e-04 
1.497028e+01, 7.853110e-02, 9.039400e-06, 1.373406e-04, 0, 7.835731e-02, 2.682661e-05, 5.831871e-07, 0.558875, 2.867013e-03, 0.000000e+00, 0.000000, 1.100000e+00, 0, 0.558875, 2.867013e-03 
1.504422e+01, 7.394055e-02, 1.108056e-05, 1.504623e-04, 0, 7.375568e-02, 2.274430e-05, 5.831871e-07, 0.606723, 3.815086e-03, 0.000000e+00, 0.000000, 1.100000e+00, 0, 0.606723, 3.815086e-03 
1.512044e+01, 7.622402e-02, 1.224693e-05, 1.210113e-04, 0, 7.606306e-02, 2.682661e-05, 8.747807e-07, 0.597338, 3.128391e-03, 0.000000e+00, 0.000000, 1.100000e+00, 0, 0.597338, 3.128391e-03 
1.519700e+01, 7.655264e-02, 1.166374e-05, 1.280096e-04, 0, 7.637798e-02, 3.440804e-05, 5.831871e-07, 0.564194, 3.335735e-03, 0.000000e+00, 0.000000, 1.100000e+00, 0, 0.564194, 3.335735e-03 
1.527592e+01, 7.892213e-02, 9.330994e-06, 1.245105e-04, 0, 7.875913e-02, 2.828458e-05, 8.747807e-07, 0.648619, 4.658636e-03, 0.000000e+00, 0.000000, 1.100000e+00, 0, 0.648619, 4.658636e-03 
1.535298e+01, 7.705739e-02, 1.195534e-05, 1.469632e-04, 0, 7.687369e-02, 2.420227e-05, 5.831871e-07, 0.575989, 5.252566e-03, 0.000000e+00, 0.000000, 1.100000e+00, 0, 0.575989, 5.252566e-03 
1.543128e+01, 7.830104e-02, 9.622588e-06, 1.180954e-04, 0, 7.814912e-02, 2.361908e-05, 5.831871e-07, 0.648088, 5.748844e-03, 0.000000e+00, 0.000000, 1.100000e+00, 0, 0.648088, 5.748844e-03 
1.550990e+01, 7.862266e-02, 1.020577e-05, 1.178038e-04, 0, 7.846754e-02, 2.653501e-05, 5.831871e-07, 0.768214, 5.052002e-03, 0.000000e+00, 0.000000, 1.100000e+00, 0, 0.768214, 5.052002e-03 
1.558497e+01, 7.507251e-02, 9.914181e-06, 1.326751e-04, 0, 7.490543e-02, 2.391067e-05, 5.831871e-07, 0.477787, 2.994540e-03, 0.000000e+00, 0.000000, 1.100000e+00, 0, 0.477787, 2.994540e-03 
1.566332e+01, 7.835236e-02, 9.914181e-06, 1.207197e-04, 0, 7.819285e-02, 2.799298e-05, 8.747807e-07, 0.724416, 5.123369e-03, 0.000000e+00, 0.000000, 1.100000e+00, 0, 0.724416, 5.123369e-03 
1.574175e+01, 7.842992e-02, 9.330994e-06, 1.280096e-04, 0, 7.826809e-02, 2.391067e-05, 5.831871e-07, 0.718295, 4.577624e-03, 0.000000e+00, 0.000000, 1.100000e+00, 0, 0.718295, 4.577624e-03 
1.581924e+01, 7.748224e-02, 9.914181e-06, 1.277180e-04, 0, 7.731312e-02, 3.003414e-05, 1.457968e-06, 0.448654, 2.438299e-03, 0.000000e+00, 0.000000, 1.100000e+00, 0, 0.448654, 2.438299e-03 
1.589897e+01, 7.973334e-02, 1.137215e-05, 1.487127e-04, 0, 7.953739e-02, 3.499123e-05, 8.747807e-07, 0.708945, 4.994286e-03, 0.000000e+00, 0.000000, 1.100000e+00, 0, 0.708945, 4.994286e-03 
1.597551e+01, 7.654069e-02, 1.049737e-05, 1.242189e-04, 0, 7.638118e-02, 2.420227e-05, 5.831871e-07, 0.637134, 4.020039e-03, 0.000000e+00, 0.000000, 1.100000e+00, 0, 0.637134, 4.020039e-03 
1.605240e+01, 7.688914e-02, 9.330994e-06, 1.274264e-04, 0, 7.672410e-02, 2.711820e-05, 1.166374e-06, 0.361734, 4.277748e-03, 0.000000e+00, 0.000000, 1.100000e+00, 0, 0.361734, 4.277748e-03 
1.613157e+01, 7.917232e-02, 1.049737e-05, 1.417145e-04, 0, 7.899474e-02, 2.449386e-05, 8.747807e-07, 0.870011, 3.395434e-03, 0.000000e+00, 0.000000, 1.100000e+00, 0, 0.870011, 3.395434e-03 
1.620975e+01, 7.818207e-02, 9.622588e-06, 1.265516e-04, 0, 7.802111e-02, 2.420227e-05, 5.831871e-07, 0.491305, 2.000773e-03, 0.000000e+00, 0.000000, 1.100000e+00, 0, 0.491305, 2.000773e-03 
1.628734e+01, 7.758197e-02, 1.020577e-05, 1.326751e-04, 0, 7.741372e-02, 2.449386e-05, 8.747807e-07, 0.708033, 4.825504e-03, 0.000000e+00, 0.000000, 1.100000e+00, 0, 0.708033, 4.825504e-03 
1.636439e+01, 7.705302e-02, 9.330994e-06, 1.291759e-04, 0, 7.688885e-02, 2.478545e-05, 8.747807e-07, 0.517864, 2.384122e-03, 0.000000e+00, 0.000000, 1.100000e+00, 0, 0.517864, 2.384122e-03 
1.644285e+01, 7.846054e-02, 9.622588e-06, 1.207197e-04, 0, 7.830104e-02, 2.857617e-05, 5.831871e-07, 0.670898, 5.148838e-03, 0.000000e+00, 0.000000, 1.100000e+00, 0, 0.670898, 5.148838e-03 
0.110000, 0, 0, 0, 0, 0, 0, 0, 0, 0, 0, 0, 0, 0, 0 ,0