TRM WS=1, MS=2, TRMstep=0: ub=0.800000, lb=0.200000, grow=2.000000,shrink=0.500000, b_w=2,b_m=4, lr=0.400000, lambda=0.000000, n=9, n0=2, n1=2, n2=1, sub_tol=0.001000, sub_maxit=1000, tol=1.000000e-08, m=4, nobias=0 
time, iter_t, subset_m_time, g_time, subset_w_time, p1_time, t2, t3, total error, total gmag, rho, sigma, gamma, step, approx error, approx gmag 
4.307708e-03, 4.307708e-03, 9.914172e-06, 1.600847e-04, 1.283011e-05, 4.098636e-03, 2.420224e-05, 2.041153e-06, 1.346824e-01, 9.464826e-03, 0.000000e+00, 0.000000, 4.000000e-01, 0, 0.134682, 9.464826e-03 
7.582592e-03, 3.274884e-03, 1.020577e-05, 7.727223e-05, 7.581426e-06, 3.159705e-03, 1.866197e-05, 1.457967e-06, 1.303581e-01, 7.352781e-03, 0.000000e+00, 0.000000, 4.000000e-01, 0, 0.130358, 7.352781e-03 
1.101640e-02, 3.433803e-03, 1.108055e-05, 1.102223e-04, 7.873019e-06, 3.290339e-03, 1.341329e-05, 8.747799e-07, 1.267153e-01, 4.225923e-03, 0.000000e+00, 0.000000, 4.000000e-01, 0, 0.126715, 4.225923e-03 
1.389617e-02, 2.879775e-03, 8.456206e-06, 7.523107e-05, 6.415053e-06, 2.775968e-03, 1.283011e-05, 8.747799e-07, 1.250548e-01, 1.956388e-04, 0.000000e+00, 0.000000, 4.000000e-01, 0, 0.125055, 1.956388e-04 
1.699785e-02, 3.101678e-03, 7.873019e-06, 9.535101e-05, 6.415053e-06, 2.977459e-03, 1.341329e-05, 1.166373e-06, 1.250079e-01, 3.361772e-04, 0.000000e+00, 0.000000, 2.000000e-01, 0, 0.125008, 3.361772e-04 
1.982951e-02, 2.831663e-03, 8.164613e-06, 7.493948e-05, 6.415053e-06, 2.728147e-03, 1.283011e-05, 1.166373e-06, 1.250026e-01, 1.280519e-04, 0.000000e+00, 0.000000, 1.000000e-01, 0, 0.125003, 1.280519e-04 
2.319771e-02, 3.368194e-03, 7.873019e-06, 7.464789e-05, 6.415053e-06, 3.261763e-03, 1.603763e-05, 1.457967e-06, 1.249400e-01, 1.158617e-04, 0.000000e+00, 0.000000, 5.000000e-02, 0, 0.124940, 1.158617e-04 
2.614280e-02, 2.945092e-03, 1.020577e-05, 1.029324e-04, 7.873019e-06, 2.809210e-03, 1.341329e-05, 1.457967e-06, 1.249371e-01, 1.199347e-04, 0.000000e+00, 0.000000, 5.000000e-02, 0, 0.124937, 1.199347e-04 
0.500000, 0, 0, 0, 0, 0, 0, 0, 0, 0, 0, 0, 0, 0, 0 ,0