TRM WS=1, MS=2, TRMstep=0: ub=0.800000, lb=0.200000, grow=2.000000,shrink=0.500000, b_w=2,b_m=4, lr=0.400000, lambda=0.000000, n=9, n0=2, n1=2, n2=1, sub_tol=0.001000, sub_maxit=1000, tol=1.000000e-08, m=4, nobias=0 
time, iter_t, subset_m_time, g_time, subset_w_time, p1_time, t2, t3, total error, total gmag, rho, sigma, gamma, step, approx error, approx gmag 
3.809958e-03, 3.809958e-03, 1.078895e-05, 9.914172e-05, 7.873019e-06, 3.672326e-03, 1.837038e-05, 1.457967e-06, 1.433315e-01, 1.324567e-02, 0.000000e+00, 0.000000, 4.000000e-01, 0, 0.143331, 1.324567e-02 
7.442044e-03, 3.632086e-03, 1.457967e-05, 9.943332e-05, 7.581426e-06, 3.492705e-03, 1.632923e-05, 1.457967e-06, 1.411670e-01, 1.222622e-02, 0.000000e+00, 0.000000, 4.000000e-01, 0, 0.141167, 1.222622e-02 
1.124034e-02, 3.798294e-03, 1.020577e-05, 1.113886e-04, 7.873019e-06, 3.650165e-03, 1.749560e-05, 1.166373e-06, 1.334986e-01, 9.437674e-03, 0.000000e+00, 0.000000, 4.000000e-01, 0, 0.133499, 9.437674e-03 
1.444728e-02, 3.206943e-03, 9.330986e-06, 9.126870e-05, 6.706646e-06, 3.085640e-03, 1.283011e-05, 1.166373e-06, 1.252107e-01, 1.490310e-03, 0.000000e+00, 0.000000, 4.000000e-01, 0, 0.125211, 1.490310e-03 
1.727982e-02, 2.832537e-03, 8.164613e-06, 7.523107e-05, 6.415053e-06, 2.728730e-03, 1.283011e-05, 1.166373e-06, 1.250748e-01, 3.962838e-04, 0.000000e+00, 0.000000, 2.000000e-01, 0, 0.125075, 3.962838e-04 
2.008670e-02, 2.806877e-03, 7.873019e-06, 7.406470e-05, 5.831866e-06, 2.705111e-03, 1.312170e-05, 8.747799e-07, 1.250375e-01, 2.534713e-04, 0.000000e+00, 0.000000, 1.000000e-01, 0, 0.125038, 2.534713e-04 
2.311577e-02, 3.029071e-03, 7.873019e-06, 7.552267e-05, 6.123459e-06, 2.924098e-03, 1.428807e-05, 1.166373e-06, 1.250087e-01, 8.517942e-05, 0.000000e+00, 0.000000, 5.000000e-02, 0, 0.125009, 8.517942e-05 
2.658806e-02, 3.472293e-03, 9.039393e-06, 8.427047e-05, 6.706646e-06, 3.355656e-03, 1.545445e-05, 1.166373e-06, 1.249993e-01, 1.166166e-04, 0.000000e+00, 0.000000, 5.000000e-02, 0, 0.124999, 1.166166e-04 
0.500000, 0, 0, 0, 0, 0, 0, 0, 0, 0, 0, 0, 0, 0, 0 ,0