TRM WS=1, MS=2, TRMstep=0: ub=0.800000, lb=0.200000, grow=2.000000,shrink=0.500000, b_w=2,b_m=4, lr=0.400000, lambda=0.000000, n=9, n0=2, n1=2, n2=1, sub_tol=0.001000, sub_maxit=1000, tol=1.000000e-08, m=4, nobias=0 
time, iter_t, subset_m_time, g_time, subset_w_time, p1_time, t2, t3, total error, total gmag, rho, sigma, gamma, step, approx error, approx gmag 
2.980375e-03, 2.980375e-03, 8.456206e-06, 8.339569e-05, 6.706646e-06, 2.864613e-03, 1.603763e-05, 1.166373e-06, 1.380491e-01, 1.112584e-02, 0.000000e+00, 0.000000, 4.000000e-01, 0, 0.138049, 1.112584e-02 
5.845863e-03, 2.865487e-03, 9.039393e-06, 8.310409e-05, 6.998239e-06, 2.752641e-03, 1.283011e-05, 8.747799e-07, 1.273779e-01, 4.999187e-03, 0.000000e+00, 0.000000, 4.000000e-01, 0, 0.127378, 4.999187e-03 
8.632328e-03, 2.786466e-03, 8.164613e-06, 7.523107e-05, 6.123459e-06, 2.682658e-03, 1.312170e-05, 1.166373e-06, 1.265425e-01, 3.765971e-03, 0.000000e+00, 0.000000, 2.000000e-01, 0, 0.126543, 3.765971e-03 
1.156401e-02, 2.931679e-03, 8.164613e-06, 7.727223e-05, 6.123459e-06, 2.826122e-03, 1.312170e-05, 8.747799e-07, 1.252404e-01, 3.136622e-04, 0.000000e+00, 0.000000, 2.000000e-01, 0, 0.125240, 3.136622e-04 
1.474121e-02, 3.177201e-03, 8.164613e-06, 7.581426e-05, 6.123459e-06, 3.072810e-03, 1.312170e-05, 1.166373e-06, 1.252017e-01, 3.006436e-04, 0.000000e+00, 0.000000, 1.000000e-01, 0, 0.125202, 3.006436e-04 
1.751980e-02, 2.778593e-03, 8.164613e-06, 7.493948e-05, 6.415053e-06, 2.675660e-03, 1.253851e-05, 8.747799e-07, 1.250976e-01, 3.096952e-04, 0.000000e+00, 0.000000, 5.000000e-02, 0, 0.125098, 3.096952e-04 
2.041445e-02, 2.894647e-03, 8.164613e-06, 7.464789e-05, 5.831866e-06, 2.792589e-03, 1.253851e-05, 8.747799e-07, 1.250702e-01, 3.573664e-04, 0.000000e+00, 0.000000, 2.500000e-02, 0, 0.125070, 3.573664e-04 
2.317846e-02, 2.764013e-03, 7.873019e-06, 7.552267e-05, 6.123459e-06, 2.661081e-03, 1.253851e-05, 8.747799e-07, 1.250394e-01, 2.549309e-04, 0.000000e+00, 0.000000, 2.500000e-02, 0, 0.125039, 2.549309e-04 
0.500000, 0, 0, 0, 0, 0, 0, 0, 0, 0, 0, 0, 0, 0, 0 ,0