TRM WS=1, MS=2, TRMstep=0: ub=0.800000, lb=0.200000, grow=2.000000,shrink=0.500000, b_w=2,b_m=4, lr=0.400000, lambda=0.000000, n=9, n0=2, n1=2, n2=1, sub_tol=0.001000, sub_maxit=1000, tol=1.000000e-08, m=4, nobias=0 
time, iter_t, subset_m_time, g_time, subset_w_time, p1_time, t2, t3, total error, total gmag, rho, sigma, gamma, step, approx error, approx gmag 
2.892314e-03, 2.892314e-03, 8.456206e-06, 7.668904e-05, 6.415053e-06, 2.783841e-03, 1.545445e-05, 1.457967e-06, 1.394585e-01, 1.167346e-02, 0.000000e+00, 0.000000, 4.000000e-01, 0, 0.139459, 1.167346e-02 
5.728642e-03, 2.836328e-03, 7.873019e-06, 7.552267e-05, 6.123459e-06, 2.733104e-03, 1.283011e-05, 8.747799e-07, 1.362424e-01, 1.013640e-02, 0.000000e+00, 0.000000, 4.000000e-01, 0, 0.136242, 1.013640e-02 
8.507526e-03, 2.778884e-03, 7.581426e-06, 7.493948e-05, 5.831866e-06, 2.676535e-03, 1.312170e-05, 8.747799e-07, 1.337825e-01, 8.847597e-03, 0.000000e+00, 0.000000, 4.000000e-01, 0, 0.133783, 8.847597e-03 
1.155526e-02, 3.047733e-03, 7.873019e-06, 7.464789e-05, 5.831866e-06, 2.941010e-03, 1.691241e-05, 1.457967e-06, 1.256140e-01, 2.051113e-03, 0.000000e+00, 0.000000, 4.000000e-01, 0, 0.125614, 2.051113e-03 
1.465023e-02, 3.094971e-03, 1.137214e-05, 1.058484e-04, 9.039393e-06, 2.953257e-03, 1.399648e-05, 1.457967e-06, 1.251668e-01, 1.491727e-03, 0.000000e+00, 0.000000, 2.000000e-01, 0, 0.125167, 1.491727e-03 
1.749881e-02, 2.848575e-03, 9.039393e-06, 8.047975e-05, 6.706646e-06, 2.738353e-03, 1.312170e-05, 8.747799e-07, 1.249591e-01, 5.412442e-04, 0.000000e+00, 0.000000, 1.000000e-01, 0, 0.124959, 5.412442e-04 
2.036254e-02, 2.863738e-03, 7.581426e-06, 7.464789e-05, 6.123459e-06, 2.760514e-03, 1.399648e-05, 8.747799e-07, 1.247585e-01, 3.670819e-04, 0.000000e+00, 0.000000, 5.000000e-02, 0, 0.124758, 3.670819e-04 
2.324407e-02, 2.881525e-03, 8.456206e-06, 8.077135e-05, 6.415053e-06, 2.772178e-03, 1.283011e-05, 8.747799e-07, 1.247498e-01, 4.011611e-04, 0.000000e+00, 0.000000, 5.000000e-02, 0, 0.124750, 4.011611e-04 
0.500000, 0, 0, 0, 0, 0, 0, 0, 0, 0, 0, 0, 0, 0, 0 ,0