TRM WS=1, MS=2, TRMstep=0: ub=0.800000, lb=0.200000, grow=2.000000,shrink=0.500000, b_w=2,b_m=4, lr=0.400000, lambda=0.000000, n=9, n0=2, n1=2, n2=1, sub_tol=0.001000, sub_maxit=1000, tol=1.000000e-08, m=4, nobias=0 
time, iter_t, subset_m_time, g_time, subset_w_time, p1_time, t2, t3, total error, total gmag, rho, sigma, gamma, step, approx error, approx gmag 
2.957339e-03, 2.957339e-03, 7.873019e-06, 7.493948e-05, 6.706646e-06, 2.850616e-03, 1.574604e-05, 1.457967e-06, 1.361772e-01, 1.058914e-02, 0.000000e+00, 0.000000, 4.000000e-01, 0, 0.136177, 1.058914e-02 
5.816412e-03, 2.859072e-03, 8.164613e-06, 7.464789e-05, 6.415053e-06, 2.755265e-03, 1.341329e-05, 1.166373e-06, 1.285716e-01, 6.291986e-03, 0.000000e+00, 0.000000, 4.000000e-01, 0, 0.128572, 6.291986e-03 
8.675776e-03, 2.859364e-03, 7.873019e-06, 8.485365e-05, 6.123459e-06, 2.746809e-03, 1.283011e-05, 8.747799e-07, 1.273450e-01, 5.000655e-03, 0.000000e+00, 0.000000, 4.000000e-01, 0, 0.127345, 5.000655e-03 
1.147945e-02, 2.803670e-03, 7.873019e-06, 7.435629e-05, 6.415053e-06, 2.701029e-03, 1.312170e-05, 8.747799e-07, 1.252059e-01, 1.425305e-03, 0.000000e+00, 0.000000, 4.000000e-01, 0, 0.125206, 1.425305e-03 
1.430965e-02, 2.830205e-03, 7.873019e-06, 7.493948e-05, 6.123459e-06, 2.727272e-03, 1.283011e-05, 1.166373e-06, 1.250113e-01, 9.812350e-05, 0.000000e+00, 0.000000, 2.000000e-01, 0, 0.125011, 9.812350e-05 
1.750085e-02, 3.191197e-03, 7.873019e-06, 7.493948e-05, 6.415053e-06, 3.086807e-03, 1.370489e-05, 1.457967e-06, 1.249990e-01, 1.557472e-04, 0.000000e+00, 0.000000, 1.000000e-01, 0, 0.124999, 1.557472e-04 
2.037187e-02, 2.871028e-03, 8.747799e-06, 7.931338e-05, 6.415053e-06, 2.762263e-03, 1.312170e-05, 1.166373e-06, 1.249679e-01, 1.343132e-04, 0.000000e+00, 0.000000, 5.000000e-02, 0, 0.124968, 1.343132e-04 
2.318400e-02, 2.812126e-03, 7.873019e-06, 7.552267e-05, 6.123459e-06, 2.708610e-03, 1.283011e-05, 1.166373e-06, 1.249697e-01, 1.178211e-04, 0.000000e+00, 0.000000, 5.000000e-02, 0, 0.124970, 1.178211e-04 
0.500000, 0, 0, 0, 0, 0, 0, 0, 0, 0, 0, 0, 0, 0, 0 ,0