TRM WS=1, MS=2, TRMstep=0: ub=0.800000, lb=0.200000, grow=2.000000,shrink=0.500000, b_w=2,b_m=4, lr=0.400000, lambda=0.000000, n=9, n0=2, n1=2, n2=1, sub_tol=0.001000, sub_maxit=1000, tol=1.000000e-08, m=4, nobias=0 
time, iter_t, subset_m_time, g_time, subset_w_time, p1_time, t2, t3, total error, total gmag, rho, sigma, gamma, step, approx error, approx gmag 
3.089431e-03, 3.089431e-03, 8.456206e-06, 7.668904e-05, 6.415053e-06, 2.980667e-03, 1.574604e-05, 1.457967e-06, 1.412756e-01, 1.219461e-02, 0.000000e+00, 0.000000, 4.000000e-01, 0, 0.141276, 1.219461e-02 
5.926342e-03, 2.836911e-03, 8.747799e-06, 7.581426e-05, 6.706646e-06, 2.731646e-03, 1.283011e-05, 1.166373e-06, 1.388793e-01, 1.134608e-02, 0.000000e+00, 0.000000, 4.000000e-01, 0, 0.138879, 1.134608e-02 
8.739343e-03, 2.813001e-03, 9.914172e-06, 7.552267e-05, 6.123459e-06, 2.707735e-03, 1.283011e-05, 8.747799e-07, 1.276386e-01, 5.531134e-03, 0.000000e+00, 0.000000, 4.000000e-01, 0, 0.127639, 5.531134e-03 
1.195824e-02, 3.218899e-03, 7.873019e-06, 7.493948e-05, 6.123459e-06, 3.115383e-03, 1.341329e-05, 1.166373e-06, 1.254367e-01, 2.402939e-03, 0.000000e+00, 0.000000, 4.000000e-01, 0, 0.125437, 2.402939e-03 
1.478203e-02, 2.823790e-03, 8.456206e-06, 7.610585e-05, 6.415053e-06, 2.718816e-03, 1.283011e-05, 1.166373e-06, 1.253672e-01, 2.343290e-03, 0.000000e+00, 0.000000, 2.000000e-01, 0, 0.125367, 2.343290e-03 
1.783530e-02, 3.053274e-03, 1.078895e-05, 9.476782e-05, 7.289833e-06, 2.926139e-03, 1.312170e-05, 1.166373e-06, 1.249430e-01, 1.915526e-03, 0.000000e+00, 0.000000, 1.000000e-01, 0, 0.124943, 1.915526e-03 
2.071333e-02, 2.878026e-03, 8.456206e-06, 7.493948e-05, 5.831866e-06, 2.774802e-03, 1.283011e-05, 1.166373e-06, 1.246455e-01, 3.613925e-04, 0.000000e+00, 0.000000, 5.000000e-02, 0, 0.124646, 3.613925e-04 
2.355724e-02, 2.843910e-03, 7.873019e-06, 7.581426e-05, 6.123459e-06, 2.739811e-03, 1.312170e-05, 1.166373e-06, 1.245629e-01, 4.226105e-04, 0.000000e+00, 0.000000, 5.000000e-02, 0, 0.124563, 4.226105e-04 
0.750000, 0, 0, 0, 0, 0, 0, 0, 0, 0, 0, 0, 0, 0, 0 ,0