TRM WS=1, MS=2, TRMstep=0: ub=0.800000, lb=0.200000, grow=2.000000,shrink=0.500000, b_w=2,b_m=4, lr=0.400000, lambda=0.000000, n=9, n0=2, n1=2, n2=1, sub_tol=0.001000, sub_maxit=1000, tol=1.000000e-08, m=4, nobias=0 
time, iter_t, subset_m_time, g_time, subset_w_time, p1_time, t2, t3, total error, total gmag, rho, sigma, gamma, step, approx error, approx gmag 
3.424180e-03, 3.424180e-03, 9.622579e-06, 8.427047e-05, 7.289833e-06, 3.304044e-03, 1.778719e-05, 1.166373e-06, 1.540213e-01, 1.441801e-02, 0.000000e+00, 0.000000, 4.000000e-01, 0, 0.154021, 1.441801e-02 
6.496699e-03, 3.072519e-03, 9.039393e-06, 8.193772e-05, 7.581426e-06, 2.958506e-03, 1.399648e-05, 1.457967e-06, 1.374170e-01, 1.103209e-02, 0.000000e+00, 0.000000, 4.000000e-01, 0, 0.137417, 1.103209e-02 
9.526937e-03, 3.030238e-03, 8.747799e-06, 8.047975e-05, 6.706646e-06, 2.919141e-03, 1.428807e-05, 8.747799e-07, 1.269030e-01, 4.558775e-03, 0.000000e+00, 0.000000, 4.000000e-01, 0, 0.126903, 4.558775e-03 
1.256301e-02, 3.036070e-03, 8.456206e-06, 8.018816e-05, 6.123459e-06, 2.926139e-03, 1.399648e-05, 1.166373e-06, 1.251162e-01, 6.883423e-04, 0.000000e+00, 0.000000, 4.000000e-01, 0, 0.125116, 6.883423e-04 
1.562882e-02, 3.065812e-03, 8.747799e-06, 8.018816e-05, 6.415053e-06, 2.954715e-03, 1.399648e-05, 1.749560e-06, 1.250411e-01, 8.914775e-05, 0.000000e+00, 0.000000, 2.000000e-01, 0, 0.125041, 8.914775e-05 
1.870688e-02, 3.078059e-03, 8.456206e-06, 8.018816e-05, 6.415053e-06, 2.968420e-03, 1.370489e-05, 8.747799e-07, 1.250104e-01, 1.093731e-04, 0.000000e+00, 0.000000, 1.000000e-01, 0, 0.125010, 1.093731e-04 
2.170970e-02, 3.002828e-03, 8.164613e-06, 8.047975e-05, 6.415053e-06, 2.892897e-03, 1.370489e-05, 1.166373e-06, 1.249990e-01, 7.552838e-05, 0.000000e+00, 0.000000, 5.000000e-02, 0, 0.124999, 7.552838e-05 
2.471866e-02, 3.008951e-03, 8.747799e-06, 8.018816e-05, 6.415053e-06, 2.898729e-03, 1.370489e-05, 1.166373e-06, 1.249812e-01, 7.685972e-05, 0.000000e+00, 0.000000, 5.000000e-02, 0, 0.124981, 7.685972e-05 
0.500000, 0, 0, 0, 0, 0, 0, 0, 0, 0, 0, 0, 0, 0, 0 ,0