TRM WS=1, MS=2, TRMstep=0: ub=0.800000, lb=0.200000, grow=2.000000,shrink=0.500000, b_w=2,b_m=4, lr=0.400000, lambda=0.000000, n=9, n0=2, n1=2, n2=1, sub_tol=0.001000, sub_maxit=1000, tol=1.000000e-08, m=4, nobias=0 
time, iter_t, subset_m_time, g_time, subset_w_time, p1_time, t2, t3, total error, total gmag, rho, sigma, gamma, step, approx error, approx gmag 
3.250682e-03, 3.250682e-03, 9.039393e-06, 7.727223e-05, 6.998239e-06, 3.139002e-03, 1.691241e-05, 1.457967e-06, 1.398789e-01, 1.217359e-02, 0.000000e+00, 0.000000, 4.000000e-01, 0, 0.139879, 1.217359e-02 
6.098674e-03, 2.847992e-03, 8.747799e-06, 7.610585e-05, 7.289833e-06, 2.740685e-03, 1.399648e-05, 1.166373e-06, 1.386636e-01, 1.149606e-02, 0.000000e+00, 0.000000, 4.000000e-01, 0, 0.138664, 1.149606e-02 
8.923630e-03, 2.824956e-03, 8.164613e-06, 7.552267e-05, 6.123459e-06, 2.720857e-03, 1.341329e-05, 8.747799e-07, 1.311690e-01, 8.109484e-03, 0.000000e+00, 0.000000, 4.000000e-01, 0, 0.131169, 8.109484e-03 
1.201015e-02, 3.086515e-03, 8.164613e-06, 7.581426e-05, 6.123459e-06, 2.982125e-03, 1.341329e-05, 8.747799e-07, 1.252919e-01, 8.937398e-04, 0.000000e+00, 0.000000, 4.000000e-01, 0, 0.125292, 8.937398e-04 
1.484064e-02, 2.830496e-03, 8.456206e-06, 7.698063e-05, 6.415053e-06, 2.724356e-03, 1.312170e-05, 1.166373e-06, 1.251718e-01, 3.358922e-04, 0.000000e+00, 0.000000, 2.000000e-01, 0, 0.125172, 3.358922e-04 
1.802426e-02, 3.183616e-03, 1.399648e-05, 1.218860e-04, 8.164613e-06, 3.024114e-03, 1.428807e-05, 1.166373e-06, 1.250261e-01, 1.242883e-04, 0.000000e+00, 0.000000, 1.000000e-01, 0, 0.125026, 1.242883e-04 
2.115130e-02, 3.127047e-03, 7.873019e-06, 7.464789e-05, 6.123459e-06, 3.023531e-03, 1.370489e-05, 1.166373e-06, 1.250058e-01, 7.757645e-05, 0.000000e+00, 0.000000, 5.000000e-02, 0, 0.125006, 7.757645e-05 
2.410223e-02, 2.950924e-03, 8.164613e-06, 7.493948e-05, 6.123459e-06, 2.846534e-03, 1.399648e-05, 1.166373e-06, 1.249979e-01, 1.121907e-04, 0.000000e+00, 0.000000, 5.000000e-02, 0, 0.124998, 1.121907e-04 
0.500000, 0, 0, 0, 0, 0, 0, 0, 0, 0, 0, 0, 0, 0, 0 ,0