TRM WS=1, MS=2, TRMstep=0: ub=0.800000, lb=0.200000, grow=2.000000,shrink=0.500000, b_w=2,b_m=4, lr=0.400000, lambda=0.000000, n=9, n0=2, n1=2, n2=1, sub_tol=0.001000, sub_maxit=1000, tol=1.000000e-08, m=4, nobias=0 
time, iter_t, subset_m_time, g_time, subset_w_time, p1_time, t2, t3, total error, total gmag, rho, sigma, gamma, step, approx error, approx gmag 
2.929346e-03, 2.929346e-03, 8.747799e-06, 7.639745e-05, 6.706646e-06, 2.819999e-03, 1.603763e-05, 1.457967e-06, 1.429211e-01, 1.259957e-02, 0.000000e+00, 0.000000, 4.000000e-01, 0, 0.142921, 1.259957e-02 
6.003323e-03, 3.073977e-03, 7.873019e-06, 7.464789e-05, 6.415053e-06, 2.969295e-03, 1.457967e-05, 1.166373e-06, 1.363056e-01, 1.052039e-02, 0.000000e+00, 0.000000, 4.000000e-01, 0, 0.136306, 1.052039e-02 
8.894179e-03, 2.890856e-03, 9.330986e-06, 8.135453e-05, 7.289833e-06, 2.778593e-03, 1.283011e-05, 1.457967e-06, 1.354151e-01, 9.895907e-03, 0.000000e+00, 0.000000, 2.000000e-01, 0, 0.135415, 9.895907e-03 
1.168181e-02, 2.787632e-03, 7.581426e-06, 7.377311e-05, 5.831866e-06, 2.686449e-03, 1.312170e-05, 8.747799e-07, 1.262119e-01, 3.573189e-03, 0.000000e+00, 0.000000, 2.000000e-01, 0, 0.126212, 3.573189e-03 
1.458025e-02, 2.898437e-03, 7.873019e-06, 9.097711e-05, 6.706646e-06, 2.778884e-03, 1.312170e-05, 8.747799e-07, 1.261618e-01, 3.377623e-03, 0.000000e+00, 0.000000, 1.000000e-01, 0, 0.126162, 3.377623e-03 
1.752505e-02, 2.944801e-03, 7.873019e-06, 7.435629e-05, 6.123459e-06, 2.842160e-03, 1.312170e-05, 1.166373e-06, 1.253041e-01, 1.688629e-03, 0.000000e+00, 0.000000, 5.000000e-02, 0, 0.125304, 1.688629e-03 
2.036429e-02, 2.839244e-03, 8.164613e-06, 7.435629e-05, 6.123459e-06, 2.736603e-03, 1.283011e-05, 1.166373e-06, 1.250476e-01, 1.401098e-04, 0.000000e+00, 0.000000, 2.500000e-02, 0, 0.125048, 1.401098e-04 
2.348580e-02, 3.121506e-03, 8.164613e-06, 7.493948e-05, 6.123459e-06, 3.016824e-03, 1.428807e-05, 1.166373e-06, 1.250357e-01, 1.107997e-04, 0.000000e+00, 0.000000, 2.500000e-02, 0, 0.125036, 1.107997e-04 
0.500000, 0, 0, 0, 0, 0, 0, 0, 0, 0, 0, 0, 0, 0, 0 ,0