TRM WS=1, MS=2, TRMstep=0: ub=0.800000, lb=0.200000, grow=2.000000,shrink=0.500000, b_w=2,b_m=4, lr=0.400000, lambda=0.000000, n=9, n0=2, n1=2, n2=1, sub_tol=0.001000, sub_maxit=1000, tol=1.000000e-08, m=4, nobias=0 
time, iter_t, subset_m_time, g_time, subset_w_time, p1_time, t2, t3, total error, total gmag, rho, sigma, gamma, step, approx error, approx gmag 
3.132004e-03, 3.132004e-03, 8.456206e-06, 7.639745e-05, 6.415053e-06, 3.024406e-03, 1.487126e-05, 1.457967e-06, 1.450158e-01, 1.307517e-02, 0.000000e+00, 0.000000, 4.000000e-01, 0, 0.145016, 1.307517e-02 
5.948212e-03, 2.816208e-03, 8.164613e-06, 7.406470e-05, 6.706646e-06, 2.713567e-03, 1.283011e-05, 8.747799e-07, 1.377437e-01, 1.100146e-02, 0.000000e+00, 0.000000, 4.000000e-01, 0, 0.137744, 1.100146e-02 
8.742259e-03, 2.794047e-03, 7.581426e-06, 7.348151e-05, 6.123459e-06, 2.693739e-03, 1.253851e-05, 5.831866e-07, 1.263553e-01, 3.939037e-03, 0.000000e+00, 0.000000, 4.000000e-01, 0, 0.126355, 3.939037e-03 
1.156634e-02, 2.824081e-03, 8.164613e-06, 7.406470e-05, 6.123459e-06, 2.721149e-03, 1.370489e-05, 8.747799e-07, 1.249665e-01, 1.240510e-04, 0.000000e+00, 0.000000, 4.000000e-01, 0, 0.124966, 1.240510e-04 
1.444320e-02, 2.876860e-03, 8.456206e-06, 8.047975e-05, 6.706646e-06, 2.766929e-03, 1.312170e-05, 1.166373e-06, 1.249037e-01, 6.691589e-04, 0.000000e+00, 0.000000, 2.000000e-01, 0, 0.124904, 6.691589e-04 
1.748802e-02, 3.044817e-03, 7.873019e-06, 7.406470e-05, 6.123459e-06, 2.942468e-03, 1.312170e-05, 1.166373e-06, 1.247600e-01, 3.126291e-04, 0.000000e+00, 0.000000, 1.000000e-01, 0, 0.124760, 3.126291e-04 
2.102679e-02, 3.538776e-03, 8.456206e-06, 7.523107e-05, 6.123459e-06, 3.434386e-03, 1.341329e-05, 1.166373e-06, 1.246913e-01, 3.550713e-04, 0.000000e+00, 0.000000, 5.000000e-02, 0, 0.124691, 3.550713e-04 
2.402087e-02, 2.994080e-03, 8.456206e-06, 7.464789e-05, 6.415053e-06, 2.889981e-03, 1.341329e-05, 1.166373e-06, 1.245711e-01, 3.877610e-04, 0.000000e+00, 0.000000, 5.000000e-02, 0, 0.124571, 3.877610e-04 
0.500000, 0, 0, 0, 0, 0, 0, 0, 0, 0, 0, 0, 0, 0, 0 ,0