TRM WS=1, MS=2, TRMstep=0: ub=0.800000, lb=0.200000, grow=2.000000,shrink=0.500000, b_w=2,b_m=4, lr=0.400000, lambda=0.000000, n=9, n0=2, n1=2, n2=1, sub_tol=0.001000, sub_maxit=1000, tol=1.000000e-08, m=4, nobias=0 
time, iter_t, subset_m_time, g_time, subset_w_time, p1_time, t2, t3, total error, total gmag, rho, sigma, gamma, step, approx error, approx gmag 
3.160871e-03, 3.160871e-03, 8.747799e-06, 7.668904e-05, 6.706646e-06, 3.050649e-03, 1.691241e-05, 1.166373e-06, 1.400954e-01, 1.192848e-02, 0.000000e+00, 0.000000, 4.000000e-01, 0, 0.140095, 1.192848e-02 
6.201898e-03, 3.041027e-03, 9.914172e-06, 7.727223e-05, 7.289833e-06, 2.931096e-03, 1.428807e-05, 1.166373e-06, 1.385181e-01, 1.114643e-02, 0.000000e+00, 0.000000, 4.000000e-01, 0, 0.138518, 1.114643e-02 
9.166527e-03, 2.964629e-03, 9.622579e-06, 7.989657e-05, 6.415053e-06, 2.855282e-03, 1.283011e-05, 5.831866e-07, 1.323474e-01, 8.479683e-03, 0.000000e+00, 0.000000, 4.000000e-01, 0, 0.132347, 8.479683e-03 
1.202822e-02, 2.861697e-03, 8.164613e-06, 9.476782e-05, 6.415053e-06, 2.738353e-03, 1.312170e-05, 8.747799e-07, 1.257299e-01, 1.582362e-03, 0.000000e+00, 0.000000, 4.000000e-01, 0, 0.125730, 1.582362e-03 
1.489050e-02, 2.862280e-03, 8.164613e-06, 7.493948e-05, 6.415053e-06, 2.758473e-03, 1.312170e-05, 1.166373e-06, 1.252614e-01, 6.353168e-04, 0.000000e+00, 0.000000, 2.000000e-01, 0, 0.125261, 6.353168e-04 
1.778923e-02, 2.898729e-03, 1.020577e-05, 7.610585e-05, 6.415053e-06, 2.791423e-03, 1.312170e-05, 1.457967e-06, 1.250181e-01, 2.204046e-04, 0.000000e+00, 0.000000, 1.000000e-01, 0, 0.125018, 2.204046e-04 
2.060981e-02, 2.820582e-03, 7.873019e-06, 7.348151e-05, 6.123459e-06, 2.718816e-03, 1.312170e-05, 1.166373e-06, 1.249822e-01, 1.544995e-04, 0.000000e+00, 0.000000, 5.000000e-02, 0, 0.124982, 1.544995e-04 
2.340649e-02, 2.796671e-03, 7.873019e-06, 7.435629e-05, 6.415053e-06, 2.694031e-03, 1.283011e-05, 1.166373e-06, 1.249438e-01, 1.914481e-04, 0.000000e+00, 0.000000, 5.000000e-02, 0, 0.124944, 1.914481e-04 
0.500000, 0, 0, 0, 0, 0, 0, 0, 0, 0, 0, 0, 0, 0, 0 ,0