TRM WS=1, MS=2, TRMstep=0: ub=0.800000, lb=0.200000, grow=2.000000,shrink=0.500000, b_w=2,b_m=4, lr=0.400000, lambda=0.000000, n=9, n0=2, n1=2, n2=1, sub_tol=0.001000, sub_maxit=1000, tol=1.000000e-08, m=4, nobias=0 
time, iter_t, subset_m_time, g_time, subset_w_time, p1_time, t2, t3, total error, total gmag, rho, sigma, gamma, step, approx error, approx gmag 
3.450715e-03, 3.450715e-03, 9.622579e-06, 7.785541e-05, 7.289833e-06, 3.338160e-03, 1.662082e-05, 1.166373e-06, 1.364592e-01, 1.054541e-02, 0.000000e+00, 0.000000, 4.000000e-01, 0, 0.136459, 1.054541e-02 
6.451502e-03, 3.000787e-03, 8.456206e-06, 7.581426e-05, 6.998239e-06, 2.894647e-03, 1.370489e-05, 1.166373e-06, 1.266956e-01, 4.193393e-03, 0.000000e+00, 0.000000, 4.000000e-01, 0, 0.126696, 4.193393e-03 
9.302118e-03, 2.850616e-03, 8.747799e-06, 7.581426e-05, 7.289833e-06, 2.744476e-03, 1.283011e-05, 1.457967e-06, 1.265854e-01, 3.927511e-03, 0.000000e+00, 0.000000, 2.000000e-01, 0, 0.126585, 3.927511e-03 
1.213174e-02, 2.829621e-03, 8.164613e-06, 7.552267e-05, 7.873019e-06, 2.724356e-03, 1.312170e-05, 5.831866e-07, 1.252127e-01, 1.932412e-04, 0.000000e+00, 0.000000, 2.000000e-01, 0, 0.125213, 1.932412e-04 
1.503630e-02, 2.904561e-03, 7.873019e-06, 7.581426e-05, 6.123459e-06, 2.799296e-03, 1.428807e-05, 1.166373e-06, 1.251555e-01, 3.601409e-04, 0.000000e+00, 0.000000, 1.000000e-01, 0, 0.125155, 3.601409e-04 
1.825637e-02, 3.220065e-03, 9.039393e-06, 8.514525e-05, 6.706646e-06, 3.103428e-03, 1.457967e-05, 1.166373e-06, 1.251453e-01, 1.329138e-04, 0.000000e+00, 0.000000, 5.000000e-02, 0, 0.125145, 1.329138e-04 
2.112039e-02, 2.864029e-03, 8.456206e-06, 7.377311e-05, 6.415053e-06, 2.761097e-03, 1.312170e-05, 1.166373e-06, 1.251389e-01, 2.004082e-04, 0.000000e+00, 0.000000, 2.500000e-02, 0, 0.125139, 2.004082e-04 
2.394243e-02, 2.822040e-03, 8.164613e-06, 7.464789e-05, 6.123459e-06, 2.718816e-03, 1.312170e-05, 1.166373e-06, 1.251243e-01, 1.225827e-04, 0.000000e+00, 0.000000, 2.500000e-02, 0, 0.125124, 1.225827e-04 
0.500000, 0, 0, 0, 0, 0, 0, 0, 0, 0, 0, 0, 0, 0, 0 ,0