TRM WS=1, MS=2, TRMstep=0: ub=0.800000, lb=0.200000, grow=2.000000,shrink=0.500000, b_w=2,b_m=4, lr=0.400000, lambda=0.000000, n=9, n0=2, n1=2, n2=1, sub_tol=0.001000, sub_maxit=1000, tol=1.000000e-08, m=4, nobias=0 
time, iter_t, subset_m_time, g_time, subset_w_time, p1_time, t2, t3, total error, total gmag, rho, sigma, gamma, step, approx error, approx gmag 
3.322997e-03, 3.322997e-03, 9.622579e-06, 8.281250e-05, 7.289833e-06, 3.204902e-03, 1.720401e-05, 1.166373e-06, 1.338930e-01, 9.111772e-03, 0.000000e+00, 0.000000, 4.000000e-01, 0, 0.133893, 9.111772e-03 
6.288501e-03, 2.965504e-03, 9.622579e-06, 8.077135e-05, 7.581426e-06, 2.853532e-03, 1.283011e-05, 1.166373e-06, 1.289828e-01, 6.239103e-03, 0.000000e+00, 0.000000, 4.000000e-01, 0, 0.128983, 6.239103e-03 
9.812406e-03, 3.523905e-03, 8.164613e-06, 7.581426e-05, 6.415053e-06, 3.416307e-03, 1.545445e-05, 1.749560e-06, 1.284485e-01, 5.543163e-03, 0.000000e+00, 0.000000, 2.000000e-01, 0, 0.128448, 5.543163e-03 
1.325029e-02, 3.437885e-03, 1.137214e-05, 9.943332e-05, 8.456206e-06, 3.302294e-03, 1.545445e-05, 8.747799e-07, 1.259788e-01, 2.672349e-03, 0.000000e+00, 0.000000, 2.000000e-01, 0, 0.125979, 2.672349e-03 
1.646511e-02, 3.214816e-03, 9.622579e-06, 8.981074e-05, 6.998239e-06, 3.092930e-03, 1.428807e-05, 1.166373e-06, 1.254119e-01, 1.211977e-03, 0.000000e+00, 0.000000, 1.000000e-01, 0, 0.125412, 1.211977e-03 
1.932243e-02, 2.857323e-03, 1.049736e-05, 8.222931e-05, 6.706646e-06, 2.743893e-03, 1.283011e-05, 1.166373e-06, 1.251962e-01, 4.311437e-04, 0.000000e+00, 0.000000, 5.000000e-02, 0, 0.125196, 4.311437e-04 
2.242702e-02, 3.104594e-03, 7.873019e-06, 7.581426e-05, 6.123459e-06, 2.999620e-03, 1.399648e-05, 1.166373e-06, 1.251855e-01, 3.251781e-04, 0.000000e+00, 0.000000, 2.500000e-02, 0, 0.125185, 3.251781e-04 
2.542198e-02, 2.994955e-03, 8.456206e-06, 8.018816e-05, 6.415053e-06, 2.885316e-03, 1.341329e-05, 1.166373e-06, 1.251414e-01, 2.905739e-04, 0.000000e+00, 0.000000, 2.500000e-02, 0, 0.125141, 2.905739e-04 
0.500000, 0, 0, 0, 0, 0, 0, 0, 0, 0, 0, 0, 0, 0, 0 ,0