TRM WS=1, MS=2, TRMstep=0: ub=0.800000, lb=0.200000, grow=2.000000,shrink=0.500000, b_w=2,b_m=4, lr=0.400000, lambda=0.000000, n=9, n0=2, n1=2, n2=1, sub_tol=0.001000, sub_maxit=1000, tol=1.000000e-08, m=4 
time, iter_t, subset_m_time, g_time, subset_w_time, p1_time, t2, t3, total error, total gmag, rho, sigma, gamma, step, approx error, approx gmag 
1.407871e-02, 1.407871e-02, 2.845951e-04, 6.082636e-04, 3.916098e-04, 1.144679e-02, 7.531855e-04, 5.942672e-04, 1.286151e-01, 5.831189e-03, 0.000000e+00, 0.000000, 4.000000e-01, 0, 0.128615, 5.831189e-03 
2.055150e-02, 6.472788e-03, 1.539613e-04, 5.021237e-04, 5.639415e-04, 4.025737e-03, 4.694652e-04, 7.575594e-04, 1.282838e-01, 5.232723e-03, 0.000000e+00, 0.000000, 4.000000e-01, 0, 0.128284, 5.232723e-03 
2.523565e-02, 4.684155e-03, 4.021072e-04, 6.636664e-04, 6.085552e-04, 2.966962e-03, 2.828455e-05, 1.457967e-05, 1.273550e-01, 4.046565e-03, 0.000000e+00, 0.000000, 4.000000e-01, 0, 0.127355, 4.046565e-03 
2.842014e-02, 3.184491e-03, 2.595180e-05, 8.747799e-05, 4.403059e-05, 2.954715e-03, 2.886774e-05, 4.344740e-05, 1.255520e-01, 5.077617e-04, 0.000000e+00, 0.000000, 4.000000e-01, 0, 0.125552, 5.077617e-04 
3.149966e-02, 3.079517e-03, 3.178367e-05, 9.972491e-05, 4.257262e-05, 2.850325e-03, 3.061730e-05, 2.449384e-05, 1.252090e-01, 2.653437e-04, 0.000000e+00, 0.000000, 4.000000e-01, 0, 0.125209, 2.653437e-04 
3.555514e-02, 4.055480e-03, 3.353323e-05, 9.126870e-05, 4.752971e-05, 2.735437e-03, 3.324164e-05, 1.114470e-03, 1.252080e-01, 2.712719e-04, 0.000000e+00, 0.000000, 2.000000e-01, 0, 0.125208, 2.712719e-04 
4.188242e-02, 6.327283e-03, 3.948173e-04, 6.619168e-04, 6.514194e-04, 3.593304e-03, 4.505117e-04, 5.753136e-04, 1.251493e-01, 2.801336e-04, 0.000000e+00, 0.000000, 2.000000e-01, 0, 0.125149, 2.801336e-04 
4.484268e-02, 2.960255e-03, 2.653499e-05, 1.020577e-04, 2.420224e-05, 2.759639e-03, 2.828455e-05, 1.953675e-05, 1.250862e-01, 2.391769e-04, 0.000000e+00, 0.000000, 2.000000e-01, 0, 0.125086, 2.391769e-04 
4.799713e-02, 3.154456e-03, 2.915933e-05, 9.010233e-05, 2.740977e-05, 2.952674e-03, 2.945092e-05, 2.566021e-05, 1.250079e-01, 2.612506e-04, 0.000000e+00, 0.000000, 2.000000e-01, 0, 0.125008, 2.612506e-04 
5.106703e-02, 3.069894e-03, 3.615757e-05, 9.185189e-05, 3.732394e-05, 2.854698e-03, 3.090889e-05, 1.895356e-05, 1.249394e-01, 3.817431e-04, 0.000000e+00, 0.000000, 2.000000e-01, 0, 0.124939, 3.817431e-04 
5.411709e-02, 3.050066e-03, 3.849032e-05, 9.126870e-05, 5.161202e-05, 2.814459e-03, 3.411642e-05, 2.011994e-05, 1.248825e-01, 3.872635e-04, 0.000000e+00, 0.000000, 2.000000e-01, 0, 0.124882, 3.872635e-04 
5.709601e-02, 2.978917e-03, 4.344740e-05, 9.214348e-05, 5.744388e-05, 2.737186e-03, 3.732394e-05, 1.137214e-05, 1.248732e-01, 1.798863e-04, 0.000000e+00, 0.000000, 2.000000e-01, 0, 0.124873, 1.798863e-04 
6.005918e-02, 2.963171e-03, 3.849032e-05, 8.222931e-05, 5.306998e-05, 2.736895e-03, 4.082306e-05, 1.166373e-05, 1.248039e-01, 2.238384e-04, 0.000000e+00, 0.000000, 2.000000e-01, 0, 0.124804, 2.238384e-04 
6.301302e-02, 2.953840e-03, 4.111466e-05, 9.622579e-05, 3.849032e-05, 2.752641e-03, 2.449384e-05, 8.747799e-07, 1.247406e-01, 2.814166e-04, 0.000000e+00, 0.000000, 2.000000e-01, 0, 0.124741, 2.814166e-04 
6.608117e-02, 3.068145e-03, 4.053147e-05, 9.214348e-05, 4.286422e-05, 2.862863e-03, 2.886774e-05, 8.747799e-07, 1.245618e-01, 3.658680e-04, 0.000000e+00, 0.000000, 2.000000e-01, 0, 0.124562, 3.658680e-04 
6.907933e-02, 2.998162e-03, 3.032570e-05, 9.243508e-05, 5.161202e-05, 2.783550e-03, 2.711818e-05, 1.312170e-05, 1.245560e-01, 3.565975e-04, 0.000000e+00, 0.000000, 2.000000e-01, 0, 0.124556, 3.565975e-04 
7.204192e-02, 2.962588e-03, 4.461378e-05, 1.046820e-04, 4.840449e-05, 2.728439e-03, 1.137214e-05, 2.507702e-05, 1.243788e-01, 4.468428e-04, 0.000000e+00, 0.000000, 2.000000e-01, 0, 0.124379, 4.468428e-04 
7.505437e-02, 3.012450e-03, 4.140625e-05, 9.768376e-05, 4.548856e-05, 2.759347e-03, 1.137214e-05, 5.715229e-05, 1.240542e-01, 6.453509e-04, 0.000000e+00, 0.000000, 2.000000e-01, 0, 0.124054, 6.453509e-04 
7.805311e-02, 2.998746e-03, 3.965669e-05, 1.003081e-04, 7.260673e-05, 2.734562e-03, 1.166373e-05, 3.994828e-05, 1.240361e-01, 5.631638e-04, 0.000000e+00, 0.000000, 2.000000e-01, 0, 0.124036, 5.631638e-04 
8.592292e-02, 7.869812e-03, 5.540273e-05, 8.397887e-05, 7.873019e-05, 7.571512e-03, 4.665493e-05, 3.353323e-05, 1.240254e-01, 5.696342e-04, 0.000000e+00, 0.000000, 2.000000e-01, 0, 0.124025, 5.696342e-04 
8.959642e-02, 3.673492e-03, 7.610585e-05, 8.572843e-05, 9.593420e-05, 3.359738e-03, 5.481954e-05, 1.166373e-06, 1.240025e-01, 5.866745e-04, 0.000000e+00, 0.000000, 2.000000e-01, 0, 0.124002, 5.866745e-04 
9.318943e-02, 3.593013e-03, 6.415053e-05, 9.330986e-05, 8.660321e-05, 3.265553e-03, 8.193772e-05, 1.457967e-06, 1.237854e-01, 6.531906e-04, 0.000000e+00, 0.000000, 2.000000e-01, 0, 0.123785, 6.531906e-04 
9.751930e-02, 4.329869e-03, 6.094300e-05, 1.376320e-04, 8.806118e-05, 3.950215e-03, 9.156030e-05, 1.457967e-06, 1.234813e-01, 1.019801e-03, 0.000000e+00, 0.000000, 2.000000e-01, 0, 0.123481, 1.019801e-03 
1.013377e-01, 3.818414e-03, 5.044564e-05, 1.186785e-04, 8.718640e-05, 3.548982e-03, 1.195533e-05, 1.166373e-06, 1.234563e-01, 1.084180e-03, 0.000000e+00, 0.000000, 2.000000e-01, 0, 0.123456, 1.084180e-03 
1.044758e-01, 3.138127e-03, 4.082306e-05, 9.360145e-05, 8.106294e-05, 2.878901e-03, 1.341329e-05, 3.032570e-05, 1.233581e-01, 7.685686e-04, 0.000000e+00, 0.000000, 2.000000e-01, 0, 0.123358, 7.685686e-04 
1.078464e-01, 3.370527e-03, 3.936510e-05, 1.090559e-04, 2.478543e-05, 3.157664e-03, 1.224692e-05, 2.740977e-05, 1.232989e-01, 7.912984e-04, 0.000000e+00, 0.000000, 2.000000e-01, 0, 0.123299, 7.912984e-04 
1.112064e-01, 3.360030e-03, 4.053147e-05, 1.148878e-04, 2.420224e-05, 3.134628e-03, 1.574604e-05, 3.003411e-05, 1.227583e-01, 9.848528e-04, 0.000000e+00, 0.000000, 2.000000e-01, 0, 0.122758, 9.848528e-04 
1.151365e-01, 3.930095e-03, 8.981074e-05, 1.539613e-04, 3.090889e-05, 3.613424e-03, 1.137214e-05, 3.061730e-05, 1.225817e-01, 9.902962e-04, 0.000000e+00, 0.000000, 2.000000e-01, 0, 0.122582, 9.902962e-04 
1.191243e-01, 3.987830e-03, 8.572843e-05, 1.288842e-04, 5.686069e-05, 3.590097e-03, 6.035981e-05, 6.590009e-05, 1.221986e-01, 1.143547e-03, 0.000000e+00, 0.000000, 2.000000e-01, 0, 0.122199, 1.143547e-03 
1.224919e-01, 3.367611e-03, 7.173195e-05, 2.114051e-04, 8.368728e-05, 2.912726e-03, 3.965669e-05, 4.840449e-05, 1.216865e-01, 1.104485e-03, 0.000000e+00, 0.000000, 2.000000e-01, 0, 0.121687, 1.104485e-03 
1.272359e-01, 4.743932e-03, 8.339569e-05, 9.126870e-05, 8.106294e-05, 3.697112e-03, 1.457967e-05, 7.765130e-04, 1.216880e-01, 1.146904e-03, 0.000000e+00, 0.000000, 1.000000e-01, 0, 0.121688, 1.146904e-03 
1.306297e-01, 3.393854e-03, 7.144036e-05, 7.435629e-05, 5.394476e-05, 3.141335e-03, 5.161202e-05, 1.166373e-06, 1.215802e-01, 1.177170e-03, 0.000000e+00, 0.000000, 1.000000e-01, 0, 0.121580, 1.177170e-03 
1.336407e-01, 3.010992e-03, 6.852443e-05, 7.435629e-05, 3.615757e-05, 2.761097e-03, 6.998239e-05, 8.747799e-07, 1.215073e-01, 1.180056e-03, 0.000000e+00, 0.000000, 1.000000e-01, 0, 0.121507, 1.180056e-03 
1.372221e-01, 3.581349e-03, 6.152619e-05, 8.893596e-05, 3.411642e-05, 3.352157e-03, 4.344740e-05, 1.166373e-06, 1.212449e-01, 1.238619e-03, 0.000000e+00, 0.000000, 1.000000e-01, 0, 0.121245, 1.238619e-03 
1.411933e-01, 3.971209e-03, 3.936510e-05, 1.306338e-04, 8.747799e-06, 3.739393e-03, 1.632923e-05, 3.674076e-05, 1.211707e-01, 1.241380e-03, 0.000000e+00, 0.000000, 1.000000e-01, 0, 0.121171, 1.241380e-03 
1.451951e-01, 4.001827e-03, 4.140625e-05, 1.250935e-04, 9.622579e-06, 3.779924e-03, 1.516285e-05, 3.061730e-05, 1.210832e-01, 1.248502e-03, 0.000000e+00, 0.000000, 1.000000e-01, 0, 0.121083, 1.248502e-03 
1.482839e-01, 3.088848e-03, 1.049736e-05, 1.245103e-04, 6.706646e-06, 2.907477e-03, 1.224692e-05, 2.740977e-05, 1.208523e-01, 1.311569e-03, 0.000000e+00, 0.000000, 1.000000e-01, 0, 0.120852, 1.311569e-03 
1.512774e-01, 2.993497e-03, 3.819872e-05, 1.043904e-04, 6.415053e-06, 2.831954e-03, 1.137214e-05, 1.166373e-06, 1.206457e-01, 1.478349e-03, 0.000000e+00, 0.000000, 1.000000e-01, 0, 0.120646, 1.478349e-03 
1.543182e-01, 3.040735e-03, 4.257262e-05, 7.581426e-05, 6.415053e-06, 2.848867e-03, 6.590009e-05, 1.166373e-06, 1.205696e-01, 1.499805e-03, 0.000000e+00, 0.000000, 1.000000e-01, 0, 0.120570, 1.499805e-03 
1.573178e-01, 2.999620e-03, 6.706646e-05, 7.960497e-05, 8.456206e-06, 2.801337e-03, 4.228103e-05, 8.747799e-07, 1.204701e-01, 1.468793e-03, 0.000000e+00, 0.000000, 1.000000e-01, 0, 0.120470, 1.468793e-03 
1.611657e-01, 3.847865e-03, 6.560849e-05, 7.289833e-05, 6.123459e-06, 3.686614e-03, 1.545445e-05, 1.166373e-06, 1.202908e-01, 1.692897e-03, 0.000000e+00, 0.000000, 1.000000e-01, 0, 0.120291, 1.692897e-03 
1.649494e-01, 3.783715e-03, 5.336158e-05, 9.943332e-05, 8.456206e-06, 3.604968e-03, 1.603763e-05, 1.457967e-06, 1.201275e-01, 1.913400e-03, 0.000000e+00, 0.000000, 1.000000e-01, 0, 0.120128, 1.913400e-03 
1.687870e-01, 3.837660e-03, 5.394476e-05, 9.360145e-05, 7.873019e-06, 3.625380e-03, 1.603763e-05, 4.082306e-05, 1.200037e-01, 1.784698e-03, 0.000000e+00, 0.000000, 1.000000e-01, 0, 0.120004, 1.784698e-03 
1.721832e-01, 3.396187e-03, 1.166373e-05, 8.602003e-05, 6.998239e-06, 3.278967e-03, 1.166373e-05, 8.747799e-07, 1.196038e-01, 1.718711e-03, 0.000000e+00, 0.000000, 1.000000e-01, 0, 0.119604, 1.718711e-03 
1.752216e-01, 3.038402e-03, 9.039393e-06, 7.406470e-05, 6.415053e-06, 2.936345e-03, 1.166373e-05, 8.747799e-07, 1.192751e-01, 1.556583e-03, 0.000000e+00, 0.000000, 1.000000e-01, 0, 0.119275, 1.556583e-03 
1.780845e-01, 2.862863e-03, 8.456206e-06, 7.406470e-05, 6.123459e-06, 2.762263e-03, 1.108055e-05, 8.747799e-07, 1.190656e-01, 1.692798e-03, 0.000000e+00, 0.000000, 1.000000e-01, 0, 0.119066, 1.692798e-03 
1.809022e-01, 2.817666e-03, 8.164613e-06, 7.231514e-05, 6.123459e-06, 2.718816e-03, 1.137214e-05, 8.747799e-07, 1.187507e-01, 1.666970e-03, 0.000000e+00, 0.000000, 1.000000e-01, 0, 0.118751, 1.666970e-03 
1.836959e-01, 2.793755e-03, 8.164613e-06, 7.231514e-05, 6.123459e-06, 2.695197e-03, 1.108055e-05, 8.747799e-07, 1.183304e-01, 1.651633e-03, 0.000000e+00, 0.000000, 1.000000e-01, 0, 0.118330, 1.651633e-03 
1.868148e-01, 3.118882e-03, 7.873019e-06, 7.144036e-05, 5.831866e-06, 3.020323e-03, 1.224692e-05, 1.166373e-06, 1.182779e-01, 1.738815e-03, 0.000000e+00, 0.000000, 1.000000e-01, 0, 0.118278, 1.738815e-03 
1.897902e-01, 2.975418e-03, 9.039393e-06, 8.339569e-05, 6.706646e-06, 2.864321e-03, 1.108055e-05, 8.747799e-07, 1.178720e-01, 1.736991e-03, 0.000000e+00, 0.000000, 1.000000e-01, 0, 0.117872, 1.736991e-03 
1.965015e-01, 6.711312e-03, 4.268926e-04, 6.928257e-04, 6.700814e-04, 3.579599e-03, 5.263259e-04, 8.155865e-04, 1.178175e-01, 1.708310e-03, 0.000000e+00, 0.000000, 1.000000e-01, 0, 0.117817, 1.708310e-03 
1.997248e-01, 3.223272e-03, 1.122634e-04, 1.014745e-04, 2.595180e-05, 2.939552e-03, 2.915933e-05, 1.487126e-05, 1.175249e-01, 1.738385e-03, 0.000000e+00, 0.000000, 1.000000e-01, 0, 0.117525, 1.738385e-03 
2.028387e-01, 3.113925e-03, 3.003411e-05, 9.126870e-05, 2.770136e-05, 2.914184e-03, 2.915933e-05, 2.157790e-05, 1.172263e-01, 1.757374e-03, 0.000000e+00, 0.000000, 1.000000e-01, 0, 0.117226, 1.757374e-03 
2.058692e-01, 3.030529e-03, 5.336158e-05, 1.017661e-04, 4.082306e-05, 2.786466e-03, 3.149208e-05, 1.662082e-05, 1.167298e-01, 1.807368e-03, 0.000000e+00, 0.000000, 1.000000e-01, 0, 0.116730, 1.807368e-03 
2.088345e-01, 2.965212e-03, 3.849032e-05, 9.010233e-05, 5.277839e-05, 2.729605e-03, 3.324164e-05, 2.099472e-05, 1.163110e-01, 1.833149e-03, 0.000000e+00, 0.000000, 1.000000e-01, 0, 0.116311, 1.833149e-03 
2.118064e-01, 2.971919e-03, 4.286422e-05, 9.564260e-05, 5.802707e-05, 2.710943e-03, 4.228103e-05, 2.216109e-05, 1.161574e-01, 1.875009e-03, 0.000000e+00, 0.000000, 1.000000e-01, 0, 0.116157, 1.875009e-03 
2.148809e-01, 3.074560e-03, 4.723812e-05, 1.067232e-04, 5.802707e-05, 2.812417e-03, 3.849032e-05, 1.166373e-05, 1.156555e-01, 1.914500e-03, 0.000000e+00, 0.000000, 1.000000e-01, 0, 0.115656, 1.914500e-03 
2.181447e-01, 3.263804e-03, 4.111466e-05, 9.972491e-05, 4.198944e-05, 3.045984e-03, 3.382482e-05, 1.166373e-06, 1.156205e-01, 2.009870e-03, 0.000000e+00, 0.000000, 1.000000e-01, 0, 0.115621, 2.009870e-03 
2.210554e-01, 2.910684e-03, 4.023988e-05, 9.272667e-05, 4.053147e-05, 2.708027e-03, 2.828455e-05, 8.747799e-07, 1.153315e-01, 2.185453e-03, 0.000000e+00, 0.000000, 1.000000e-01, 0, 0.115331, 2.185453e-03 
2.239883e-01, 2.932845e-03, 2.945092e-05, 9.272667e-05, 5.219520e-05, 2.720857e-03, 2.536862e-05, 1.224692e-05, 1.150495e-01, 2.343561e-03, 0.000000e+00, 0.000000, 1.000000e-01, 0, 0.115049, 2.343561e-03 
2.270095e-01, 3.021198e-03, 4.140625e-05, 9.826694e-05, 4.315581e-05, 2.801920e-03, 1.166373e-05, 2.478543e-05, 1.149186e-01, 2.389775e-03, 0.000000e+00, 0.000000, 1.000000e-01, 0, 0.114919, 2.389775e-03 
2.300260e-01, 3.016533e-03, 4.053147e-05, 9.826694e-05, 4.490537e-05, 2.764596e-03, 1.137214e-05, 5.686069e-05, 1.148010e-01, 2.062613e-03, 0.000000e+00, 0.000000, 1.000000e-01, 0, 0.114801, 2.062613e-03 
2.330350e-01, 3.008951e-03, 4.023988e-05, 9.972491e-05, 7.377311e-05, 2.743601e-03, 1.108055e-05, 4.053147e-05, 1.146771e-01, 2.099410e-03, 0.000000e+00, 0.000000, 1.000000e-01, 0, 0.114677, 2.099410e-03 
2.361104e-01, 3.075435e-03, 5.481954e-05, 8.689481e-05, 7.610585e-05, 2.801920e-03, 3.032570e-05, 2.536862e-05, 1.141702e-01, 2.105913e-03, 0.000000e+00, 0.000000, 1.000000e-01, 0, 0.114170, 2.105913e-03 
2.391304e-01, 3.020032e-03, 5.861025e-05, 7.406470e-05, 8.135453e-05, 2.755265e-03, 4.986246e-05, 8.747799e-07, 1.139755e-01, 2.130128e-03, 0.000000e+00, 0.000000, 1.000000e-01, 0, 0.113975, 2.130128e-03 
2.421808e-01, 3.050358e-03, 5.861025e-05, 9.097711e-05, 8.193772e-05, 2.749142e-03, 6.881602e-05, 8.747799e-07, 1.134728e-01, 2.146675e-03, 0.000000e+00, 0.000000, 1.000000e-01, 0, 0.113473, 2.146675e-03 
2.452600e-01, 3.079225e-03, 5.190361e-05, 1.134298e-04, 7.552267e-05, 2.799587e-03, 3.790713e-05, 8.747799e-07, 1.130735e-01, 2.149168e-03, 0.000000e+00, 0.000000, 1.000000e-01, 0, 0.113074, 2.149168e-03 
2.481584e-01, 2.898437e-03, 3.790713e-05, 8.631162e-05, 7.114877e-05, 2.690823e-03, 1.137214e-05, 8.747799e-07, 1.125699e-01, 2.173371e-03, 0.000000e+00, 0.000000, 1.000000e-01, 0, 0.112570, 2.173371e-03 
2.510884e-01, 2.929930e-03, 3.732394e-05, 9.243508e-05, 4.140625e-05, 2.717941e-03, 1.137214e-05, 2.945092e-05, 1.120582e-01, 2.216786e-03, 0.000000e+00, 0.000000, 1.000000e-01, 0, 0.112058, 2.216786e-03 
2.540370e-01, 2.948592e-03, 3.790713e-05, 1.075979e-04, 2.449384e-05, 2.741852e-03, 1.108055e-05, 2.566021e-05, 1.118265e-01, 2.211239e-03, 0.000000e+00, 0.000000, 1.000000e-01, 0, 0.111826, 2.211239e-03 
2.569844e-01, 2.947425e-03, 3.849032e-05, 1.078895e-04, 2.303587e-05, 2.743601e-03, 1.108055e-05, 2.332746e-05, 1.115227e-01, 2.235166e-03, 0.000000e+00, 0.000000, 1.000000e-01, 0, 0.111523, 2.235166e-03 
2.599963e-01, 3.011867e-03, 5.686069e-05, 1.145962e-04, 2.420224e-05, 2.775385e-03, 1.078895e-05, 3.003411e-05, 1.111182e-01, 2.254622e-03, 0.000000e+00, 0.000000, 1.000000e-01, 0, 0.111118, 2.254622e-03 
2.630574e-01, 3.061147e-03, 6.444212e-05, 9.768376e-05, 4.344740e-05, 2.755557e-03, 4.665493e-05, 5.336158e-05, 1.106290e-01, 2.295509e-03, 0.000000e+00, 0.000000, 1.000000e-01, 0, 0.110629, 2.295509e-03 
2.660404e-01, 2.983000e-03, 5.686069e-05, 9.622579e-05, 5.102883e-05, 2.690823e-03, 3.965669e-05, 4.840449e-05, 1.105917e-01, 2.356023e-03, 0.000000e+00, 0.000000, 1.000000e-01, 0, 0.110592, 2.356023e-03 
2.690205e-01, 2.980084e-03, 8.456206e-05, 9.126870e-05, 7.785541e-05, 2.691115e-03, 1.137214e-05, 2.391065e-05, 1.102490e-01, 2.349551e-03, 0.000000e+00, 0.000000, 1.000000e-01, 0, 0.110249, 2.349551e-03 
2.720294e-01, 3.008951e-03, 6.240097e-05, 7.348151e-05, 4.986246e-05, 2.775093e-03, 4.694652e-05, 1.166373e-06, 1.096051e-01, 2.319312e-03, 0.000000e+00, 0.000000, 1.000000e-01, 0, 0.109605, 2.319312e-03 
2.750151e-01, 2.985624e-03, 6.531690e-05, 7.289833e-05, 3.411642e-05, 2.741269e-03, 7.085717e-05, 1.166373e-06, 1.095431e-01, 2.364950e-03, 0.000000e+00, 0.000000, 1.000000e-01, 0, 0.109543, 2.364950e-03 
2.779960e-01, 2.980958e-03, 5.569432e-05, 7.931338e-05, 3.586598e-05, 2.773927e-03, 3.528279e-05, 8.747799e-07, 1.091367e-01, 2.370166e-03, 0.000000e+00, 0.000000, 1.000000e-01, 0, 0.109137, 2.370166e-03 
2.808612e-01, 2.865196e-03, 2.740977e-05, 9.680898e-05, 7.873019e-06, 2.691115e-03, 1.166373e-05, 3.032570e-05, 1.087430e-01, 2.365971e-03, 0.000000e+00, 0.000000, 1.000000e-01, 0, 0.108743, 2.365971e-03 
2.837322e-01, 2.871028e-03, 3.178367e-05, 9.214348e-05, 6.415053e-06, 2.702195e-03, 1.166373e-05, 2.682658e-05, 1.081199e-01, 2.344692e-03, 0.000000e+00, 0.000000, 1.000000e-01, 0, 0.108120, 2.344692e-03 
2.868249e-01, 3.092639e-03, 1.166373e-05, 1.099307e-04, 6.123459e-06, 2.927597e-03, 1.166373e-05, 2.566021e-05, 1.078058e-01, 2.372072e-03, 0.000000e+00, 0.000000, 1.000000e-01, 0, 0.107806, 2.372072e-03 
2.897531e-01, 2.928180e-03, 2.915933e-05, 1.011829e-04, 6.123459e-06, 2.779176e-03, 1.166373e-05, 8.747799e-07, 1.073294e-01, 2.389847e-03, 0.000000e+00, 0.000000, 1.000000e-01, 0, 0.107329, 2.389847e-03 
2.932184e-01, 3.465295e-03, 3.003411e-05, 7.318992e-05, 5.831866e-06, 3.305793e-03, 4.957086e-05, 8.747799e-07, 1.070195e-01, 2.414565e-03, 0.000000e+00, 0.000000, 1.000000e-01, 0, 0.107019, 2.414565e-03 
2.961273e-01, 2.908935e-03, 5.890185e-05, 7.348151e-05, 6.123459e-06, 2.728730e-03, 4.082306e-05, 8.747799e-07, 1.065680e-01, 2.477080e-03, 0.000000e+00, 0.000000, 1.000000e-01, 0, 0.106568, 2.477080e-03 
2.989852e-01, 2.857906e-03, 6.444212e-05, 7.348151e-05, 6.123459e-06, 2.701612e-03, 1.137214e-05, 8.747799e-07, 1.062837e-01, 2.471079e-03, 0.000000e+00, 0.000000, 1.000000e-01, 0, 0.106284, 2.471079e-03 
3.018457e-01, 2.860530e-03, 3.849032e-05, 7.318992e-05, 5.831866e-06, 2.730771e-03, 1.137214e-05, 8.747799e-07, 1.060375e-01, 2.485598e-03, 0.000000e+00, 0.000000, 1.000000e-01, 0, 0.106037, 2.485598e-03 
3.047541e-01, 2.908352e-03, 4.403059e-05, 7.318992e-05, 6.123459e-06, 2.740685e-03, 1.137214e-05, 3.295004e-05, 1.054102e-01, 2.474867e-03, 0.000000e+00, 0.000000, 1.000000e-01, 0, 0.105410, 2.474867e-03 
3.078668e-01, 3.112759e-03, 8.164613e-06, 7.318992e-05, 6.123459e-06, 3.013617e-03, 1.108055e-05, 5.831866e-07, 1.049261e-01, 2.478711e-03, 0.000000e+00, 0.000000, 1.000000e-01, 0, 0.104926, 2.478711e-03 
3.108752e-01, 3.008368e-03, 8.164613e-06, 7.348151e-05, 5.831866e-06, 2.908352e-03, 1.137214e-05, 1.166373e-06, 1.044255e-01, 2.522755e-03, 0.000000e+00, 0.000000, 1.000000e-01, 0, 0.104425, 2.522755e-03 
3.136876e-01, 2.812417e-03, 8.164613e-06, 7.552267e-05, 5.831866e-06, 2.710651e-03, 1.137214e-05, 8.747799e-07, 1.041655e-01, 2.530746e-03, 0.000000e+00, 0.000000, 1.000000e-01, 0, 0.104165, 2.530746e-03 
3.165767e-01, 2.889106e-03, 8.164613e-06, 8.164613e-05, 6.123459e-06, 2.780925e-03, 1.137214e-05, 8.747799e-07, 1.038091e-01, 2.550354e-03, 0.000000e+00, 0.000000, 1.000000e-01, 0, 0.103809, 2.550354e-03 
3.193871e-01, 2.810376e-03, 8.164613e-06, 7.231514e-05, 5.831866e-06, 2.711818e-03, 1.137214e-05, 8.747799e-07, 1.035396e-01, 2.558912e-03, 0.000000e+00, 0.000000, 1.000000e-01, 0, 0.103540, 2.558912e-03 
3.226127e-01, 3.225605e-03, 8.164613e-06, 7.260673e-05, 6.123459e-06, 3.120923e-03, 1.662082e-05, 1.166373e-06, 1.030450e-01, 2.655466e-03, 0.000000e+00, 0.000000, 1.000000e-01, 0, 0.103045, 2.655466e-03 
3.255187e-01, 2.906019e-03, 9.330986e-06, 7.931338e-05, 6.706646e-06, 2.798421e-03, 1.137214e-05, 8.747799e-07, 1.026376e-01, 2.861061e-03, 0.000000e+00, 0.000000, 1.000000e-01, 0, 0.102638, 2.861061e-03 
3.287187e-01, 3.199945e-03, 8.164613e-06, 7.318992e-05, 6.123459e-06, 3.098762e-03, 1.253851e-05, 1.166373e-06, 1.021634e-01, 2.774142e-03, 0.000000e+00, 0.000000, 1.000000e-01, 0, 0.102163, 2.774142e-03 
3.319726e-01, 3.253890e-03, 9.914172e-06, 8.747799e-05, 6.998239e-06, 3.135503e-03, 1.283011e-05, 1.166373e-06, 1.017484e-01, 2.562855e-03, 0.000000e+00, 0.000000, 1.000000e-01, 0, 0.101748, 2.562855e-03 
3.351961e-01, 3.223564e-03, 9.039393e-06, 8.047975e-05, 6.706646e-06, 3.113342e-03, 1.283011e-05, 1.166373e-06, 1.009506e-01, 2.576311e-03, 0.000000e+00, 0.000000, 1.000000e-01, 0, 0.100951, 2.576311e-03 
3.384570e-01, 3.260888e-03, 9.330986e-06, 8.397887e-05, 6.706646e-06, 3.147167e-03, 1.253851e-05, 1.166373e-06, 1.006785e-01, 2.570255e-03, 0.000000e+00, 0.000000, 1.000000e-01, 0, 0.100679, 2.570255e-03 
3.416147e-01, 3.157664e-03, 9.039393e-06, 8.018816e-05, 6.706646e-06, 3.048316e-03, 1.253851e-05, 8.747799e-07, 1.003842e-01, 2.571520e-03, 0.000000e+00, 0.000000, 1.000000e-01, 0, 0.100384, 2.571520e-03 
3.447531e-01, 3.138419e-03, 9.039393e-06, 8.106294e-05, 6.415053e-06, 3.028488e-03, 1.253851e-05, 8.747799e-07, 9.995155e-02, 2.593693e-03, 0.000000e+00, 0.000000, 1.000000e-01, 0, 0.099952, 2.593693e-03 
3.485543e-01, 3.801210e-03, 1.283011e-05, 1.020577e-04, 9.039393e-06, 3.658038e-03, 1.749560e-05, 1.749560e-06, 9.945973e-02, 2.615858e-03, 0.000000e+00, 0.000000, 1.000000e-01, 0, 0.099460, 2.615858e-03 
3.521476e-01, 3.593304e-03, 1.049736e-05, 8.485365e-05, 1.248019e-04, 3.345742e-03, 2.624340e-05, 1.166373e-06, 9.943568e-02, 2.566456e-03, 0.000000e+00, 0.000000, 1.000000e-01, 0, 0.099436, 2.566456e-03 
3.553971e-01, 3.249516e-03, 9.039393e-06, 8.456206e-05, 8.164613e-06, 3.133753e-03, 1.283011e-05, 1.166373e-06, 9.874419e-02, 2.520227e-03, 0.000000e+00, 0.000000, 1.000000e-01, 0, 0.098744, 2.520227e-03 
3.586528e-01, 3.255639e-03, 9.330986e-06, 8.164613e-05, 6.706646e-06, 3.143959e-03, 1.283011e-05, 1.166373e-06, 9.824724e-02, 2.498071e-03, 0.000000e+00, 0.000000, 1.000000e-01, 0, 0.098247, 2.498071e-03 
3.626359e-01, 3.983165e-03, 9.039393e-06, 8.077135e-05, 6.706646e-06, 3.872651e-03, 1.283011e-05, 1.166373e-06, 9.760219e-02, 2.453177e-03, 0.000000e+00, 0.000000, 1.000000e-01, 0, 0.097602, 2.453177e-03 
3.661079e-01, 3.472002e-03, 9.039393e-06, 8.310409e-05, 6.998239e-06, 3.357697e-03, 1.399648e-05, 1.166373e-06, 9.689180e-02, 2.476225e-03, 0.000000e+00, 0.000000, 1.000000e-01, 0, 0.096892, 2.476225e-03 
3.690014e-01, 2.893480e-03, 9.914172e-06, 9.943332e-05, 7.289833e-06, 2.764305e-03, 1.166373e-05, 8.747799e-07, 9.624168e-02, 2.559070e-03, 0.000000e+00, 0.000000, 1.000000e-01, 0, 0.096242, 2.559070e-03 
3.722203e-01, 3.218899e-03, 8.164613e-06, 7.406470e-05, 5.831866e-06, 3.117716e-03, 1.224692e-05, 8.747799e-07, 9.579170e-02, 2.407544e-03, 0.000000e+00, 0.000000, 1.000000e-01, 0, 0.095792, 2.407544e-03 
3.755588e-01, 3.338452e-03, 9.330986e-06, 8.776959e-05, 4.636334e-05, 3.182158e-03, 1.166373e-05, 1.166373e-06, 9.547942e-02, 2.396417e-03, 0.000000e+00, 0.000000, 1.000000e-01, 0, 0.095479, 2.396417e-03 
3.791798e-01, 3.621006e-03, 9.039393e-06, 7.318992e-05, 6.123459e-06, 3.518948e-03, 1.253851e-05, 1.166373e-06, 9.491581e-02, 2.375010e-03, 0.000000e+00, 0.000000, 1.000000e-01, 0, 0.094916, 2.375010e-03 
3.837161e-01, 4.536317e-03, 1.370489e-05, 9.330986e-05, 7.581426e-06, 4.402476e-03, 1.457967e-05, 4.665493e-06, 9.449673e-02, 2.372987e-03, 0.000000e+00, 0.000000, 1.000000e-01, 0, 0.094497, 2.372987e-03 
3.873444e-01, 3.628296e-03, 1.224692e-05, 1.145962e-04, 9.330986e-06, 3.479583e-03, 1.166373e-05, 8.747799e-07, 9.411199e-02, 2.371762e-03, 0.000000e+00, 0.000000, 1.000000e-01, 0, 0.094112, 2.371762e-03 
3.901804e-01, 2.836037e-03, 8.456206e-06, 7.493948e-05, 6.415053e-06, 2.733979e-03, 1.137214e-05, 8.747799e-07, 9.388415e-02, 2.366862e-03, 0.000000e+00, 0.000000, 1.000000e-01, 0, 0.093884, 2.366862e-03 
3.931529e-01, 2.972502e-03, 9.622579e-06, 7.318992e-05, 6.123459e-06, 2.871319e-03, 1.137214e-05, 8.747799e-07, 9.346434e-02, 2.359406e-03, 0.000000e+00, 0.000000, 1.000000e-01, 0, 0.093464, 2.359406e-03 
3.965124e-01, 3.359446e-03, 8.164613e-06, 7.318992e-05, 5.831866e-06, 3.258264e-03, 1.283011e-05, 1.166373e-06, 9.289610e-02, 2.331740e-03, 0.000000e+00, 0.000000, 1.000000e-01, 0, 0.092896, 2.331740e-03 
4.000261e-01, 3.513699e-03, 9.330986e-06, 8.543684e-05, 6.998239e-06, 3.396770e-03, 1.399648e-05, 1.166373e-06, 9.256255e-02, 2.352197e-03, 0.000000e+00, 0.000000, 1.000000e-01, 0, 0.092563, 2.352197e-03 
4.033861e-01, 3.360030e-03, 1.049736e-05, 8.835277e-05, 7.289833e-06, 3.241351e-03, 1.166373e-05, 8.747799e-07, 9.212829e-02, 2.305073e-03, 0.000000e+00, 0.000000, 1.000000e-01, 0, 0.092128, 2.305073e-03 
4.062119e-01, 2.825831e-03, 8.456206e-06, 7.318992e-05, 6.415053e-06, 2.725814e-03, 1.108055e-05, 8.747799e-07, 9.177008e-02, 2.322277e-03, 0.000000e+00, 0.000000, 1.000000e-01, 0, 0.091770, 2.322277e-03 
4.090932e-01, 2.881233e-03, 7.873019e-06, 7.377311e-05, 6.123459e-06, 2.779467e-03, 1.283011e-05, 1.166373e-06, 9.153451e-02, 2.334670e-03, 0.000000e+00, 0.000000, 1.000000e-01, 0, 0.091535, 2.334670e-03 
4.123742e-01, 3.281008e-03, 9.330986e-06, 8.252091e-05, 6.998239e-06, 3.169036e-03, 1.224692e-05, 8.747799e-07, 9.096148e-02, 2.330658e-03, 0.000000e+00, 0.000000, 1.000000e-01, 0, 0.090961, 2.330658e-03 
4.156412e-01, 3.267011e-03, 9.039393e-06, 8.135453e-05, 6.706646e-06, 3.154748e-03, 1.399648e-05, 1.166373e-06, 9.044918e-02, 2.276268e-03, 0.000000e+00, 0.000000, 1.000000e-01, 0, 0.090449, 2.276268e-03 
4.187571e-01, 3.115966e-03, 9.039393e-06, 8.164613e-05, 6.706646e-06, 3.004869e-03, 1.283011e-05, 8.747799e-07, 8.999017e-02, 2.232619e-03, 0.000000e+00, 0.000000, 1.000000e-01, 0, 0.089990, 2.232619e-03 
4.216617e-01, 2.904561e-03, 8.747799e-06, 8.164613e-05, 9.622579e-06, 2.792589e-03, 1.108055e-05, 8.747799e-07, 8.960058e-02, 2.272706e-03, 0.000000e+00, 0.000000, 1.000000e-01, 0, 0.089601, 2.272706e-03 
4.246053e-01, 2.943634e-03, 8.164613e-06, 7.318992e-05, 5.831866e-06, 2.844493e-03, 1.108055e-05, 8.747799e-07, 8.928152e-02, 2.225940e-03, 0.000000e+00, 0.000000, 1.000000e-01, 0, 0.089282, 2.225940e-03 
4.273915e-01, 2.786174e-03, 8.164613e-06, 7.348151e-05, 6.123459e-06, 2.686158e-03, 1.137214e-05, 8.747799e-07, 8.866375e-02, 2.210423e-03, 0.000000e+00, 0.000000, 1.000000e-01, 0, 0.088664, 2.210423e-03 
4.302929e-01, 2.901353e-03, 7.873019e-06, 7.318992e-05, 5.831866e-06, 2.800754e-03, 1.253851e-05, 1.166373e-06, 8.813411e-02, 2.179624e-03, 0.000000e+00, 0.000000, 1.000000e-01, 0, 0.088134, 2.179624e-03 
4.335199e-01, 3.227063e-03, 8.747799e-06, 8.252091e-05, 6.415053e-06, 3.115383e-03, 1.283011e-05, 1.166373e-06, 8.778883e-02, 2.210588e-03, 0.000000e+00, 0.000000, 1.000000e-01, 0, 0.087789, 2.210588e-03 
4.366234e-01, 3.103428e-03, 8.747799e-06, 8.077135e-05, 6.415053e-06, 2.994080e-03, 1.253851e-05, 8.747799e-07, 8.752917e-02, 2.156156e-03, 0.000000e+00, 0.000000, 1.000000e-01, 0, 0.087529, 2.156156e-03 
4.398545e-01, 3.231145e-03, 9.039393e-06, 8.222931e-05, 6.706646e-06, 3.120340e-03, 1.195533e-05, 8.747799e-07, 8.715299e-02, 2.130093e-03, 0.000000e+00, 0.000000, 1.000000e-01, 0, 0.087153, 2.130093e-03 
4.427731e-01, 2.918557e-03, 8.747799e-06, 8.456206e-05, 5.831866e-06, 2.806586e-03, 1.195533e-05, 8.747799e-07, 8.678120e-02, 2.090554e-03, 0.000000e+00, 0.000000, 1.000000e-01, 0, 0.086781, 2.090554e-03 
4.455811e-01, 2.808044e-03, 8.747799e-06, 7.902179e-05, 6.706646e-06, 2.701320e-03, 1.137214e-05, 8.747799e-07, 8.630415e-02, 2.074262e-03, 0.000000e+00, 0.000000, 1.000000e-01, 0, 0.086304, 2.074262e-03 
4.486641e-01, 3.083016e-03, 7.873019e-06, 7.289833e-05, 6.123459e-06, 2.982708e-03, 1.253851e-05, 8.747799e-07, 8.592527e-02, 2.044835e-03, 0.000000e+00, 0.000000, 1.000000e-01, 0, 0.085925, 2.044835e-03 
4.515319e-01, 2.867820e-03, 8.747799e-06, 8.047975e-05, 6.415053e-06, 2.760222e-03, 1.108055e-05, 8.747799e-07, 8.538896e-02, 2.025385e-03, 0.000000e+00, 0.000000, 1.000000e-01, 0, 0.085389, 2.025385e-03 
4.545409e-01, 3.008951e-03, 8.164613e-06, 7.348151e-05, 5.831866e-06, 2.908352e-03, 1.224692e-05, 8.747799e-07, 8.495527e-02, 2.009533e-03, 0.000000e+00, 0.000000, 1.000000e-01, 0, 0.084955, 2.009533e-03 
4.573842e-01, 2.843326e-03, 8.747799e-06, 7.814701e-05, 6.415053e-06, 2.737770e-03, 1.108055e-05, 1.166373e-06, 8.459245e-02, 2.000162e-03, 0.000000e+00, 0.000000, 1.000000e-01, 0, 0.084592, 2.000162e-03 
4.603045e-01, 2.920307e-03, 7.581426e-06, 7.289833e-05, 5.540273e-06, 2.821165e-03, 1.195533e-05, 1.166373e-06, 8.430266e-02, 1.970662e-03, 0.000000e+00, 0.000000, 1.000000e-01, 0, 0.084303, 1.970662e-03 
4.633875e-01, 3.083016e-03, 8.747799e-06, 8.018816e-05, 6.415053e-06, 2.974543e-03, 1.224692e-05, 8.747799e-07, 8.388722e-02, 1.952865e-03, 0.000000e+00, 0.000000, 1.000000e-01, 0, 0.083887, 1.952865e-03 
4.664665e-01, 3.078934e-03, 9.039393e-06, 8.339569e-05, 6.706646e-06, 2.965796e-03, 1.283011e-05, 1.166373e-06, 8.347202e-02, 1.936426e-03, 0.000000e+00, 0.000000, 1.000000e-01, 0, 0.083472, 1.936426e-03 
4.695498e-01, 3.083308e-03, 8.747799e-06, 8.135453e-05, 6.415053e-06, 2.973377e-03, 1.224692e-05, 1.166373e-06, 8.332388e-02, 1.902461e-03, 0.000000e+00, 0.000000, 1.000000e-01, 0, 0.083324, 1.902461e-03 
4.727629e-01, 3.213067e-03, 9.330986e-06, 8.747799e-05, 6.998239e-06, 3.097304e-03, 1.108055e-05, 8.747799e-07, 8.321467e-02, 1.894965e-03, 0.000000e+00, 0.000000, 1.000000e-01, 0, 0.083215, 1.894965e-03 
4.759771e-01, 3.214233e-03, 1.224692e-05, 1.096391e-04, 9.622579e-06, 3.069311e-03, 1.224692e-05, 1.166373e-06, 8.290178e-02, 1.915327e-03, 0.000000e+00, 0.000000, 1.000000e-01, 0, 0.082902, 1.915327e-03 
4.790884e-01, 3.111301e-03, 9.039393e-06, 8.164613e-05, 6.415053e-06, 3.000204e-03, 1.283011e-05, 1.166373e-06, 8.251066e-02, 1.853640e-03, 0.000000e+00, 0.000000, 1.000000e-01, 0, 0.082511, 1.853640e-03 
4.821134e-01, 3.024989e-03, 9.039393e-06, 8.718640e-05, 6.415053e-06, 2.910393e-03, 1.108055e-05, 8.747799e-07, 8.210368e-02, 1.834451e-03, 0.000000e+00, 0.000000, 1.000000e-01, 0, 0.082104, 1.834451e-03 
4.853229e-01, 3.209568e-03, 8.164613e-06, 7.231514e-05, 6.123459e-06, 3.109551e-03, 1.253851e-05, 8.747799e-07, 8.165166e-02, 1.803651e-03, 0.000000e+00, 0.000000, 1.000000e-01, 0, 0.081652, 1.803651e-03 
4.884509e-01, 3.127921e-03, 9.039393e-06, 8.077135e-05, 6.415053e-06, 3.018282e-03, 1.224692e-05, 1.166373e-06, 8.138630e-02, 1.787891e-03, 0.000000e+00, 0.000000, 1.000000e-01, 0, 0.081386, 1.787891e-03 
4.916456e-01, 3.194696e-03, 8.747799e-06, 9.972491e-05, 6.998239e-06, 3.065812e-03, 1.253851e-05, 8.747799e-07, 8.100672e-02, 1.767630e-03, 0.000000e+00, 0.000000, 1.000000e-01, 0, 0.081007, 1.767630e-03 
4.947513e-01, 3.105760e-03, 8.747799e-06, 8.077135e-05, 6.415053e-06, 2.996413e-03, 1.224692e-05, 1.166373e-06, 8.072757e-02, 1.774329e-03, 0.000000e+00, 0.000000, 1.000000e-01, 0, 0.080728, 1.774329e-03 
4.978413e-01, 3.090014e-03, 8.747799e-06, 8.077135e-05, 6.415053e-06, 2.980667e-03, 1.224692e-05, 1.166373e-06, 8.023136e-02, 1.734409e-03, 0.000000e+00, 0.000000, 1.000000e-01, 0, 0.080231, 1.734409e-03 
5.008873e-01, 3.045984e-03, 8.747799e-06, 8.135453e-05, 6.415053e-06, 2.936636e-03, 1.195533e-05, 8.747799e-07, 7.985461e-02, 1.715499e-03, 0.000000e+00, 0.000000, 1.000000e-01, 0, 0.079855, 1.715499e-03 
5.037368e-01, 2.849450e-03, 8.747799e-06, 7.960497e-05, 6.415053e-06, 2.742435e-03, 1.108055e-05, 1.166373e-06, 7.967561e-02, 1.685339e-03, 0.000000e+00, 0.000000, 1.000000e-01, 0, 0.079676, 1.685339e-03 
5.069597e-01, 3.222981e-03, 8.747799e-06, 7.348151e-05, 5.831866e-06, 3.121798e-03, 1.195533e-05, 1.166373e-06, 7.954573e-02, 1.666495e-03, 0.000000e+00, 0.000000, 1.000000e-01, 0, 0.079546, 1.666495e-03 
5.099990e-01, 3.039277e-03, 8.747799e-06, 7.639745e-05, 6.415053e-06, 2.929638e-03, 1.691241e-05, 1.166373e-06, 7.932081e-02, 1.655068e-03, 0.000000e+00, 0.000000, 1.000000e-01, 0, 0.079321, 1.655068e-03 
5.130357e-01, 3.036653e-03, 1.020577e-05, 9.593420e-05, 7.289833e-06, 2.911268e-03, 1.108055e-05, 8.747799e-07, 7.910478e-02, 1.661180e-03, 0.000000e+00, 0.000000, 1.000000e-01, 0, 0.079105, 1.661180e-03 
5.159015e-01, 2.865779e-03, 8.164613e-06, 7.202355e-05, 5.831866e-06, 2.685574e-03, 9.301826e-05, 1.166373e-06, 7.875854e-02, 1.611786e-03, 0.000000e+00, 0.000000, 1.000000e-01, 0, 0.078759, 1.611786e-03 
5.191726e-01, 3.271094e-03, 1.108055e-05, 1.017661e-04, 9.039393e-06, 3.133753e-03, 1.399648e-05, 1.457967e-06, 7.849803e-02, 1.597212e-03, 0.000000e+00, 0.000000, 1.000000e-01, 0, 0.078498, 1.597212e-03 
5.223754e-01, 3.202861e-03, 9.914172e-06, 8.951915e-05, 7.581426e-06, 3.082724e-03, 1.224692e-05, 8.747799e-07, 7.806981e-02, 1.558808e-03, 0.000000e+00, 0.000000, 1.000000e-01, 0, 0.078070, 1.558808e-03 
5.253010e-01, 2.925556e-03, 8.747799e-06, 7.989657e-05, 6.706646e-06, 2.818249e-03, 1.108055e-05, 8.747799e-07, 7.762978e-02, 1.547491e-03, 0.000000e+00, 0.000000, 1.000000e-01, 0, 0.077630, 1.547491e-03 
5.284371e-01, 3.136086e-03, 7.873019e-06, 1.084727e-04, 6.706646e-06, 2.999912e-03, 1.224692e-05, 8.747799e-07, 7.724116e-02, 1.545405e-03, 0.000000e+00, 0.000000, 1.000000e-01, 0, 0.077241, 1.545405e-03 
5.315702e-01, 3.133170e-03, 9.039393e-06, 8.077135e-05, 6.415053e-06, 3.022365e-03, 1.341329e-05, 1.166373e-06, 7.685168e-02, 1.589851e-03, 0.000000e+00, 0.000000, 1.000000e-01, 0, 0.076852, 1.589851e-03 
5.348189e-01, 3.248641e-03, 9.622579e-06, 8.835277e-05, 7.289833e-06, 3.126463e-03, 1.603763e-05, 8.747799e-07, 7.672151e-02, 1.620529e-03, 0.000000e+00, 0.000000, 1.000000e-01, 0, 0.076722, 1.620529e-03 
5.376806e-01, 2.861697e-03, 8.747799e-06, 7.814701e-05, 6.415053e-06, 2.756723e-03, 1.078895e-05, 8.747799e-07, 7.655050e-02, 1.420563e-03, 0.000000e+00, 0.000000, 1.000000e-01, 0, 0.076550, 1.420563e-03 
5.404915e-01, 2.810959e-03, 7.873019e-06, 7.318992e-05, 5.831866e-06, 2.712109e-03, 1.108055e-05, 8.747799e-07, 7.631218e-02, 1.448913e-03, 0.000000e+00, 0.000000, 1.000000e-01, 0, 0.076312, 1.448913e-03 
5.432631e-01, 2.771594e-03, 8.164613e-06, 7.289833e-05, 6.123459e-06, 2.672453e-03, 1.108055e-05, 8.747799e-07, 7.611502e-02, 1.392106e-03, 0.000000e+00, 0.000000, 1.000000e-01, 0, 0.076115, 1.392106e-03 
5.462692e-01, 3.006035e-03, 7.873019e-06, 7.260673e-05, 5.831866e-06, 2.906310e-03, 1.224692e-05, 1.166373e-06, 7.580152e-02, 1.365416e-03, 0.000000e+00, 0.000000, 1.000000e-01, 0, 0.075802, 1.365416e-03 
5.491962e-01, 2.927014e-03, 9.039393e-06, 7.931338e-05, 6.415053e-06, 2.820290e-03, 1.108055e-05, 8.747799e-07, 7.556349e-02, 1.392467e-03, 0.000000e+00, 0.000000, 1.000000e-01, 0, 0.075563, 1.392467e-03 
5.522550e-01, 3.058814e-03, 7.873019e-06, 7.289833e-05, 6.123459e-06, 2.955007e-03, 1.574604e-05, 1.166373e-06, 7.533316e-02, 1.359248e-03, 0.000000e+00, 0.000000, 1.000000e-01, 0, 0.075333, 1.359248e-03 
5.551931e-01, 2.938094e-03, 7.873019e-06, 7.202355e-05, 5.540273e-06, 2.834287e-03, 1.749560e-05, 8.747799e-07, 7.504023e-02, 1.316260e-03, 0.000000e+00, 0.000000, 1.000000e-01, 0, 0.075040, 1.316260e-03 
5.580113e-01, 2.818249e-03, 8.456206e-06, 7.260673e-05, 6.123459e-06, 2.719108e-03, 1.108055e-05, 8.747799e-07, 7.484024e-02, 1.367380e-03, 0.000000e+00, 0.000000, 1.000000e-01, 0, 0.074840, 1.367380e-03 
5.608462e-01, 2.834870e-03, 8.164613e-06, 7.289833e-05, 5.831866e-06, 2.735437e-03, 1.137214e-05, 1.166373e-06, 7.464891e-02, 1.289026e-03, 0.000000e+00, 0.000000, 1.000000e-01, 0, 0.074649, 1.289026e-03 
5.636391e-01, 2.792881e-03, 8.164613e-06, 7.377311e-05, 5.831866e-06, 2.692864e-03, 1.137214e-05, 8.747799e-07, 7.434792e-02, 1.237448e-03, 0.000000e+00, 0.000000, 1.000000e-01, 0, 0.074348, 1.237448e-03 
5.665748e-01, 2.935761e-03, 8.164613e-06, 7.435629e-05, 6.123459e-06, 2.832537e-03, 1.370489e-05, 8.747799e-07, 7.422687e-02, 1.230359e-03, 0.000000e+00, 0.000000, 1.000000e-01, 0, 0.074227, 1.230359e-03 
5.694068e-01, 2.831954e-03, 8.164613e-06, 7.289833e-05, 5.831866e-06, 2.732229e-03, 1.166373e-05, 1.166373e-06, 7.393657e-02, 1.203902e-03, 0.000000e+00, 0.000000, 1.000000e-01, 0, 0.073937, 1.203902e-03 
5.721927e-01, 2.785882e-03, 7.873019e-06, 7.348151e-05, 6.123459e-06, 2.686449e-03, 1.108055e-05, 8.747799e-07, 7.368464e-02, 1.180348e-03, 0.000000e+00, 0.000000, 1.000000e-01, 0, 0.073685, 1.180348e-03 
5.749981e-01, 2.805419e-03, 8.164613e-06, 7.289833e-05, 6.123459e-06, 2.706277e-03, 1.108055e-05, 8.747799e-07, 7.343220e-02, 1.160202e-03, 0.000000e+00, 0.000000, 1.000000e-01, 0, 0.073432, 1.160202e-03 
5.778023e-01, 2.804253e-03, 7.873019e-06, 7.318992e-05, 6.123459e-06, 2.704528e-03, 1.166373e-05, 8.747799e-07, 7.331708e-02, 1.160322e-03, 0.000000e+00, 0.000000, 1.000000e-01, 0, 0.073317, 1.160322e-03 
5.806780e-01, 2.875693e-03, 9.039393e-06, 7.727223e-05, 6.706646e-06, 2.770720e-03, 1.108055e-05, 8.747799e-07, 7.313927e-02, 1.134516e-03, 0.000000e+00, 0.000000, 1.000000e-01, 0, 0.073139, 1.134516e-03 
5.834829e-01, 2.804836e-03, 7.873019e-06, 7.289833e-05, 5.831866e-06, 2.705694e-03, 1.137214e-05, 1.166373e-06, 7.297046e-02, 1.136228e-03, 0.000000e+00, 0.000000, 1.000000e-01, 0, 0.072970, 1.136228e-03 
5.862860e-01, 2.803086e-03, 7.873019e-06, 7.289833e-05, 5.540273e-06, 2.704528e-03, 1.137214e-05, 8.747799e-07, 7.268177e-02, 1.093624e-03, 0.000000e+00, 0.000000, 1.000000e-01, 0, 0.072682, 1.093624e-03 
5.890780e-01, 2.792006e-03, 7.873019e-06, 7.348151e-05, 6.123459e-06, 2.692573e-03, 1.108055e-05, 8.747799e-07, 7.254025e-02, 1.084974e-03, 0.000000e+00, 0.000000, 1.000000e-01, 0, 0.072540, 1.084974e-03 
5.918866e-01, 2.808627e-03, 7.873019e-06, 7.318992e-05, 6.123459e-06, 2.709485e-03, 1.108055e-05, 8.747799e-07, 7.234760e-02, 1.083164e-03, 0.000000e+00, 0.000000, 1.000000e-01, 0, 0.072348, 1.083164e-03 
5.947734e-01, 2.886774e-03, 7.873019e-06, 7.231514e-05, 5.831866e-06, 2.788507e-03, 1.108055e-05, 1.166373e-06, 7.209499e-02, 1.047620e-03, 0.000000e+00, 0.000000, 1.000000e-01, 0, 0.072095, 1.047620e-03 
5.976289e-01, 2.855573e-03, 7.873019e-06, 7.202355e-05, 5.831866e-06, 2.757889e-03, 1.108055e-05, 8.747799e-07, 7.195025e-02, 1.066643e-03, 0.000000e+00, 0.000000, 1.000000e-01, 0, 0.071950, 1.066643e-03 
6.004072e-01, 2.778301e-03, 7.873019e-06, 7.318992e-05, 1.049736e-05, 2.674785e-03, 1.108055e-05, 8.747799e-07, 7.187190e-02, 1.018227e-03, 0.000000e+00, 0.000000, 1.000000e-01, 0, 0.071872, 1.018227e-03 
6.031832e-01, 2.775968e-03, 8.164613e-06, 7.318992e-05, 6.123459e-06, 2.676535e-03, 1.108055e-05, 8.747799e-07, 7.153714e-02, 9.836399e-04, 0.000000e+00, 0.000000, 1.000000e-01, 0, 0.071537, 9.836399e-04 
6.059650e-01, 2.781800e-03, 7.581426e-06, 7.318992e-05, 5.831866e-06, 2.683242e-03, 1.108055e-05, 8.747799e-07, 7.148752e-02, 9.917736e-04, 0.000000e+00, 0.000000, 1.000000e-01, 0, 0.071488, 9.917736e-04 
6.087398e-01, 2.774802e-03, 7.873019e-06, 7.231514e-05, 5.831866e-06, 2.676535e-03, 1.137214e-05, 8.747799e-07, 7.148120e-02, 1.039054e-03, 0.000000e+00, 0.000000, 1.000000e-01, 0, 0.071481, 1.039054e-03 
6.115097e-01, 2.769845e-03, 8.164613e-06, 7.260673e-05, 5.831866e-06, 2.671286e-03, 1.108055e-05, 8.747799e-07, 7.124861e-02, 9.979697e-04, 0.000000e+00, 0.000000, 1.000000e-01, 0, 0.071249, 9.979697e-04 
6.143950e-01, 2.885316e-03, 8.164613e-06, 7.260673e-05, 5.831866e-06, 2.786757e-03, 1.108055e-05, 8.747799e-07, 7.112441e-02, 1.013833e-03, 0.000000e+00, 0.000000, 1.000000e-01, 0, 0.071124, 1.013833e-03 
6.171864e-01, 2.791423e-03, 7.873019e-06, 8.397887e-05, 5.831866e-06, 2.681784e-03, 1.108055e-05, 8.747799e-07, 7.097592e-02, 9.771938e-04, 0.000000e+00, 0.000000, 1.000000e-01, 0, 0.070976, 9.771938e-04 
6.199866e-01, 2.800171e-03, 7.873019e-06, 7.260673e-05, 6.123459e-06, 2.701029e-03, 1.137214e-05, 1.166373e-06, 7.076201e-02, 9.436716e-04, 0.000000e+00, 0.000000, 1.000000e-01, 0, 0.070762, 9.436716e-04 
6.227558e-01, 2.769262e-03, 8.164613e-06, 7.289833e-05, 8.747799e-06, 2.667204e-03, 1.137214e-05, 8.747799e-07, 7.056600e-02, 9.184810e-04, 0.000000e+00, 0.000000, 1.000000e-01, 0, 0.070566, 9.184810e-04 
6.256374e-01, 2.881525e-03, 7.873019e-06, 7.173195e-05, 5.831866e-06, 2.784424e-03, 1.078895e-05, 8.747799e-07, 7.028384e-02, 8.773870e-04, 0.000000e+00, 0.000000, 1.000000e-01, 0, 0.070284, 8.773870e-04 
6.285964e-01, 2.959089e-03, 1.078895e-05, 7.231514e-05, 5.831866e-06, 2.849450e-03, 1.982834e-05, 8.747799e-07, 7.010675e-02, 8.624452e-04, 0.000000e+00, 0.000000, 1.000000e-01, 0, 0.070107, 8.624452e-04 
6.316891e-01, 3.092639e-03, 8.164613e-06, 7.377311e-05, 6.123459e-06, 2.992622e-03, 1.108055e-05, 8.747799e-07, 6.993968e-02, 8.496492e-04, 0.000000e+00, 0.000000, 1.000000e-01, 0, 0.069940, 8.496492e-04 
6.346015e-01, 2.912434e-03, 7.873019e-06, 7.377311e-05, 5.831866e-06, 2.813001e-03, 1.108055e-05, 8.747799e-07, 6.984011e-02, 8.580298e-04, 0.000000e+00, 0.000000, 1.000000e-01, 0, 0.069840, 8.580298e-04 
6.373947e-01, 2.793172e-03, 7.873019e-06, 7.289833e-05, 6.123459e-06, 2.694322e-03, 1.108055e-05, 8.747799e-07, 6.979681e-02, 8.421845e-04, 0.000000e+00, 0.000000, 1.000000e-01, 0, 0.069797, 8.421845e-04 
6.403027e-01, 2.908060e-03, 8.164613e-06, 7.260673e-05, 6.123459e-06, 2.809210e-03, 1.108055e-05, 8.747799e-07, 6.955562e-02, 8.056497e-04, 0.000000e+00, 0.000000, 1.000000e-01, 0, 0.069556, 8.056497e-04 
6.431242e-01, 2.821457e-03, 7.873019e-06, 7.348151e-05, 5.831866e-06, 2.721440e-03, 1.195533e-05, 8.747799e-07, 6.938430e-02, 8.047049e-04, 0.000000e+00, 0.000000, 1.000000e-01, 0, 0.069384, 8.047049e-04 
6.470383e-01, 3.914057e-03, 8.456206e-06, 7.873019e-05, 6.123459e-06, 3.093805e-03, 1.108055e-05, 7.158616e-04, 6.940841e-02, 8.455976e-04, 0.000000e+00, 0.000000, 5.000000e-02, 0, 0.069408, 8.455976e-04 
6.498416e-01, 2.803378e-03, 8.747799e-06, 7.435629e-05, 6.123459e-06, 2.701904e-03, 1.137214e-05, 8.747799e-07, 6.923159e-02, 8.231336e-04, 0.000000e+00, 0.000000, 5.000000e-02, 0, 0.069232, 8.231336e-04 
6.536630e-01, 3.821330e-03, 1.137214e-05, 9.593420e-05, 7.873019e-06, 3.687781e-03, 1.662082e-05, 1.749560e-06, 6.916939e-02, 8.238884e-04, 0.000000e+00, 0.000000, 5.000000e-02, 0, 0.069169, 8.238884e-04 
6.571458e-01, 3.482790e-03, 1.253851e-05, 9.564260e-05, 7.289833e-06, 3.354781e-03, 1.166373e-05, 8.747799e-07, 6.904315e-02, 8.050038e-04, 0.000000e+00, 0.000000, 5.000000e-02, 0, 0.069043, 8.050038e-04 
6.601617e-01, 3.015950e-03, 8.164613e-06, 7.348151e-05, 6.123459e-06, 2.909810e-03, 1.720401e-05, 1.166373e-06, 6.898632e-02, 8.071595e-04, 0.000000e+00, 0.000000, 5.000000e-02, 0, 0.068986, 8.071595e-04 
6.633270e-01, 3.165245e-03, 1.078895e-05, 1.052652e-04, 8.456206e-06, 3.028780e-03, 1.108055e-05, 8.747799e-07, 6.892787e-02, 7.769104e-04, 0.000000e+00, 0.000000, 5.000000e-02, 0, 0.068928, 7.769104e-04 
6.661849e-01, 2.857906e-03, 8.164613e-06, 8.077135e-05, 5.831866e-06, 2.751474e-03, 1.078895e-05, 8.747799e-07, 6.886887e-02, 7.636385e-04, 0.000000e+00, 0.000000, 5.000000e-02, 0, 0.068869, 7.636385e-04 
6.689955e-01, 2.810668e-03, 7.873019e-06, 7.318992e-05, 6.123459e-06, 2.711526e-03, 1.108055e-05, 8.747799e-07, 6.876051e-02, 7.507332e-04, 0.000000e+00, 0.000000, 5.000000e-02, 0, 0.068761, 7.507332e-04 
6.721651e-01, 3.169619e-03, 8.456206e-06, 7.289833e-05, 5.831866e-06, 3.069311e-03, 1.224692e-05, 8.747799e-07, 6.871664e-02, 7.302158e-04, 0.000000e+00, 0.000000, 5.000000e-02, 0, 0.068717, 7.302158e-04 
6.750403e-01, 2.875110e-03, 8.747799e-06, 7.873019e-05, 6.706646e-06, 2.768678e-03, 1.137214e-05, 8.747799e-07, 6.866988e-02, 7.272598e-04, 0.000000e+00, 0.000000, 5.000000e-02, 0, 0.068670, 7.272598e-04 
6.781361e-01, 3.095846e-03, 7.873019e-06, 7.318992e-05, 5.831866e-06, 2.996996e-03, 1.108055e-05, 8.747799e-07, 6.863641e-02, 7.178349e-04, 0.000000e+00, 0.000000, 5.000000e-02, 0, 0.068636, 7.178349e-04 
6.809739e-01, 2.837786e-03, 8.164613e-06, 7.610585e-05, 1.283011e-05, 2.728439e-03, 1.137214e-05, 8.747799e-07, 6.853306e-02, 7.031701e-04, 0.000000e+00, 0.000000, 5.000000e-02, 0, 0.068533, 7.031701e-04 
6.837924e-01, 2.818541e-03, 8.164613e-06, 8.864437e-05, 6.123459e-06, 2.703653e-03, 1.108055e-05, 8.747799e-07, 6.852982e-02, 7.240655e-04, 0.000000e+00, 0.000000, 5.000000e-02, 0, 0.068530, 7.240655e-04 
6.867728e-01, 2.980375e-03, 1.166373e-05, 7.406470e-05, 5.831866e-06, 2.873360e-03, 1.457967e-05, 8.747799e-07, 6.842695e-02, 7.052275e-04, 0.000000e+00, 0.000000, 5.000000e-02, 0, 0.068427, 7.052275e-04 
6.896902e-01, 2.917391e-03, 8.164613e-06, 7.260673e-05, 6.123459e-06, 2.818249e-03, 1.137214e-05, 8.747799e-07, 6.836317e-02, 6.963487e-04, 0.000000e+00, 0.000000, 5.000000e-02, 0, 0.068363, 6.963487e-04 
6.928161e-01, 3.125880e-03, 8.164613e-06, 7.348151e-05, 6.123459e-06, 3.026155e-03, 1.108055e-05, 8.747799e-07, 6.828592e-02, 6.873839e-04, 0.000000e+00, 0.000000, 5.000000e-02, 0, 0.068286, 6.873839e-04 
6.956620e-01, 2.845951e-03, 8.164613e-06, 7.202355e-05, 5.831866e-06, 2.705986e-03, 1.108055e-05, 4.286422e-05, 6.828885e-02, 6.921785e-04, 0.000000e+00, 0.000000, 2.500000e-02, 0, 0.068289, 6.921785e-04 
6.984651e-01, 2.803086e-03, 8.164613e-06, 7.318992e-05, 5.831866e-06, 2.703945e-03, 1.108055e-05, 8.747799e-07, 6.819308e-02, 6.768134e-04, 0.000000e+00, 0.000000, 2.500000e-02, 0, 0.068193, 6.768134e-04 
7.013224e-01, 2.857323e-03, 8.164613e-06, 7.318992e-05, 5.831866e-06, 2.757889e-03, 1.137214e-05, 8.747799e-07, 6.817212e-02, 6.754188e-04, 0.000000e+00, 0.000000, 2.500000e-02, 0, 0.068172, 6.754188e-04 
7.041515e-01, 2.829038e-03, 1.224692e-05, 9.476782e-05, 6.123459e-06, 2.703945e-03, 1.108055e-05, 8.747799e-07, 6.812145e-02, 6.695646e-04, 0.000000e+00, 0.000000, 2.500000e-02, 0, 0.068121, 6.695646e-04 
7.072814e-01, 3.129963e-03, 8.164613e-06, 1.046820e-04, 5.831866e-06, 2.995246e-03, 1.516285e-05, 8.747799e-07, 6.811109e-02, 6.692465e-04, 0.000000e+00, 0.000000, 2.500000e-02, 0, 0.068111, 6.692465e-04 
7.100819e-01, 2.800462e-03, 8.164613e-06, 7.231514e-05, 5.831866e-06, 2.701612e-03, 1.166373e-05, 8.747799e-07, 6.808924e-02, 6.691262e-04, 0.000000e+00, 0.000000, 2.500000e-02, 0, 0.068089, 6.691262e-04 
7.129022e-01, 2.820290e-03, 7.873019e-06, 7.493948e-05, 6.123459e-06, 2.719108e-03, 1.137214e-05, 8.747799e-07, 6.807947e-02, 6.638249e-04, 0.000000e+00, 0.000000, 2.500000e-02, 0, 0.068079, 6.638249e-04 
7.157522e-01, 2.850033e-03, 8.164613e-06, 7.260673e-05, 5.831866e-06, 2.748267e-03, 1.399648e-05, 1.166373e-06, 6.803020e-02, 6.539045e-04, 0.000000e+00, 0.000000, 2.500000e-02, 0, 0.068030, 6.539045e-04 
7.190519e-01, 3.299670e-03, 9.330986e-06, 7.960497e-05, 6.706646e-06, 3.187698e-03, 1.545445e-05, 8.747799e-07, 6.800695e-02, 6.485440e-04, 0.000000e+00, 0.000000, 2.500000e-02, 0, 0.068007, 6.485440e-04 
7.235596e-01, 4.507741e-03, 1.866197e-05, 9.185189e-05, 7.289833e-06, 4.373900e-03, 1.487126e-05, 1.166373e-06, 6.798465e-02, 6.445097e-04, 0.000000e+00, 0.000000, 2.500000e-02, 0, 0.067985, 6.445097e-04 
7.264467e-01, 2.887065e-03, 9.039393e-06, 7.406470e-05, 6.706646e-06, 2.785299e-03, 1.108055e-05, 8.747799e-07, 6.793082e-02, 6.389671e-04, 0.000000e+00, 0.000000, 2.500000e-02, 0, 0.067931, 6.389671e-04 
7.292714e-01, 2.824664e-03, 8.164613e-06, 7.348151e-05, 6.123459e-06, 2.724648e-03, 1.137214e-05, 8.747799e-07, 6.788674e-02, 6.334004e-04, 0.000000e+00, 0.000000, 2.500000e-02, 0, 0.067887, 6.334004e-04 
7.321946e-01, 2.923223e-03, 8.164613e-06, 7.348151e-05, 5.540273e-06, 2.823790e-03, 1.108055e-05, 1.166373e-06, 6.786659e-02, 6.319341e-04, 0.000000e+00, 0.000000, 2.500000e-02, 0, 0.067867, 6.319341e-04 
7.353552e-01, 3.160580e-03, 8.456206e-06, 7.377311e-05, 5.831866e-06, 2.993205e-03, 1.137214e-05, 6.794124e-05, 6.783722e-02, 6.279285e-04, 0.000000e+00, 0.000000, 2.500000e-02, 0, 0.067837, 6.279285e-04 
7.383898e-01, 3.034612e-03, 9.039393e-06, 7.960497e-05, 6.706646e-06, 2.927305e-03, 1.108055e-05, 8.747799e-07, 6.782800e-02, 6.278107e-04, 0.000000e+00, 0.000000, 2.500000e-02, 0, 0.067828, 6.278107e-04 
7.412264e-01, 2.836620e-03, 7.873019e-06, 7.318992e-05, 5.831866e-06, 2.694905e-03, 1.078895e-05, 4.403059e-05, 6.782873e-02, 6.334275e-04, 0.000000e+00, 0.000000, 1.250000e-02, 0, 0.067829, 6.334275e-04 
7.440029e-01, 2.776551e-03, 8.164613e-06, 7.231514e-05, 5.831866e-06, 2.678285e-03, 1.108055e-05, 8.747799e-07, 6.781044e-02, 6.342164e-04, 0.000000e+00, 0.000000, 1.250000e-02, 0, 0.067810, 6.342164e-04 
7.467821e-01, 2.779176e-03, 7.873019e-06, 7.348151e-05, 6.123459e-06, 2.680034e-03, 1.078895e-05, 8.747799e-07, 6.780611e-02, 6.327475e-04, 0.000000e+00, 0.000000, 1.250000e-02, 0, 0.067806, 6.327475e-04 
7.496062e-01, 2.824081e-03, 7.873019e-06, 7.202355e-05, 5.831866e-06, 2.726106e-03, 1.137214e-05, 8.747799e-07, 6.778247e-02, 6.279906e-04, 0.000000e+00, 0.000000, 1.250000e-02, 0, 0.067782, 6.279906e-04 
7.525041e-01, 2.897854e-03, 7.873019e-06, 7.289833e-05, 6.123459e-06, 2.799004e-03, 1.108055e-05, 8.747799e-07, 6.776812e-02, 6.278096e-04, 0.000000e+00, 0.000000, 1.250000e-02, 0, 0.067768, 6.278096e-04 
7.555305e-01, 3.026447e-03, 8.164613e-06, 7.377311e-05, 6.123459e-06, 2.926430e-03, 1.108055e-05, 8.747799e-07, 6.776390e-02, 6.269305e-04, 0.000000e+00, 0.000000, 1.250000e-02, 0, 0.067764, 6.269305e-04 
7.583216e-01, 2.791131e-03, 8.164613e-06, 7.289833e-05, 6.123459e-06, 2.691989e-03, 1.108055e-05, 8.747799e-07, 6.774962e-02, 6.248287e-04, 0.000000e+00, 0.000000, 1.250000e-02, 0, 0.067750, 6.248287e-04 
7.613428e-01, 3.021198e-03, 7.873019e-06, 7.231514e-05, 6.123459e-06, 2.922640e-03, 1.108055e-05, 1.166373e-06, 6.774194e-02, 6.213197e-04, 0.000000e+00, 0.000000, 1.250000e-02, 0, 0.067742, 6.213197e-04 
7.642136e-01, 2.870736e-03, 7.873019e-06, 7.202355e-05, 5.831866e-06, 2.772178e-03, 1.195533e-05, 8.747799e-07, 6.773127e-02, 6.193842e-04, 0.000000e+00, 0.000000, 1.250000e-02, 0, 0.067731, 6.193842e-04 
7.670362e-01, 2.822623e-03, 8.456206e-06, 7.989657e-05, 6.415053e-06, 2.716192e-03, 1.078895e-05, 8.747799e-07, 6.772349e-02, 6.169613e-04, 0.000000e+00, 0.000000, 1.250000e-02, 0, 0.067723, 6.169613e-04 
7.698369e-01, 2.800754e-03, 8.164613e-06, 7.173195e-05, 5.831866e-06, 2.703070e-03, 1.108055e-05, 8.747799e-07, 6.771729e-02, 6.155330e-04, 0.000000e+00, 0.000000, 1.250000e-02, 0, 0.067717, 6.155330e-04 
7.726397e-01, 2.802795e-03, 7.873019e-06, 7.260673e-05, 5.540273e-06, 2.704820e-03, 1.108055e-05, 8.747799e-07, 6.770137e-02, 6.141557e-04, 0.000000e+00, 0.000000, 1.250000e-02, 0, 0.067701, 6.141557e-04 
7.754090e-01, 2.769262e-03, 7.873019e-06, 7.318992e-05, 5.831866e-06, 2.670120e-03, 1.137214e-05, 8.747799e-07, 6.767722e-02, 6.108750e-04, 0.000000e+00, 0.000000, 1.250000e-02, 0, 0.067677, 6.108750e-04 
7.782366e-01, 2.827580e-03, 7.873019e-06, 7.318992e-05, 5.831866e-06, 2.728439e-03, 1.137214e-05, 8.747799e-07, 6.767066e-02, 6.102396e-04, 0.000000e+00, 0.000000, 1.250000e-02, 0, 0.067671, 6.102396e-04 
7.811744e-01, 2.937803e-03, 8.164613e-06, 7.260673e-05, 5.831866e-06, 2.837786e-03, 1.253851e-05, 8.747799e-07, 6.766048e-02, 6.098769e-04, 0.000000e+00, 0.000000, 1.250000e-02, 0, 0.067660, 6.098769e-04 
7.845160e-01, 3.341659e-03, 9.622579e-06, 8.485365e-05, 6.706646e-06, 3.227938e-03, 1.166373e-05, 8.747799e-07, 6.763820e-02, 6.071486e-04, 0.000000e+00, 0.000000, 1.250000e-02, 0, 0.067638, 6.071486e-04 
7.876323e-01, 3.116258e-03, 8.164613e-06, 7.348151e-05, 6.123459e-06, 3.016241e-03, 1.137214e-05, 8.747799e-07, 6.761621e-02, 6.046074e-04, 0.000000e+00, 0.000000, 1.250000e-02, 0, 0.067616, 6.046074e-04 
7.904462e-01, 2.813875e-03, 8.456206e-06, 7.406470e-05, 6.123459e-06, 2.713276e-03, 1.108055e-05, 8.747799e-07, 6.760663e-02, 6.042145e-04, 0.000000e+00, 0.000000, 1.250000e-02, 0, 0.067607, 6.042145e-04 
7.932382e-01, 2.792006e-03, 7.873019e-06, 7.318992e-05, 5.831866e-06, 2.693156e-03, 1.108055e-05, 8.747799e-07, 6.760117e-02, 6.052214e-04, 0.000000e+00, 0.000000, 1.250000e-02, 0, 0.067601, 6.052214e-04 
7.960920e-01, 2.853824e-03, 7.873019e-06, 7.348151e-05, 6.123459e-06, 2.753516e-03, 1.195533e-05, 8.747799e-07, 6.759174e-02, 6.059871e-04, 0.000000e+00, 0.000000, 1.250000e-02, 0, 0.067592, 6.059871e-04 
7.991876e-01, 3.095555e-03, 8.747799e-06, 7.989657e-05, 6.415053e-06, 2.988248e-03, 1.137214e-05, 8.747799e-07, 6.758192e-02, 6.042420e-04, 0.000000e+00, 0.000000, 1.250000e-02, 0, 0.067582, 6.042420e-04 
8.028173e-01, 3.629753e-03, 1.137214e-05, 9.826694e-05, 7.581426e-06, 3.492121e-03, 1.866197e-05, 1.749560e-06, 6.757717e-02, 6.059327e-04, 0.000000e+00, 0.000000, 1.250000e-02, 0, 0.067577, 6.059327e-04 
8.059027e-01, 3.085349e-03, 1.049736e-05, 7.843860e-05, 6.706646e-06, 2.977168e-03, 1.166373e-05, 8.747799e-07, 6.756820e-02, 6.071893e-04, 0.000000e+00, 0.000000, 1.250000e-02, 0, 0.067568, 6.071893e-04 
8.088854e-01, 2.982708e-03, 8.456206e-06, 7.406470e-05, 6.123459e-06, 2.881817e-03, 1.137214e-05, 8.747799e-07, 6.756389e-02, 6.028254e-04, 0.000000e+00, 0.000000, 1.250000e-02, 0, 0.067564, 6.028254e-04 
8.118993e-01, 3.013908e-03, 8.456206e-06, 7.289833e-05, 6.123459e-06, 2.913309e-03, 1.224692e-05, 8.747799e-07, 6.754863e-02, 6.008839e-04, 0.000000e+00, 0.000000, 1.250000e-02, 0, 0.067549, 6.008839e-04 
8.150228e-01, 3.123548e-03, 8.747799e-06, 7.931338e-05, 6.415053e-06, 3.017408e-03, 1.078895e-05, 8.747799e-07, 6.752694e-02, 5.977102e-04, 0.000000e+00, 0.000000, 1.250000e-02, 0, 0.067527, 5.977102e-04 
8.178078e-01, 2.785008e-03, 8.164613e-06, 7.260673e-05, 6.123459e-06, 2.686449e-03, 1.078895e-05, 8.747799e-07, 6.752263e-02, 5.927270e-04, 0.000000e+00, 0.000000, 1.250000e-02, 0, 0.067523, 5.927270e-04 
8.205739e-01, 2.766054e-03, 7.873019e-06, 7.260673e-05, 5.831866e-06, 2.667787e-03, 1.108055e-05, 8.747799e-07, 6.751909e-02, 5.927645e-04, 0.000000e+00, 0.000000, 1.250000e-02, 0, 0.067519, 5.927645e-04 
8.233557e-01, 2.781800e-03, 7.873019e-06, 7.318992e-05, 6.123459e-06, 2.682367e-03, 1.137214e-05, 8.747799e-07, 6.750363e-02, 5.914177e-04, 0.000000e+00, 0.000000, 1.250000e-02, 0, 0.067504, 5.914177e-04 
8.263256e-01, 2.969878e-03, 7.873019e-06, 7.348151e-05, 5.831866e-06, 2.870736e-03, 1.108055e-05, 8.747799e-07, 6.748848e-02, 5.899451e-04, 0.000000e+00, 0.000000, 1.250000e-02, 0, 0.067488, 5.899451e-04 
8.292260e-01, 2.900479e-03, 7.873019e-06, 7.464789e-05, 6.123459e-06, 2.798713e-03, 1.224692e-05, 8.747799e-07, 6.748507e-02, 5.900225e-04, 0.000000e+00, 0.000000, 1.250000e-02, 0, 0.067485, 5.900225e-04 
8.320236e-01, 2.797546e-03, 7.873019e-06, 7.406470e-05, 5.831866e-06, 2.697821e-03, 1.108055e-05, 8.747799e-07, 6.747010e-02, 5.886275e-04, 0.000000e+00, 0.000000, 1.250000e-02, 0, 0.067470, 5.886275e-04 
8.349836e-01, 2.959964e-03, 8.164613e-06, 7.348151e-05, 5.831866e-06, 2.860239e-03, 1.137214e-05, 8.747799e-07, 6.744863e-02, 5.854705e-04, 0.000000e+00, 0.000000, 1.250000e-02, 0, 0.067449, 5.854705e-04 
8.378211e-01, 2.837494e-03, 8.456206e-06, 7.318992e-05, 6.415053e-06, 2.737478e-03, 1.108055e-05, 8.747799e-07, 6.744000e-02, 5.847494e-04, 0.000000e+00, 0.000000, 1.250000e-02, 0, 0.067440, 5.847494e-04 
8.406667e-01, 2.845659e-03, 8.164613e-06, 7.843860e-05, 7.873019e-06, 2.738936e-03, 1.137214e-05, 8.747799e-07, 6.743085e-02, 5.839645e-04, 0.000000e+00, 0.000000, 1.250000e-02, 0, 0.067431, 5.839645e-04 
8.434920e-01, 2.825248e-03, 8.164613e-06, 7.960497e-05, 6.123459e-06, 2.718816e-03, 1.166373e-05, 8.747799e-07, 6.742151e-02, 5.836002e-04, 0.000000e+00, 0.000000, 1.250000e-02, 0, 0.067422, 5.836002e-04 
8.463872e-01, 2.895230e-03, 1.049736e-05, 8.047975e-05, 6.415053e-06, 2.785882e-03, 1.108055e-05, 8.747799e-07, 6.739996e-02, 5.802628e-04, 0.000000e+00, 0.000000, 1.250000e-02, 0, 0.067400, 5.802628e-04 
8.492792e-01, 2.892022e-03, 9.914172e-06, 7.493948e-05, 6.415053e-06, 2.788507e-03, 1.137214e-05, 8.747799e-07, 6.739066e-02, 5.801167e-04, 0.000000e+00, 0.000000, 1.250000e-02, 0, 0.067391, 5.801167e-04 
8.522103e-01, 2.931096e-03, 8.164613e-06, 7.318992e-05, 1.078895e-05, 2.826997e-03, 1.108055e-05, 8.747799e-07, 6.736933e-02, 5.771711e-04, 0.000000e+00, 0.000000, 1.250000e-02, 0, 0.067369, 5.771711e-04 
8.550353e-01, 2.824956e-03, 7.873019e-06, 7.260673e-05, 5.831866e-06, 2.726689e-03, 1.108055e-05, 8.747799e-07, 6.736054e-02, 5.772624e-04, 0.000000e+00, 0.000000, 1.250000e-02, 0, 0.067361, 5.772624e-04 
8.579395e-01, 2.904269e-03, 8.164613e-06, 7.260673e-05, 5.831866e-06, 2.805711e-03, 1.108055e-05, 8.747799e-07, 6.735147e-02, 5.757700e-04, 0.000000e+00, 0.000000, 1.250000e-02, 0, 0.067351, 5.757700e-04 
8.607668e-01, 2.827289e-03, 7.873019e-06, 7.260673e-05, 5.540273e-06, 2.729313e-03, 1.108055e-05, 8.747799e-07, 6.734860e-02, 5.750051e-04, 0.000000e+00, 0.000000, 1.250000e-02, 0, 0.067349, 5.750051e-04 
8.641146e-01, 3.347783e-03, 7.581426e-06, 7.377311e-05, 6.123459e-06, 3.204902e-03, 1.166373e-05, 4.373900e-05, 6.734859e-02, 5.774325e-04, 0.000000e+00, 0.000000, 6.250000e-03, 0, 0.067349, 5.774325e-04 
8.669536e-01, 2.838952e-03, 8.456206e-06, 7.464789e-05, 5.831866e-06, 2.737770e-03, 1.137214e-05, 8.747799e-07, 6.733412e-02, 5.761894e-04, 0.000000e+00, 0.000000, 6.250000e-03, 0, 0.067334, 5.761894e-04 
8.697575e-01, 2.803961e-03, 8.164613e-06, 7.377311e-05, 6.123459e-06, 2.703653e-03, 1.137214e-05, 8.747799e-07, 6.732979e-02, 5.756844e-04, 0.000000e+00, 0.000000, 6.250000e-03, 0, 0.067330, 5.756844e-04 
8.726422e-01, 2.884733e-03, 8.164613e-06, 7.318992e-05, 5.831866e-06, 2.785882e-03, 1.078895e-05, 8.747799e-07, 6.732790e-02, 5.756261e-04, 0.000000e+00, 0.000000, 6.250000e-03, 0, 0.067328, 5.756261e-04 
8.755334e-01, 2.891148e-03, 8.164613e-06, 7.318992e-05, 6.123459e-06, 2.790548e-03, 1.224692e-05, 8.747799e-07, 6.731723e-02, 5.738310e-04, 0.000000e+00, 0.000000, 6.250000e-03, 0, 0.067317, 5.738310e-04 
8.783339e-01, 2.800462e-03, 8.164613e-06, 7.318992e-05, 6.123459e-06, 2.700737e-03, 1.137214e-05, 8.747799e-07, 6.731565e-02, 5.736497e-04, 0.000000e+00, 0.000000, 6.250000e-03, 0, 0.067316, 5.736497e-04 
8.811509e-01, 2.817083e-03, 8.164613e-06, 8.718640e-05, 6.123459e-06, 2.703653e-03, 1.108055e-05, 8.747799e-07, 6.730497e-02, 5.718517e-04, 0.000000e+00, 0.000000, 6.250000e-03, 0, 0.067305, 5.718517e-04 
8.839415e-01, 2.790548e-03, 7.873019e-06, 7.348151e-05, 5.831866e-06, 2.691406e-03, 1.108055e-05, 8.747799e-07, 6.730340e-02, 5.716171e-04, 0.000000e+00, 0.000000, 6.250000e-03, 0, 0.067303, 5.716171e-04 
8.867376e-01, 2.796088e-03, 8.164613e-06, 7.231514e-05, 6.123459e-06, 2.697821e-03, 1.078895e-05, 8.747799e-07, 6.729205e-02, 5.698164e-04, 0.000000e+00, 0.000000, 6.250000e-03, 0, 0.067292, 5.698164e-04 
8.898075e-01, 3.069894e-03, 7.873019e-06, 7.289833e-05, 6.123459e-06, 2.970461e-03, 1.137214e-05, 1.166373e-06, 6.729008e-02, 5.696738e-04, 0.000000e+00, 0.000000, 6.250000e-03, 0, 0.067290, 5.696738e-04 
8.926298e-01, 2.822332e-03, 8.456206e-06, 7.406470e-05, 6.123459e-06, 2.721440e-03, 1.137214e-05, 8.747799e-07, 6.728288e-02, 5.690034e-04, 0.000000e+00, 0.000000, 6.250000e-03, 0, 0.067283, 5.690034e-04 
8.954128e-01, 2.782967e-03, 8.164613e-06, 7.318992e-05, 5.831866e-06, 2.684116e-03, 1.078895e-05, 8.747799e-07, 6.728045e-02, 5.689021e-04, 0.000000e+00, 0.000000, 6.250000e-03, 0, 0.067280, 5.689021e-04 
8.981943e-01, 2.781509e-03, 8.164613e-06, 7.318992e-05, 5.831866e-06, 2.682367e-03, 1.108055e-05, 8.747799e-07, 6.726986e-02, 5.672500e-04, 0.000000e+00, 0.000000, 6.250000e-03, 0, 0.067270, 5.672500e-04 
9.009752e-01, 2.780925e-03, 7.873019e-06, 7.377311e-05, 5.831866e-06, 2.681492e-03, 1.108055e-05, 8.747799e-07, 6.725723e-02, 5.654726e-04, 0.000000e+00, 0.000000, 6.250000e-03, 0, 0.067257, 5.654726e-04 
9.038013e-01, 2.826122e-03, 8.164613e-06, 7.318992e-05, 5.831866e-06, 2.726981e-03, 1.108055e-05, 8.747799e-07, 6.725548e-02, 5.657430e-04, 0.000000e+00, 0.000000, 6.250000e-03, 0, 0.067255, 5.657430e-04 
9.067878e-01, 2.986499e-03, 9.914172e-06, 7.698063e-05, 7.873019e-06, 2.879484e-03, 1.137214e-05, 8.747799e-07, 6.724437e-02, 5.641805e-04, 0.000000e+00, 0.000000, 6.250000e-03, 0, 0.067244, 5.641805e-04 
9.095644e-01, 2.776551e-03, 7.873019e-06, 7.289833e-05, 6.123459e-06, 2.677701e-03, 1.108055e-05, 8.747799e-07, 6.723865e-02, 5.639410e-04, 0.000000e+00, 0.000000, 6.250000e-03, 0, 0.067239, 5.639410e-04 
9.123511e-01, 2.786757e-03, 8.164613e-06, 7.348151e-05, 5.831866e-06, 2.687032e-03, 1.137214e-05, 8.747799e-07, 6.723432e-02, 5.636053e-04, 0.000000e+00, 0.000000, 6.250000e-03, 0, 0.067234, 5.636053e-04 
9.151396e-01, 2.788507e-03, 7.873019e-06, 7.318992e-05, 5.831866e-06, 2.689073e-03, 1.137214e-05, 1.166373e-06, 6.723225e-02, 5.631149e-04, 0.000000e+00, 0.000000, 6.250000e-03, 0, 0.067232, 5.631149e-04 
9.179491e-01, 2.809502e-03, 8.164613e-06, 7.348151e-05, 5.831866e-06, 2.710068e-03, 1.108055e-05, 8.747799e-07, 6.723075e-02, 5.631056e-04, 0.000000e+00, 0.000000, 6.250000e-03, 0, 0.067231, 5.631056e-04 
9.208269e-01, 2.877734e-03, 8.456206e-06, 7.814701e-05, 6.415053e-06, 2.772469e-03, 1.108055e-05, 1.166373e-06, 6.722340e-02, 5.623412e-04, 0.000000e+00, 0.000000, 6.250000e-03, 0, 0.067223, 5.623412e-04 
9.236757e-01, 2.848867e-03, 7.873019e-06, 7.318992e-05, 5.831866e-06, 2.749725e-03, 1.137214e-05, 8.747799e-07, 6.721521e-02, 5.616165e-04, 0.000000e+00, 0.000000, 6.250000e-03, 0, 0.067215, 5.616165e-04 
9.264747e-01, 2.799004e-03, 8.164613e-06, 7.318992e-05, 5.831866e-06, 2.699571e-03, 1.137214e-05, 8.747799e-07, 6.720484e-02, 5.599310e-04, 0.000000e+00, 0.000000, 6.250000e-03, 0, 0.067205, 5.599310e-04 
9.292665e-01, 2.791714e-03, 8.164613e-06, 7.318992e-05, 6.123459e-06, 2.692281e-03, 1.108055e-05, 8.747799e-07, 6.720365e-02, 5.597438e-04, 0.000000e+00, 0.000000, 6.250000e-03, 0, 0.067204, 5.597438e-04 
9.321961e-01, 2.929638e-03, 8.164613e-06, 7.377311e-05, 5.831866e-06, 2.829621e-03, 1.137214e-05, 8.747799e-07, 6.719642e-02, 5.590842e-04, 0.000000e+00, 0.000000, 6.250000e-03, 0, 0.067196, 5.590842e-04 
9.351193e-01, 2.923223e-03, 8.164613e-06, 7.377311e-05, 6.415053e-06, 2.822915e-03, 1.108055e-05, 8.747799e-07, 6.718614e-02, 5.574321e-04, 0.000000e+00, 0.000000, 6.250000e-03, 0, 0.067186, 5.574321e-04 
9.378918e-01, 2.772469e-03, 8.164613e-06, 8.135453e-05, 5.831866e-06, 2.665163e-03, 1.108055e-05, 8.747799e-07, 6.718195e-02, 5.570375e-04, 0.000000e+00, 0.000000, 6.250000e-03, 0, 0.067182, 5.570375e-04 
9.410909e-01, 3.199070e-03, 8.456206e-06, 8.776959e-05, 8.456206e-06, 3.082433e-03, 1.108055e-05, 8.747799e-07, 6.718009e-02, 5.571115e-04, 0.000000e+00, 0.000000, 6.250000e-03, 0, 0.067180, 5.571115e-04 
9.438843e-01, 2.793464e-03, 7.873019e-06, 7.231514e-05, 5.831866e-06, 2.695489e-03, 1.108055e-05, 8.747799e-07, 6.716991e-02, 5.554610e-04, 0.000000e+00, 0.000000, 6.250000e-03, 0, 0.067170, 5.554610e-04 
9.467883e-01, 2.903978e-03, 1.078895e-05, 9.447623e-05, 7.581426e-06, 2.777718e-03, 1.224692e-05, 1.166373e-06, 6.716979e-02, 5.564969e-04, 0.000000e+00, 0.000000, 3.125000e-03, 0, 0.067170, 5.564969e-04 
9.496969e-01, 2.908643e-03, 8.164613e-06, 7.493948e-05, 6.706646e-06, 2.805419e-03, 1.224692e-05, 1.166373e-06, 6.716595e-02, 5.565145e-04, 0.000000e+00, 0.000000, 3.125000e-03, 0, 0.067166, 5.565145e-04 
9.528389e-01, 3.141918e-03, 1.166373e-05, 1.008913e-04, 6.998239e-06, 3.010118e-03, 1.108055e-05, 1.166373e-06, 6.716079e-02, 5.556479e-04, 0.000000e+00, 0.000000, 3.125000e-03, 0, 0.067161, 5.556479e-04 
9.556245e-01, 2.785591e-03, 8.456206e-06, 7.202355e-05, 6.123459e-06, 2.686741e-03, 1.137214e-05, 8.747799e-07, 6.715873e-02, 5.556434e-04, 0.000000e+00, 0.000000, 3.125000e-03, 0, 0.067159, 5.556434e-04 
9.584958e-01, 2.871319e-03, 8.164613e-06, 7.173195e-05, 5.831866e-06, 2.773636e-03, 1.108055e-05, 8.747799e-07, 6.715519e-02, 5.553060e-04, 0.000000e+00, 0.000000, 3.125000e-03, 0, 0.067155, 5.553060e-04 
9.613120e-01, 2.816208e-03, 8.164613e-06, 7.202355e-05, 6.123459e-06, 2.718233e-03, 1.078895e-05, 8.747799e-07, 6.715315e-02, 5.553113e-04, 0.000000e+00, 0.000000, 3.125000e-03, 0, 0.067153, 5.553113e-04 
9.641008e-01, 2.788798e-03, 7.873019e-06, 7.289833e-05, 5.831866e-06, 2.690240e-03, 1.108055e-05, 8.747799e-07, 6.714961e-02, 5.549792e-04, 0.000000e+00, 0.000000, 3.125000e-03, 0, 0.067150, 5.549792e-04 
9.671541e-01, 3.053274e-03, 8.164613e-06, 7.814701e-05, 4.403059e-05, 2.910101e-03, 1.137214e-05, 1.457967e-06, 6.714870e-02, 5.549457e-04, 0.000000e+00, 0.000000, 1.562500e-03, 0, 0.067149, 5.549457e-04 
9.702639e-01, 3.109843e-03, 8.164613e-06, 7.318992e-05, 5.831866e-06, 3.010701e-03, 1.108055e-05, 8.747799e-07, 6.714514e-02, 5.546566e-04, 0.000000e+00, 0.000000, 1.562500e-03, 0, 0.067145, 5.546566e-04 
9.731973e-01, 2.933429e-03, 8.164613e-06, 8.135453e-05, 6.123459e-06, 2.825831e-03, 1.108055e-05, 8.747799e-07, 6.714511e-02, 5.542041e-04, 0.000000e+00, 0.000000, 7.812500e-04, 0, 0.067145, 5.542041e-04 
9.759861e-01, 2.788798e-03, 7.873019e-06, 7.260673e-05, 5.831866e-06, 2.689948e-03, 1.137214e-05, 1.166373e-06, 6.714415e-02, 5.542144e-04, 0.000000e+00, 0.000000, 3.906250e-04, 0, 0.067144, 5.542144e-04 
9.787840e-01, 2.797838e-03, 8.164613e-06, 7.348151e-05, 6.123459e-06, 2.697821e-03, 1.108055e-05, 1.166373e-06, 6.714385e-02, 5.541757e-04, 0.000000e+00, 0.000000, 1.953125e-04, 0, 0.067144, 5.541757e-04 
9.819183e-01, 3.134336e-03, 2.361906e-05, 8.951915e-05, 1.049736e-05, 2.998162e-03, 1.137214e-05, 1.166373e-06, 6.714375e-02, 5.541809e-04, 0.000000e+00, 0.000000, 1.953125e-04, 0, 0.067144, 5.541791e-04 
0.500000, 0, 0, 0, 0, 0, 0, 0, 0, 0, 0, 0, 0, 0, 0 ,0