TRM WS=1, MS=2, TRMstep=0: ub=0.800000, lb=0.200000, grow=2.000000,shrink=0.500000, b_w=2,b_m=4, lr=0.400000, lambda=0.000000, n=9, n0=2, n1=2, n2=1, sub_tol=0.001000, sub_maxit=1000, tol=1.000000e-08, m=4, nobias=0 
time, iter_t, subset_m_time, g_time, subset_w_time, p1_time, t2, t3, total error, total gmag, rho, sigma, gamma, step, approx error, approx gmag 
3.225022e-03, 3.225022e-03, 8.747799e-06, 7.639745e-05, 6.706646e-06, 3.115383e-03, 1.632923e-05, 1.457967e-06, 1.450158e-01, 1.307517e-02, 0.000000e+00, 0.000000, 4.000000e-01, 0, 0.145016, 1.307517e-02 
6.110629e-03, 2.885607e-03, 9.039393e-06, 7.610585e-05, 6.998239e-06, 2.779467e-03, 1.312170e-05, 8.747799e-07, 1.431501e-01, 1.229988e-02, 0.000000e+00, 0.000000, 4.000000e-01, 0, 0.143150, 1.229988e-02 
9.091296e-03, 2.980667e-03, 7.581426e-06, 7.435629e-05, 6.123459e-06, 2.878318e-03, 1.370489e-05, 5.831866e-07, 1.299266e-01, 7.174173e-03, 0.000000e+00, 0.000000, 4.000000e-01, 0, 0.129927, 7.174173e-03 
1.185035e-02, 2.759056e-03, 7.873019e-06, 7.377311e-05, 6.123459e-06, 2.657581e-03, 1.283011e-05, 8.747799e-07, 1.250927e-01, 8.133535e-04, 0.000000e+00, 0.000000, 4.000000e-01, 0, 0.125093, 8.133535e-04 
1.500364e-02, 3.153290e-03, 1.457967e-05, 7.989657e-05, 6.415053e-06, 3.038402e-03, 1.283011e-05, 1.166373e-06, 1.250209e-01, 7.877283e-05, 0.000000e+00, 0.000000, 2.000000e-01, 0, 0.125021, 7.877283e-05 
1.809745e-02, 3.093805e-03, 7.873019e-06, 7.377311e-05, 5.831866e-06, 2.982708e-03, 2.245268e-05, 1.166373e-06, 1.250363e-01, 7.359182e-05, 0.000000e+00, 0.000000, 1.000000e-01, 0, 0.125036, 7.359182e-05 
2.092853e-02, 2.831079e-03, 8.747799e-06, 7.698063e-05, 6.415053e-06, 2.724939e-03, 1.312170e-05, 8.747799e-07, 1.250299e-01, 6.425350e-05, 0.000000e+00, 0.000000, 5.000000e-02, 0, 0.125030, 6.425350e-05 
2.379460e-02, 2.866071e-03, 7.873019e-06, 7.523107e-05, 6.123459e-06, 2.762847e-03, 1.312170e-05, 8.747799e-07, 1.250186e-01, 5.250868e-05, 0.000000e+00, 0.000000, 5.000000e-02, 0, 0.125019, 5.250868e-05 
0.500000, 0, 0, 0, 0, 0, 0, 0, 0, 0, 0, 0, 0, 0, 0 ,0