TRM WS=1, MS=2, TRMstep=0: ub=0.800000, lb=0.200000, grow=2.000000,shrink=0.500000, b_w=2,b_m=4, lr=0.400000, lambda=0.000000, n=9, n0=2, n1=2, n2=1, sub_tol=0.001000, sub_maxit=1000, tol=1.000000e-08, m=4, nobias=0 
time, iter_t, subset_m_time, g_time, subset_w_time, p1_time, t2, t3, total error, total gmag, rho, sigma, gamma, step, approx error, approx gmag 
3.214233e-03, 3.214233e-03, 1.078895e-05, 7.843860e-05, 6.998239e-06, 3.099928e-03, 1.691241e-05, 1.166373e-06, 1.346824e-01, 9.464826e-03, 0.000000e+00, 0.000000, 4.000000e-01, 0, 0.134682, 9.464826e-03 
6.170989e-03, 2.956756e-03, 8.747799e-06, 7.639745e-05, 7.289833e-06, 2.849741e-03, 1.312170e-05, 1.457967e-06, 1.303581e-01, 7.352781e-03, 0.000000e+00, 0.000000, 4.000000e-01, 0, 0.130358, 7.352781e-03 
9.039976e-03, 2.868987e-03, 8.456206e-06, 7.698063e-05, 6.415053e-06, 2.763430e-03, 1.312170e-05, 5.831866e-07, 1.268285e-01, 4.307325e-03, 0.000000e+00, 0.000000, 4.000000e-01, 0, 0.126829, 4.307325e-03 
1.194366e-02, 2.903686e-03, 7.873019e-06, 7.406470e-05, 6.123459e-06, 2.800754e-03, 1.399648e-05, 8.747799e-07, 1.253101e-01, 1.585909e-03, 0.000000e+00, 0.000000, 4.000000e-01, 0, 0.125310, 1.585909e-03 
1.483364e-02, 2.889981e-03, 8.456206e-06, 9.272667e-05, 6.415053e-06, 2.767512e-03, 1.341329e-05, 1.457967e-06, 1.250086e-01, 6.495425e-04, 0.000000e+00, 0.000000, 2.000000e-01, 0, 0.125009, 6.495425e-04 
1.766297e-02, 2.829330e-03, 7.873019e-06, 7.552267e-05, 6.415053e-06, 2.725231e-03, 1.341329e-05, 8.747799e-07, 1.249471e-01, 1.035695e-04, 0.000000e+00, 0.000000, 1.000000e-01, 0, 0.124947, 1.035695e-04 
2.123732e-02, 3.574351e-03, 8.747799e-06, 8.193772e-05, 6.706646e-06, 3.461796e-03, 1.370489e-05, 1.457967e-06, 1.249021e-01, 2.529574e-04, 0.000000e+00, 0.000000, 5.000000e-02, 0, 0.124902, 2.529574e-04 
2.514905e-02, 3.911724e-03, 9.330986e-06, 1.198448e-04, 1.108055e-05, 3.750473e-03, 1.953675e-05, 1.457967e-06, 1.248558e-01, 1.651443e-04, 0.000000e+00, 0.000000, 5.000000e-02, 0, 0.124856, 1.651443e-04 
0.750000, 0, 0, 0, 0, 0, 0, 0, 0, 0, 0, 0, 0, 0, 0 ,0