TRM WS=1, MS=2, TRMstep=0: ub=0.800000, lb=0.200000, grow=2.000000,shrink=0.500000, b_w=2,b_m=4, lr=0.400000, lambda=0.000000, n=9, n0=2, n1=2, n2=1, sub_tol=0.001000, sub_maxit=1000, tol=1.000000e-08, m=4, nobias=0 
time, iter_t, subset_m_time, g_time, subset_w_time, p1_time, t2, t3, total error, total gmag, rho, sigma, gamma, step, approx error, approx gmag 
3.103136e-03, 3.103136e-03, 8.747799e-06, 8.281250e-05, 6.415053e-06, 2.987373e-03, 1.662082e-05, 1.166373e-06, 1.380491e-01, 1.112584e-02, 0.000000e+00, 0.000000, 4.000000e-01, 0, 0.138049, 1.112584e-02 
6.429632e-03, 3.326496e-03, 8.456206e-06, 8.193772e-05, 6.998239e-06, 3.213067e-03, 1.457967e-05, 1.457967e-06, 1.364580e-01, 1.036102e-02, 0.000000e+00, 0.000000, 4.000000e-01, 0, 0.136458, 1.036102e-02 
9.340608e-03, 2.910976e-03, 9.622579e-06, 8.222931e-05, 7.581426e-06, 2.796380e-03, 1.399648e-05, 1.166373e-06, 1.267563e-01, 4.067065e-03, 0.000000e+00, 0.000000, 4.000000e-01, 0, 0.126756, 4.067065e-03 
1.235597e-02, 3.015366e-03, 8.456206e-06, 8.106294e-05, 6.706646e-06, 2.905436e-03, 1.283011e-05, 8.747799e-07, 1.252951e-01, 3.359646e-04, 0.000000e+00, 0.000000, 4.000000e-01, 0, 0.125295, 3.359646e-04 
1.518822e-02, 2.832246e-03, 7.873019e-06, 7.552267e-05, 6.123459e-06, 2.726981e-03, 1.428807e-05, 1.457967e-06, 1.250886e-01, 1.640052e-04, 0.000000e+00, 0.000000, 2.000000e-01, 0, 0.125089, 1.640052e-04 
1.822691e-02, 3.038694e-03, 8.747799e-06, 8.164613e-05, 6.706646e-06, 2.924972e-03, 1.545445e-05, 1.166373e-06, 1.249759e-01, 8.474867e-05, 0.000000e+00, 0.000000, 1.000000e-01, 0, 0.124976, 8.474867e-05 
2.161873e-02, 3.391813e-03, 8.747799e-06, 8.368728e-05, 6.998239e-06, 3.276342e-03, 1.487126e-05, 1.166373e-06, 1.249675e-01, 1.410809e-04, 0.000000e+00, 0.000000, 5.000000e-02, 0, 0.124968, 1.410809e-04 
2.458861e-02, 2.969878e-03, 9.039393e-06, 8.135453e-05, 6.998239e-06, 2.858198e-03, 1.312170e-05, 1.166373e-06, 1.249517e-01, 1.813954e-04, 0.000000e+00, 0.000000, 5.000000e-02, 0, 0.124952, 1.813954e-04 
0.500000, 0, 0, 0, 0, 0, 0, 0, 0, 0, 0, 0, 0, 0, 0 ,0