TRM WS=1, MS=2, TRMstep=0: ub=0.800000, lb=0.200000, grow=2.000000,shrink=0.500000, b_w=2,b_m=4, lr=0.400000, lambda=0.000000, n=9, n0=2, n1=2, n2=1, sub_tol=0.001000, sub_maxit=1000, tol=1.000000e-08, m=4, nobias=0 
time, iter_t, subset_m_time, g_time, subset_w_time, p1_time, t2, t3, total error, total gmag, rho, sigma, gamma, step, approx error, approx gmag 
3.128796e-03, 3.128796e-03, 8.164613e-06, 7.581426e-05, 6.415053e-06, 3.020907e-03, 1.632923e-05, 1.166373e-06, 1.412657e-01, 1.239560e-02, 0.000000e+00, 0.000000, 4.000000e-01, 0, 0.141266, 1.239560e-02 
5.998366e-03, 2.869570e-03, 8.456206e-06, 7.552267e-05, 6.415053e-06, 2.764888e-03, 1.312170e-05, 1.166373e-06, 1.348966e-01, 1.008073e-02, 0.000000e+00, 0.000000, 4.000000e-01, 0, 0.134897, 1.008073e-02 
8.857147e-03, 2.858781e-03, 8.164613e-06, 7.610585e-05, 6.123459e-06, 2.754390e-03, 1.312170e-05, 8.747799e-07, 1.286315e-01, 6.395189e-03, 0.000000e+00, 0.000000, 4.000000e-01, 0, 0.128631, 6.395189e-03 
1.173284e-02, 2.875693e-03, 7.873019e-06, 7.552267e-05, 5.831866e-06, 2.772178e-03, 1.341329e-05, 8.747799e-07, 1.250075e-01, 5.814137e-04, 0.000000e+00, 0.000000, 4.000000e-01, 0, 0.125008, 5.814137e-04 
1.460824e-02, 2.875402e-03, 8.164613e-06, 7.406470e-05, 5.831866e-06, 2.773052e-03, 1.312170e-05, 1.166373e-06, 1.249878e-01, 2.276564e-04, 0.000000e+00, 0.000000, 2.000000e-01, 0, 0.124988, 2.276564e-04 
1.748510e-02, 2.876860e-03, 8.164613e-06, 7.523107e-05, 6.123459e-06, 2.773636e-03, 1.283011e-05, 8.747799e-07, 1.249588e-01, 8.342848e-05, 0.000000e+00, 0.000000, 1.000000e-01, 0, 0.124959, 8.342848e-05 
2.038791e-02, 2.902811e-03, 8.164613e-06, 7.464789e-05, 6.123459e-06, 2.799587e-03, 1.312170e-05, 1.166373e-06, 1.249071e-01, 1.973609e-04, 0.000000e+00, 0.000000, 5.000000e-02, 0, 0.124907, 1.973609e-04 
2.350971e-02, 3.121798e-03, 9.622579e-06, 7.989657e-05, 6.415053e-06, 3.011576e-03, 1.312170e-05, 1.166373e-06, 1.249042e-01, 1.520784e-04, 0.000000e+00, 0.000000, 5.000000e-02, 0, 0.124904, 1.520784e-04 
0.750000, 0, 0, 0, 0, 0, 0, 0, 0, 0, 0, 0, 0, 0, 0 ,0