TRM WS=1, MS=2, TRMstep=0: ub=0.800000, lb=0.200000, grow=2.000000,shrink=0.500000, b_w=2,b_m=4, lr=0.400000, lambda=0.000000, n=9, n0=2, n1=2, n2=1, sub_tol=0.001000, sub_maxit=1000, tol=1.000000e-08, m=4, nobias=0 
time, iter_t, subset_m_time, g_time, subset_w_time, p1_time, t2, t3, total error, total gmag, rho, sigma, gamma, step, approx error, approx gmag 
3.041027e-03, 3.041027e-03, 8.747799e-06, 7.668904e-05, 6.706646e-06, 2.931971e-03, 1.545445e-05, 1.457967e-06, 1.450158e-01, 1.307517e-02, 0.000000e+00, 0.000000, 4.000000e-01, 0, 0.145016, 1.307517e-02 
5.969790e-03, 2.928763e-03, 8.747799e-06, 8.047975e-05, 6.998239e-06, 2.817666e-03, 1.370489e-05, 1.166373e-06, 1.310372e-01, 8.113439e-03, 0.000000e+00, 0.000000, 4.000000e-01, 0, 0.131037, 8.113439e-03 
8.844900e-03, 2.875110e-03, 8.164613e-06, 7.902179e-05, 6.415053e-06, 2.767804e-03, 1.283011e-05, 8.747799e-07, 1.265386e-01, 4.209586e-03, 0.000000e+00, 0.000000, 4.000000e-01, 0, 0.126539, 4.209586e-03 
1.194512e-02, 3.100220e-03, 7.873019e-06, 7.406470e-05, 6.123459e-06, 2.995830e-03, 1.516285e-05, 1.166373e-06, 1.249836e-01, 1.515914e-04, 0.000000e+00, 0.000000, 4.000000e-01, 0, 0.124984, 1.515914e-04 
1.475375e-02, 2.808627e-03, 8.164613e-06, 7.493948e-05, 6.415053e-06, 2.688782e-03, 2.828455e-05, 2.041153e-06, 1.249824e-01, 6.341456e-05, 0.000000e+00, 0.000000, 2.000000e-01, 0, 0.124982, 6.341456e-05 
1.778748e-02, 3.033737e-03, 8.164613e-06, 7.377311e-05, 6.415053e-06, 2.928180e-03, 1.603763e-05, 1.166373e-06, 1.249756e-01, 1.070693e-04, 0.000000e+00, 0.000000, 1.000000e-01, 0, 0.124976, 1.070693e-04 
2.083434e-02, 3.046858e-03, 1.137214e-05, 1.020577e-04, 7.873019e-06, 2.910976e-03, 1.341329e-05, 1.166373e-06, 1.249695e-01, 2.577209e-04, 0.000000e+00, 0.000000, 5.000000e-02, 0, 0.124969, 2.577209e-04 
2.381005e-02, 2.975710e-03, 8.164613e-06, 7.493948e-05, 6.123459e-06, 2.871902e-03, 1.341329e-05, 1.166373e-06, 1.249342e-01, 1.231309e-04, 0.000000e+00, 0.000000, 5.000000e-02, 0, 0.124934, 1.231309e-04 
0.500000, 0, 0, 0, 0, 0, 0, 0, 0, 0, 0, 0, 0, 0, 0 ,0