TRM WS=1, MS=2, TRMstep=0: ub=0.800000, lb=0.200000, grow=2.000000,shrink=0.500000, b_w=2,b_m=4, lr=0.400000, lambda=0.000000, n=9, n0=2, n1=2, n2=1, sub_tol=0.001000, sub_maxit=1000, tol=1.000000e-08, m=4, nobias=0 
time, iter_t, subset_m_time, g_time, subset_w_time, p1_time, t2, t3, total error, total gmag, rho, sigma, gamma, step, approx error, approx gmag 
5.056811e-03, 5.056811e-03, 8.164613e-06, 7.639745e-05, 6.415053e-06, 4.941340e-03, 2.303587e-05, 1.457967e-06, 1.450158e-01, 1.307517e-02, 0.000000e+00, 0.000000, 4.000000e-01, 0, 0.145016, 1.307517e-02 
8.449791e-03, 3.392980e-03, 9.914172e-06, 7.668904e-05, 7.289833e-06, 3.283632e-03, 1.399648e-05, 1.457967e-06, 1.363850e-01, 1.056732e-02, 0.000000e+00, 0.000000, 4.000000e-01, 0, 0.136385, 1.056732e-02 
1.149723e-02, 3.047442e-03, 8.456206e-06, 7.523107e-05, 6.706646e-06, 2.943343e-03, 1.283011e-05, 8.747799e-07, 1.265475e-01, 4.220928e-03, 0.000000e+00, 0.000000, 4.000000e-01, 0, 0.126547, 4.220928e-03 
1.438809e-02, 2.890856e-03, 8.456206e-06, 7.435629e-05, 6.123459e-06, 2.787340e-03, 1.370489e-05, 8.747799e-07, 1.250710e-01, 1.032294e-03, 0.000000e+00, 0.000000, 4.000000e-01, 0, 0.125071, 1.032294e-03 
1.719701e-02, 2.808918e-03, 8.456206e-06, 8.047975e-05, 6.706646e-06, 2.698696e-03, 1.283011e-05, 1.749560e-06, 1.249838e-01, 2.995380e-04, 0.000000e+00, 0.000000, 2.000000e-01, 0, 0.124984, 2.995380e-04 
2.027069e-02, 3.073685e-03, 1.078895e-05, 7.902179e-05, 5.831866e-06, 2.963754e-03, 1.283011e-05, 1.457967e-06, 1.249531e-01, 7.744670e-05, 0.000000e+00, 0.000000, 1.000000e-01, 0, 0.124953, 7.744670e-05 
2.326244e-02, 2.991747e-03, 8.164613e-06, 7.406470e-05, 6.123459e-06, 2.889398e-03, 1.283011e-05, 1.166373e-06, 1.249288e-01, 1.624575e-04, 0.000000e+00, 0.000000, 5.000000e-02, 0, 0.124929, 1.624575e-04 
2.605736e-02, 2.794922e-03, 8.164613e-06, 7.377311e-05, 6.123459e-06, 2.692573e-03, 1.312170e-05, 1.166373e-06, 1.249135e-01, 1.122590e-04, 0.000000e+00, 0.000000, 5.000000e-02, 0, 0.124914, 1.122590e-04 
0.750000, 0, 0, 0, 0, 0, 0, 0, 0, 0, 0, 0, 0, 0, 0 ,0