TRM WS=1, MS=2, TRMstep=0: ub=0.800000, lb=0.200000, grow=2.000000,shrink=0.500000, b_w=2,b_m=4, lr=0.400000, lambda=0.000000, n=9, n0=2, n1=2, n2=1, sub_tol=0.001000, sub_maxit=1000, tol=1.000000e-08, m=4, nobias=0 
time, iter_t, subset_m_time, g_time, subset_w_time, p1_time, t2, t3, total error, total gmag, rho, sigma, gamma, step, approx error, approx gmag 
3.098470e-03, 3.098470e-03, 8.456206e-06, 7.698063e-05, 7.289833e-06, 2.988831e-03, 1.545445e-05, 1.457967e-06, 1.295915e-01, 6.483750e-03, 0.000000e+00, 0.000000, 4.000000e-01, 0, 0.129591, 6.483750e-03 
6.157284e-03, 3.058814e-03, 9.330986e-06, 8.222931e-05, 9.039393e-06, 2.943634e-03, 1.312170e-05, 1.457967e-06, 1.268209e-01, 4.184797e-03, 0.000000e+00, 0.000000, 4.000000e-01, 0, 0.126821, 4.184797e-03 
9.027729e-03, 2.870445e-03, 8.456206e-06, 7.552267e-05, 6.123459e-06, 2.766346e-03, 1.283011e-05, 1.166373e-06, 1.266577e-01, 3.898675e-03, 0.000000e+00, 0.000000, 2.000000e-01, 0, 0.126658, 3.898675e-03 
1.181653e-02, 2.788798e-03, 7.873019e-06, 7.464789e-05, 6.123459e-06, 2.686158e-03, 1.312170e-05, 8.747799e-07, 1.249664e-01, 1.615919e-04, 0.000000e+00, 0.000000, 2.000000e-01, 0, 0.124966, 1.615919e-04 
1.463653e-02, 2.819999e-03, 7.873019e-06, 7.552267e-05, 6.415053e-06, 2.716483e-03, 1.283011e-05, 8.747799e-07, 1.249612e-01, 1.220429e-04, 0.000000e+00, 0.000000, 1.000000e-01, 0, 0.124961, 1.220429e-04 
1.743524e-02, 2.798713e-03, 8.164613e-06, 7.552267e-05, 6.415053e-06, 2.694614e-03, 1.283011e-05, 1.166373e-06, 1.248823e-01, 2.638309e-04, 0.000000e+00, 0.000000, 5.000000e-02, 0, 0.124882, 2.638309e-04 
2.103729e-02, 3.602052e-03, 1.195533e-05, 1.032240e-04, 8.164613e-05, 3.387731e-03, 1.603763e-05, 1.457967e-06, 1.248786e-01, 1.838208e-04, 0.000000e+00, 0.000000, 2.500000e-02, 0, 0.124879, 1.838208e-04 
2.455449e-02, 3.517198e-03, 9.914172e-06, 9.243508e-05, 6.998239e-06, 3.390355e-03, 1.603763e-05, 1.457967e-06, 1.248677e-01, 2.074574e-04, 0.000000e+00, 0.000000, 2.500000e-02, 0, 0.124868, 2.074574e-04 
0.750000, 0, 0, 0, 0, 0, 0, 0, 0, 0, 0, 0, 0, 0, 0 ,0