TRM WS=1, MS=2, TRMstep=0: ub=0.800000, lb=0.200000, grow=2.000000,shrink=0.500000, b_w=2,b_m=4, lr=0.400000, lambda=0.000000, n=9, n0=2, n1=2, n2=1, sub_tol=0.001000, sub_maxit=1000, tol=1.000000e-08, m=4, nobias=0 
time, iter_t, subset_m_time, g_time, subset_w_time, p1_time, t2, t3, total error, total gmag, rho, sigma, gamma, step, approx error, approx gmag 
3.902685e-03, 3.902685e-03, 1.078895e-05, 9.710057e-05, 8.456206e-06, 3.765344e-03, 1.953675e-05, 1.457967e-06, 1.380491e-01, 1.112584e-02, 0.000000e+00, 0.000000, 4.000000e-01, 0, 0.138049, 1.112584e-02 
7.286625e-03, 3.383940e-03, 9.330986e-06, 8.514525e-05, 7.581426e-06, 3.264679e-03, 1.574604e-05, 1.457967e-06, 1.270581e-01, 4.690935e-03, 0.000000e+00, 0.000000, 4.000000e-01, 0, 0.127058, 4.690935e-03 
1.060729e-02, 3.320665e-03, 9.330986e-06, 9.126870e-05, 6.998239e-06, 3.196154e-03, 1.545445e-05, 1.457967e-06, 1.268202e-01, 4.222765e-03, 0.000000e+00, 0.000000, 2.000000e-01, 0, 0.126820, 4.222765e-03 
1.398161e-02, 3.374318e-03, 9.330986e-06, 9.272667e-05, 6.706646e-06, 3.248641e-03, 1.574604e-05, 1.166373e-06, 1.250369e-01, 1.573143e-04, 0.000000e+00, 0.000000, 2.000000e-01, 0, 0.125037, 1.573143e-04 
1.730577e-02, 3.324164e-03, 8.747799e-06, 8.397887e-05, 6.706646e-06, 3.208401e-03, 1.516285e-05, 1.166373e-06, 1.249382e-01, 2.833576e-04, 0.000000e+00, 0.000000, 1.000000e-01, 0, 0.124938, 2.833576e-04 
2.057599e-02, 3.270219e-03, 9.330986e-06, 9.214348e-05, 6.998239e-06, 3.145125e-03, 1.545445e-05, 1.166373e-06, 1.249117e-01, 2.339521e-04, 0.000000e+00, 0.000000, 5.000000e-02, 0, 0.124912, 2.339521e-04 
2.389111e-02, 3.315124e-03, 8.456206e-06, 8.485365e-05, 6.998239e-06, 3.197904e-03, 1.574604e-05, 1.166373e-06, 1.249005e-01, 1.907499e-04, 0.000000e+00, 0.000000, 2.500000e-02, 0, 0.124901, 1.907499e-04 
2.741181e-02, 3.520698e-03, 9.330986e-06, 9.185189e-05, 7.289833e-06, 3.396770e-03, 1.428807e-05, 1.166373e-06, 1.249003e-01, 1.767944e-04, 0.000000e+00, 0.000000, 2.500000e-02, 0, 0.124900, 1.767944e-04 
0.500000, 0, 0, 0, 0, 0, 0, 0, 0, 0, 0, 0, 0, 0, 0 ,0