TRM WS=1, MS=2, TRMstep=1: ub=0.800000, lb=0.200000, grow=2.000000,shrink=0.500000, b_w=3,b_m=3, lr=1.000000, lambda=0.000000, n=9, n0=2, n1=2, n2=1, sub_tol=0.001000, sub_maxit=1000, tol=1.000000e-08, m=4, nobias=0 
time, iter_t, subset_m_time, g_time, subset_w_time, p1_time, t2, t3, total error, total gmag, rho, sigma, gamma, step, approx error, approx gmag 
5.014239e-02, 5.014239e-02, 5.044564e-05, 8.485365e-05, 1.501706e-04, 4.613006e-03, 4.475899e-02, 4.849197e-04, 1.390250e-01, 1.091447e-02, 8.548744e-01, -0.003695, 2.000000e+00, 1, 0.108235, 1.791757e-03 
1.025907e-01, 5.244830e-02, 1.283011e-05, 7.960497e-05, 6.706646e-06, 4.859986e-03, 4.746731e-02, 2.186950e-05, 1.454068e-01, 1.237459e-02, 2.976540e-01, -0.015930, 2.000000e+00, 1, 0.105076, 2.669096e-03 
1.502956e-01, 4.770496e-02, 1.807879e-05, 1.055568e-04, 1.078895e-05, 5.384854e-03, 4.216264e-02, 2.303587e-05, 1.329582e-01, 8.210365e-03, 7.199924e-01, -0.062522, 2.000000e+00, 1, 0.144424, 2.372253e-02 
4.185070e-01, 2.682113e-01, 1.370489e-05, 7.902179e-05, 6.998239e-06, 5.345780e-03, 2.627355e-01, 3.032570e-05, 1.223545e-01, 2.710565e-03, 9.945943e-01, -0.009498, 4.000000e+00, 1, 0.099409, 1.435173e-02 
4.304384e-01, 1.193141e-02, 1.603763e-05, 9.593420e-05, 8.456206e-06, 6.056685e-03, 5.746138e-03, 8.164613e-06, 1.328686e-01, 1.007049e-02, 1.473685e-01, -0.002687, 2.000000e+00, 0, 0.089962, 5.460126e-03 
4.401770e-01, 9.738633e-03, 1.837038e-05, 8.164613e-05, 6.706646e-06, 4.745389e-03, 4.855612e-03, 3.090889e-05, 1.328686e-01, 1.007049e-02, 1.015383e+00, -0.026902, 4.000000e+00, 1, 0.165591, 1.852314e-02 
5.716398e-01, 1.314628e-01, 1.370489e-05, 9.418464e-05, 7.581426e-06, 5.244306e-03, 1.260739e-01, 2.915933e-05, 1.269925e-01, 2.505514e-03, 6.525538e-01, -0.065503, 4.000000e+00, 1, 0.102661, 1.559701e-02 
6.103896e-01, 3.874983e-02, 1.399648e-05, 8.631162e-05, 7.873019e-06, 5.651370e-03, 3.297920e-02, 1.108055e-05, 1.479939e-01, 7.928218e-03, 1.392435e-01, -0.499003, 2.000000e+00, 1, 0.176970, 2.176528e-02 
6.172179e-01, 6.828240e-03, 1.603763e-05, 8.951915e-05, 7.289833e-06, 4.584430e-03, 2.103846e-03, 2.711818e-05, 1.479939e-01, 7.928218e-03, 6.090830e-01, -0.059206, 2.000000e+00, 1, 0.162245, 8.837569e-03 
6.724512e-01, 5.523331e-02, 1.224692e-05, 9.389304e-05, 7.289833e-06, 5.397392e-03, 4.969712e-02, 2.536862e-05, 1.302366e-01, 8.765730e-03, 2.493641e-01, -0.075615, 2.000000e+00, 1, 0.126184, 2.829134e-02 
6.857537e-01, 1.330249e-02, 1.662082e-05, 1.192617e-04, 7.581426e-06, 5.109881e-03, 8.023773e-03, 2.536862e-05, 1.760054e-01, 2.049154e-02, 9.590355e-01, -0.026873, 4.000000e+00, 1, 0.139581, 7.295336e-03 
9.541548e-01, 2.684011e-01, 1.224692e-05, 8.456206e-05, 6.998239e-06, 5.131167e-03, 2.631600e-01, 6.123459e-06, 1.553201e-01, 2.077309e-02, 4.645784e+00, 0.012406, 2.000000e+00, 1, 0.199304, 3.336304e-02 
1.100131e+00, 1.459757e-01, 1.428807e-05, 7.931338e-05, 6.123459e-06, 4.591428e-03, 1.412565e-01, 2.799296e-05, 1.553201e-01, 2.077309e-02, 8.822477e-01, -0.036037, 4.000000e+00, 1, 0.113809, 9.208416e-03 
1.108458e+00, 8.327030e-03, 1.487126e-05, 8.747799e-05, 7.581426e-06, 4.629627e-03, 3.560063e-03, 2.740977e-05, 1.727689e-01, 1.236961e-02, 1.680960e+00, -0.003019, 4.000000e+00, 0, 0.167906, 6.788218e-03 
1.116441e+00, 7.983242e-03, 1.137214e-05, 8.835277e-05, 6.706646e-06, 4.300126e-03, 3.554522e-03, 2.216109e-05, 1.934004e-01, 1.440172e-02, 4.248761e-01, -0.119798, 4.000000e+00, 1, 0.162831, 3.102567e-03 
1.126849e+00, 1.040813e-02, 1.137214e-05, 8.543684e-05, 6.706646e-06, 4.707774e-03, 5.568557e-03, 2.828455e-05, 1.465020e-01, 7.719220e-03, 1.324586e+00, -0.003489, 8.000000e+00, 1, 0.185453, 1.567918e-02 
1.136177e+00, 9.328070e-03, 1.516285e-05, 9.505942e-05, 7.289833e-06, 4.636042e-03, 4.547398e-03, 2.711818e-05, 1.594908e-01, 1.021643e-02, 1.425954e+00, -0.024766, 8.000000e+00, 0, 0.202761, 1.817538e-02 
1.141839e+00, 5.662450e-03, 1.224692e-05, 8.368728e-05, 6.415053e-06, 4.334826e-03, 1.203697e-03, 2.157790e-05, 1.661760e-01, 9.854842e-03, 5.629833e-01, -0.136651, 8.000000e+00, 1, 0.167445, 7.846995e-03 
1.159444e+00, 1.760436e-02, 1.108055e-05, 1.580436e-04, 9.330986e-06, 4.370400e-03, 1.302985e-02, 2.566021e-05, 1.065263e-01, 1.060478e-02, 1.155914e+00, -0.000322, 8.000000e+00, 0, 0.098084, 3.226733e-03 
1.166693e+00, 7.248718e-03, 1.137214e-05, 8.922755e-05, 6.415053e-06, 4.296627e-03, 2.820582e-03, 2.449384e-05, 1.094043e-01, 1.181433e-02, 9.111672e-01, -0.028828, 8.000000e+00, 0, 0.139474, 1.923487e-02 
1.173226e+00, 6.533731e-03, 1.078895e-05, 8.514525e-05, 7.289833e-06, 4.422887e-03, 1.980210e-03, 2.740977e-05, 1.216862e-01, 1.433921e-02, 9.401231e-01, -0.001862, 9.597774e+00, 0, 0.081688, 8.893448e-03 
1.178797e+00, 5.570890e-03, 1.049736e-05, 8.747799e-05, 6.415053e-06, 4.461669e-03, 9.984155e-04, 6.415053e-06, 1.234462e-01, 1.553610e-02, -1.057635e+00, -0.235484, 4.798887e+00, 1, 0.079937, 9.724075e-03 
1.184412e+00, 5.614629e-03, 9.914172e-06, 8.368728e-05, 6.415053e-06, 4.233935e-03, 1.255892e-03, 2.478543e-05, 1.234462e-01, 1.553610e-02, 6.874529e+00, -0.000068, 9.597774e+00, 1, 0.079937, 9.724075e-03 
1.190619e+00, 6.207438e-03, 1.312170e-05, 8.747799e-05, 6.123459e-06, 4.190779e-03, 1.903521e-03, 6.415053e-06, 1.242234e-01, 1.657458e-02, 7.184737e-02, -0.014001, 4.798887e+00, 1, 0.114860, 8.862434e-03 
1.196850e+00, 6.230474e-03, 1.049736e-05, 8.514525e-05, 6.123459e-06, 4.219064e-03, 1.903813e-03, 5.831866e-06, 1.242234e-01, 1.657458e-02, -1.463671e-01, -0.307495, 2.399443e+00, 1, 0.151486, 2.871186e-02 
1.209786e+00, 1.293595e-02, 1.020577e-05, 9.039393e-05, 8.456206e-06, 4.206817e-03, 8.598503e-03, 2.157790e-05, 1.242234e-01, 1.657458e-02, 3.648317e-01, -0.154466, 2.399443e+00, 1, 0.151486, 2.871186e-02 
1.234345e+00, 2.455886e-02, 1.108055e-05, 8.514525e-05, 6.706646e-06, 4.332785e-03, 2.009428e-02, 2.886774e-05, 1.337480e-01, 2.290199e-02, 6.718810e-01, -0.069390, 2.399443e+00, 1, 0.176685, 3.164025e-02 
1.501137e+00, 2.667927e-01, 1.545445e-05, 9.914172e-05, 7.873019e-06, 5.553103e-03, 2.610889e-01, 2.828455e-05, 9.787465e-02, 2.368960e-02, 5.702827e-01, -0.151262, 2.399443e+00, 1, 0.130063, 3.189925e-02 
1.508059e+00, 6.922134e-03, 1.487126e-05, 9.447623e-05, 8.164613e-06, 4.792628e-03, 1.988958e-03, 2.303587e-05, 5.197671e-02, 2.381526e-02, 3.476125e-01, -0.119595, 2.399443e+00, 1, 0.043801, 2.503178e-02 
1.535657e+00, 2.759727e-02, 1.224692e-05, 8.543684e-05, 7.581426e-06, 5.074307e-03, 2.238708e-02, 3.061730e-05, 5.733398e-02, 1.570661e-02, 3.623814e-01, -0.060992, 2.399443e+00, 1, 0.076404, 2.093083e-02 
1.543605e+00, 7.948542e-03, 1.370489e-05, 8.572843e-05, 6.998239e-06, 4.789128e-03, 3.018574e-03, 3.440801e-05, 4.082422e-02, 1.119401e-02, 8.394126e-01, -0.049372, 4.798887e+00, 1, 0.051660, 1.646502e-02 
1.551315e+00, 7.709727e-03, 1.837038e-05, 1.274263e-04, 1.078895e-05, 5.395059e-03, 2.150792e-03, 7.289833e-06, 1.687946e-02, 1.066537e-02, 1.944464e-01, -0.092329, 2.399443e+00, 1, 0.020303, 1.539166e-02 
1.560485e+00, 9.170609e-03, 1.166373e-05, 8.485365e-05, 6.706646e-06, 4.512990e-03, 4.524653e-03, 2.974252e-05, 1.687946e-02, 1.066537e-02, 1.214726e+00, -0.012050, 2.399443e+00, 0, 0.020303, 1.539166e-02 
1.568766e+00, 8.280667e-03, 1.720401e-05, 1.449219e-04, 1.341329e-05, 6.200148e-03, 1.871446e-03, 3.353323e-05, 1.087281e-02, 3.113696e-03, 1.240621e+00, -0.003032, 4.798887e+00, 1, 0.005665, 4.908712e-03 
1.709405e+00, 1.406384e-01, 1.516285e-05, 1.070147e-04, 8.456206e-06, 4.828202e-03, 1.356539e-01, 2.566021e-05, 6.517966e-02, 1.486455e-02, 1.672003e+00, -0.000709, 4.798887e+00, 0, 0.001904, 1.369445e-03 
1.724218e+00, 1.481323e-02, 1.370489e-05, 8.397887e-05, 6.998239e-06, 6.013820e-03, 8.687439e-03, 7.289833e-06, 8.944256e-02, 1.179537e-02, 5.385128e+00, 0.000073, 2.399443e+00, 0, 0.000719, 4.644491e-04 
1.731803e+00, 7.584925e-03, 1.370489e-05, 9.097711e-05, 6.706646e-06, 5.237891e-03, 2.210569e-03, 2.507702e-05, 8.944256e-02, 1.179537e-02, 6.846220e-01, -0.140281, 2.399443e+00, 1, 0.119049, 1.564756e-02 
2.152896e+00, 4.210937e-01, 1.399648e-05, 1.134298e-04, 9.039393e-06, 5.386312e-03, 4.155493e-01, 2.157790e-05, 1.740505e-02, 6.502529e-03, 5.265395e-01, -0.023296, 2.399443e+00, 1, 0.023009, 8.617713e-03 
2.182086e+00, 2.918995e-02, 1.341329e-05, 7.931338e-05, 6.706646e-06, 4.863193e-03, 2.420283e-02, 2.449384e-05, 8.559438e-03, 4.219406e-03, 5.517234e+00, -0.001438, 3.016586e+00, 0, 0.010636, 6.145913e-03 
2.188107e+00, 6.020527e-03, 1.312170e-05, 8.106294e-05, 6.415053e-06, 4.501909e-03, 1.411895e-03, 6.123459e-06, 3.690601e-03, 2.461799e-03, -2.099305e+00, -0.010501, 1.508293e+00, 1, 0.002704, 1.244853e-03 
2.195044e+00, 6.937005e-03, 2.041153e-05, 8.922755e-05, 9.622579e-06, 4.468376e-03, 2.323415e-03, 2.595180e-05, 3.690601e-03, 2.461799e-03, 7.934717e+00, -0.000403, 3.016586e+00, 1, 0.004413, 3.581629e-03 
2.218483e+00, 2.343914e-02, 1.049736e-05, 7.960497e-05, 6.415053e-06, 4.436009e-03, 1.890020e-02, 6.415053e-06, 4.212634e-03, 1.997811e-03, -4.720051e-02, -0.005643, 1.508293e+00, 0, 0.005466, 2.737981e-03 
2.231451e+00, 1.296803e-02, 1.283011e-05, 7.902179e-05, 6.998239e-06, 4.854445e-03, 8.004819e-03, 9.914172e-06, 4.212634e-03, 1.997811e-03, -8.315195e+00, -0.000137, 7.541465e-01, 1, 0.001219, 1.426527e-03 
2.246399e+00, 1.494766e-02, 1.312170e-05, 8.776959e-05, 7.289833e-06, 5.283379e-03, 9.531310e-03, 2.478543e-05, 4.212634e-03, 1.997811e-03, 1.301730e+00, -0.000566, 1.148478e+00, 0, 0.001219, 1.426527e-03 
2.253298e+00, 6.899389e-03, 1.574604e-05, 1.011829e-04, 8.456206e-06, 5.083346e-03, 1.665873e-03, 2.478543e-05, 8.629727e-03, 5.161851e-03, 1.225068e+00, -0.006735, 2.296956e+00, 1, 0.011459, 6.914969e-03 
2.261227e+00, 7.928714e-03, 1.195533e-05, 8.631162e-05, 6.706646e-06, 4.387313e-03, 3.412225e-03, 2.420224e-05, 2.581613e-03, 1.462641e-03, 9.064996e-01, -0.001848, 3.799057e+00, 0, 0.003207, 2.099458e-03 
2.267692e+00, 6.464915e-03, 1.749560e-05, 8.456206e-05, 5.831866e-06, 4.306833e-03, 2.024532e-03, 2.566021e-05, 1.406317e-03, 5.931061e-04, 1.369364e+00, -0.000253, 7.598113e+00, 1, 0.001532, 8.066187e-04 
2.378351e+00, 1.106594e-01, 1.049736e-05, 8.047975e-05, 6.415053e-06, 4.564310e-03, 1.059910e-01, 6.706646e-06, 1.146984e-03, 3.924602e-04, 7.373557e+01, 0.001962, 3.799057e+00, 1, 0.001528, 5.232014e-04 
2.845692e+00, 4.673413e-01, 1.253851e-05, 7.814701e-05, 6.706646e-06, 4.422887e-03, 4.627979e-01, 2.303587e-05, 1.146984e-03, 3.924602e-04, 7.556311e-01, -0.000208, 3.799057e+00, 1, 0.000663, 6.149823e-04 
2.852214e+00, 6.521776e-03, 1.516285e-05, 8.193772e-05, 7.289833e-06, 4.471875e-03, 1.914893e-03, 3.061730e-05, 3.798297e-04, 3.487184e-04, 1.259984e+00, -0.000123, 3.799057e+00, 0, 0.000243, 2.241425e-04 
2.859722e+00, 7.508236e-03, 1.574604e-05, 1.058484e-04, 8.164613e-06, 4.990036e-03, 2.361906e-03, 2.653499e-05, 2.418312e-04, 2.803558e-04, 1.277873e+00, -0.000043, 7.598113e+00, 1, 0.000088, 8.398441e-05 
2.868721e+00, 8.998278e-03, 1.283011e-05, 1.577520e-04, 7.873019e-06, 5.090053e-03, 3.722772e-03, 6.998239e-06, 1.224814e-01, 2.580281e-03, 1.525183e-01, -1.070517, 3.799057e+00, 1, 0.163308, 3.440411e-03 
2.889411e+00, 2.069088e-02, 1.428807e-05, 9.330986e-05, 7.581426e-06, 4.853862e-03, 1.568830e-02, 3.353323e-05, 1.224814e-01, 2.580281e-03, 9.361475e-01, -0.174398, 7.598113e+00, 1, 0.163277, 3.428789e-03 
2.897049e+00, 7.637412e-03, 1.720401e-05, 1.178037e-04, 9.039393e-06, 5.474373e-03, 1.994207e-03, 2.478543e-05, 2.619335e-05, 2.160215e-05, 1.209477e+00, -0.000008, 7.598113e+00, 0, 0.000022, 1.827759e-05 
2.903282e+00, 6.233099e-03, 1.049736e-05, 7.814701e-05, 6.123459e-06, 4.941923e-03, 1.171622e-03, 2.478543e-05, 1.312834e-05, 7.720892e-06, 1.159694e+00, -0.000000, 7.598113e+00, 0, 0.000012, 5.494484e-06 
3.152461e+00, 2.491793e-01, 1.603763e-05, 1.119718e-04, 9.330986e-06, 5.286587e-03, 2.437487e-01, 6.706646e-06, 1.276045e-05, 8.910179e-06, 3.178324e+00, 0.000031, 3.799057e+00, 0, 0.000016, 1.215734e-05 
3.319107e+00, 1.666459e-01, 1.487126e-05, 8.135453e-05, 7.289833e-06, 5.378730e-03, 1.611572e-01, 6.415053e-06, 1.276045e-05, 8.910179e-06, -4.598451e+01, -0.000070, 1.899528e+00, 1, 0.000016, 1.215734e-05 
3.528541e+00, 2.094343e-01, 1.341329e-05, 8.514525e-05, 7.289833e-06, 5.686069e-03, 2.036167e-01, 2.566021e-05, 1.276045e-05, 8.910179e-06, 1.384197e+00, -0.000003, 1.899528e+00, 0, 0.000011, 7.076003e-06 
3.552282e+00, 2.374094e-02, 1.370489e-05, 8.718640e-05, 6.706646e-06, 4.813039e-03, 1.881243e-02, 7.873019e-06, 8.368535e-06, 4.961043e-06, -9.159337e-02, -0.000012, 9.497641e-01, 1, 0.000007, 3.969252e-06 
3.559512e+00, 7.229764e-03, 1.516285e-05, 9.768376e-05, 7.873019e-06, 5.175490e-03, 1.909645e-03, 2.391065e-05, 8.368535e-06, 4.961043e-06, 5.681875e-01, -0.000003, 9.497641e-01, 1, 0.000007, 3.098923e-06 
3.755851e+00, 1.963391e-01, 1.341329e-05, 8.543684e-05, 6.998239e-06, 4.504533e-03, 1.917211e-01, 7.581426e-06, 1.149381e-05, 9.723063e-06, 8.052659e-02, -0.000009, 4.748821e-01, 1, 0.000015, 1.309989e-05 
3.766030e+00, 1.017894e-02, 1.457967e-05, 8.689481e-05, 7.289833e-06, 4.729643e-03, 5.312830e-03, 2.770136e-05, 1.149381e-05, 9.723063e-06, 1.255467e+00, -0.000003, 7.195536e-01, 0, 0.000011, 1.074982e-05 
3.784084e+00, 1.805429e-02, 1.195533e-05, 8.660321e-05, 6.998239e-06, 4.498410e-03, 1.342525e-02, 2.507702e-05, 8.053259e-06, 4.730484e-06, 5.312907e-01, -0.000006, 7.195536e-01, 1, 0.000007, 4.276246e-06 
4.222621e+00, 4.385362e-01, 1.341329e-05, 9.243508e-05, 7.289833e-06, 5.580221e-03, 4.328359e-01, 6.998239e-06, 5.520813e-06, 2.763918e-06, -4.332929e+00, -0.000000, 3.597768e-01, 1, 0.000006, 4.451282e-06 
4.231789e+00, 9.167985e-03, 1.632923e-05, 9.564260e-05, 7.289833e-06, 4.643623e-03, 4.374483e-03, 3.061730e-05, 5.520813e-06, 2.763918e-06, 1.105090e+00, -0.000001, 7.195536e-01, 1, 0.000006, 4.451282e-06 
4.238686e+00, 6.897640e-03, 1.224692e-05, 8.835277e-05, 6.706646e-06, 4.350864e-03, 2.412643e-03, 2.682658e-05, 5.214733e-06, 2.132205e-06, 1.174266e+00, -0.000001, 1.439107e+00, 1, 0.000006, 3.013996e-06 
4.245807e+00, 7.120709e-03, 1.224692e-05, 8.718640e-05, 6.706646e-06, 5.285420e-03, 1.690950e-03, 3.819872e-05, 4.553836e-06, 2.371364e-06, 1.130916e+00, -0.000001, 1.439107e+00, 0, 0.000005, 2.226400e-06 
4.252277e+00, 6.469872e-03, 1.516285e-05, 9.360145e-05, 8.164613e-06, 4.764926e-03, 1.564398e-03, 2.361906e-05, 3.121192e-06, 7.975301e-07, 1.263912e+00, -0.000001, 1.439107e+00, 0, 0.000003, 1.713836e-06 
4.259038e+00, 6.761174e-03, 1.166373e-05, 8.047975e-05, 6.415053e-06, 5.134083e-03, 1.522992e-03, 5.540273e-06, 3.553070e-06, 2.553024e-06, -1.676194e+00, -0.000006, 7.195536e-01, 1, 0.000004, 3.294744e-06 
4.375211e+00, 1.161728e-01, 1.020577e-05, 1.137214e-04, 6.415053e-06, 5.337324e-03, 1.106987e-01, 6.415053e-06, 3.553070e-06, 2.553024e-06, 1.063598e-01, -0.000002, 3.597768e-01, 1, 0.000004, 3.528859e-06 
4.382811e+00, 7.600088e-03, 1.312170e-05, 8.543684e-05, 6.415053e-06, 5.572056e-03, 1.897398e-03, 2.566021e-05, 3.553070e-06, 2.553024e-06, 1.109217e+00, -0.000002, 7.195536e-01, 1, 0.000004, 3.794682e-06 
4.389698e+00, 6.886559e-03, 1.137214e-05, 8.222931e-05, 6.706646e-06, 4.886521e-03, 1.862115e-03, 3.761554e-05, 2.553378e-06, 6.885388e-07, 1.037054e+00, -0.000000, 1.439107e+00, 1, 0.000002, 1.369938e-06 
4.409105e+00, 1.940787e-02, 1.312170e-05, 9.010233e-05, 6.706646e-06, 4.533693e-03, 1.473829e-02, 2.595180e-05, 6.660165e-06, 5.646303e-06, 5.065330e+00, -0.000000, 1.439107e+00, 0, 0.000008, 7.717750e-06 
4.416477e+00, 7.371187e-03, 1.662082e-05, 9.097711e-05, 7.581426e-06, 5.402932e-03, 1.806421e-03, 4.665493e-05, 6.623460e-06, 2.942595e-06, 9.826261e-01, -0.000001, 2.878214e+00, 1, 0.000009, 4.006793e-06 
4.423810e+00, 7.333863e-03, 1.370489e-05, 1.049736e-04, 8.164613e-06, 5.149829e-03, 2.032114e-03, 2.507702e-05, 6.084112e-06, 2.568771e-06, 1.264178e+00, -0.000004, 2.878214e+00, 0, 0.000008, 3.507917e-06 
4.429967e+00, 6.156409e-03, 1.078895e-05, 1.026408e-04, 6.415053e-06, 4.482081e-03, 1.532031e-03, 2.245268e-05, 2.364624e-06, 9.286657e-07, 1.288754e+00, -0.000000, 2.878214e+00, 0, 0.000003, 9.887071e-07 
4.436895e+00, 6.927965e-03, 9.622579e-06, 7.756382e-05, 5.831866e-06, 5.385437e-03, 1.428807e-03, 2.070312e-05, 2.370844e-06, 1.267374e-06, 2.429637e-01, -0.000001, 2.878214e+00, 1, 0.000002, 1.199918e-06 
4.444891e+00, 7.996363e-03, 1.253851e-05, 8.135453e-05, 9.039393e-06, 4.483830e-03, 3.382482e-03, 2.711818e-05, 4.792074e-05, 7.985040e-05, 1.260821e+00, -0.000032, 2.878214e+00, 0, 0.000063, 1.069518e-04 
4.452149e+00, 7.257466e-03, 1.253851e-05, 8.047975e-05, 6.706646e-06, 5.567391e-03, 1.562357e-03, 2.799296e-05, 1.902995e-05, 2.824735e-05, 1.270903e+00, -0.000009, 2.878214e+00, 0, 0.000025, 3.757053e-05 
4.459989e+00, 7.840652e-03, 1.195533e-05, 8.164613e-05, 6.998239e-06, 4.926761e-03, 2.788798e-03, 2.449384e-05, 1.001067e-05, 1.061272e-05, 1.287333e+00, -0.000005, 2.878214e+00, 0, 0.000013, 1.408740e-05 
4.482023e+00, 2.203337e-02, 1.020577e-05, 8.077135e-05, 6.123459e-06, 4.353488e-03, 1.757287e-02, 9.914172e-06, 5.552640e-06, 4.381529e-06, -2.826805e+00, 0.000001, 1.439107e+00, 0, 0.000003, 2.652250e-06 
4.488035e+00, 6.012654e-03, 1.341329e-05, 8.047975e-05, 6.415053e-06, 4.418222e-03, 1.473421e-03, 2.070312e-05, 5.552640e-06, 4.381529e-06, 7.417192e-01, -0.000003, 1.439107e+00, 0, 0.000007, 5.796570e-06 
4.494189e+00, 6.153785e-03, 9.622579e-06, 8.427047e-05, 5.831866e-06, 4.191071e-03, 1.837329e-03, 2.566021e-05, 4.147620e-06, 3.958575e-06, 1.379957e+00, -0.000002, 2.878214e+00, 1, 0.000005, 5.325258e-06 
4.585398e+00, 9.120922e-02, 1.049736e-05, 8.456206e-05, 6.415053e-06, 4.498118e-03, 8.660292e-02, 6.706646e-06, 1.958797e-06, 1.400203e-06, 1.490782e+01, 0.000007, 1.439107e+00, 1, 0.000002, 1.778152e-06 
4.638532e+00, 5.313413e-02, 1.574604e-05, 8.602003e-05, 6.998239e-06, 5.859276e-03, 4.715822e-02, 7.873019e-06, 1.958797e-06, 1.400203e-06, -2.142535e+00, -0.000000, 7.195536e-01, 1, 0.000002, 1.778152e-06 
4.646261e+00, 7.728389e-03, 1.487126e-05, 8.514525e-05, 7.289833e-06, 4.790295e-03, 2.803378e-03, 2.740977e-05, 1.958797e-06, 1.400203e-06, 9.180445e-01, -0.000001, 1.439107e+00, 1, 0.000002, 1.778152e-06 
4.734549e+00, 8.828862e-02, 1.516285e-05, 8.893596e-05, 7.289833e-06, 4.937841e-03, 8.321257e-02, 2.682658e-05, 1.485316e-06, 1.024774e-06, 2.326428e+00, -0.000000, 2.878214e+00, 1, 0.000001, 2.965804e-07 
4.741527e+00, 6.977245e-03, 1.428807e-05, 9.505942e-05, 6.415053e-06, 5.106965e-03, 1.727982e-03, 2.653499e-05, 6.587148e-06, 9.943142e-06, 1.283390e+00, -0.000004, 2.878214e+00, 0, 0.000009, 1.331911e-05 
4.747498e+00, 5.970956e-03, 1.195533e-05, 8.631162e-05, 7.289833e-06, 4.557895e-03, 1.282136e-03, 2.536862e-05, 3.226102e-06, 4.025914e-06, 1.012133e+00, -0.000000, 2.878214e+00, 0, 0.000001, 1.155546e-07 
4.753879e+00, 6.381520e-03, 1.078895e-05, 8.427047e-05, 6.415053e-06, 4.584430e-03, 1.669372e-03, 2.624340e-05, 2.680084e-06, 3.235764e-06, 1.233119e+00, -0.000001, 5.756429e+00, 1, 0.000003, 4.406447e-06 
4.777730e+00, 2.385029e-02, 1.049736e-05, 8.864437e-05, 6.706646e-06, 4.651496e-03, 1.906670e-02, 2.624340e-05, 4.502892e-05, 3.665133e-05, 1.446881e+02, -0.000000, 5.756429e+00, 0, 0.000002, 1.645881e-06 
4.952328e+00, 1.745985e-01, 1.283011e-05, 8.543684e-05, 6.706646e-06, 4.692319e-03, 1.697945e-01, 6.706646e-06, 5.342810e-05, 4.536842e-05, 2.947111e+04, 0.000005, 2.878214e+00, 1, 0.000001, 5.262173e-07 
4.969426e+00, 1.709757e-02, 1.341329e-05, 8.427047e-05, 6.706646e-06, 5.366192e-03, 1.161912e-02, 7.873019e-06, 5.342810e-05, 4.536842e-05, -1.302448e+01, -0.000007, 1.439107e+00, 1, 0.000071, 6.060071e-05 
4.975688e+00, 6.262549e-03, 1.574604e-05, 9.097711e-05, 7.581426e-06, 4.480040e-03, 1.641962e-03, 2.624340e-05, 5.342810e-05, 4.536842e-05, 1.260567e+00, -0.000035, 2.878214e+00, 1, 0.000071, 6.080607e-05 
5.002512e+00, 2.682425e-02, 1.137214e-05, 8.631162e-05, 6.998239e-06, 4.320246e-03, 2.239145e-02, 7.873019e-06, 2.806431e-05, 1.551339e-05, -1.976350e+00, 0.000004, 1.439107e+00, 0, 0.000012, 1.618310e-05 
5.015332e+00, 1.281961e-02, 1.399648e-05, 8.747799e-05, 6.998239e-06, 4.550022e-03, 8.138078e-03, 2.303587e-05, 2.806431e-05, 1.551339e-05, 6.988381e-01, -0.000032, 1.439107e+00, 1, 0.000037, 2.066759e-05 
5.045053e+00, 2.972123e-02, 1.137214e-05, 8.514525e-05, 6.123459e-06, 4.354071e-03, 2.523040e-02, 3.411642e-05, 1.173819e-05, 7.996935e-06, 6.551334e-01, -0.000015, 1.439107e+00, 1, 0.000016, 1.071681e-05 
5.052535e+00, 7.482284e-03, 1.428807e-05, 8.660321e-05, 7.289833e-06, 4.652663e-03, 2.694322e-03, 2.711818e-05, 4.593107e-06, 3.549069e-06, 1.267889e+00, -0.000000, 1.439107e+00, 0, 0.000001, 2.564724e-07 
5.060333e+00, 7.797205e-03, 1.078895e-05, 8.660321e-05, 6.123459e-06, 4.233060e-03, 3.437885e-03, 2.274428e-05, 1.232469e-05, 1.074297e-05, 1.260253e+00, -0.000008, 1.629176e+00, 0, 0.000016, 1.433875e-05 
5.067211e+00, 6.878103e-03, 1.049736e-05, 8.572843e-05, 6.415053e-06, 4.417930e-03, 2.332163e-03, 2.536862e-05, 4.967545e-06, 3.982244e-06, 1.186064e+00, -0.000003, 2.025140e+00, 0, 0.000007, 5.350362e-06 
5.074214e+00, 7.002905e-03, 1.078895e-05, 8.456206e-05, 6.123459e-06, 4.191945e-03, 2.703945e-03, 5.540273e-06, 1.977630e-06, 1.144457e-06, -7.334594e-01, -0.000000, 1.012570e+00, 0, 0.000001, 2.947150e-07 
5.083204e+00, 8.990405e-03, 1.049736e-05, 8.572843e-05, 6.706646e-06, 4.555854e-03, 4.306833e-03, 2.478543e-05, 1.977630e-06, 1.144457e-06, 1.443659e+00, -0.000001, 1.236279e+00, 0, 0.000002, 1.700054e-06 
5.092588e+00, 9.384347e-03, 1.049736e-05, 8.427047e-05, 6.415053e-06, 4.277382e-03, 4.980414e-03, 2.536862e-05, 9.919205e-07, 2.558609e-07, 1.399013e+00, -0.000000, 1.236279e+00, 0, 0.000001, 4.877868e-07 
5.101506e+00, 8.917507e-03, 1.166373e-05, 1.845786e-04, 8.747799e-06, 4.445048e-03, 4.260470e-03, 6.998239e-06, 7.100896e-07, 1.653429e-07, -1.286260e+01, 0.000000, 6.181397e-01, 1, 0.000001, 3.342487e-07 
5.120148e+00, 1.864214e-02, 1.078895e-05, 8.339569e-05, 6.415053e-06, 4.166285e-03, 1.434843e-02, 2.682658e-05, 7.100896e-07, 1.653429e-07, 1.251315e+00, -0.000000, 1.129729e+00, 0, 0.000001, 1.531116e-07 
5.126999e+00, 6.850402e-03, 1.370489e-05, 8.572843e-05, 6.998239e-06, 4.520571e-03, 2.197739e-03, 2.566021e-05, 6.384767e-07, 2.115927e-07, 1.042408e+00, -0.000000, 2.259458e+00, 1, 0.000001, 1.629517e-07 
5.177885e+00, 5.088682e-02, 1.195533e-05, 8.660321e-05, 6.998239e-06, 4.486163e-03, 4.626798e-02, 2.711818e-05, 5.323728e-07, 1.082915e-07, 8.654055e-01, -0.000000, 2.259458e+00, 0, 0.000000, 1.926642e-07 
5.183680e+00, 5.794251e-03, 1.370489e-05, 8.456206e-05, 6.998239e-06, 4.438342e-03, 1.187076e-03, 6.356734e-05, 4.942898e-07, 1.242853e-07, 5.040033e-01, -0.000000, 2.259458e+00, 1, 0.000000, 1.177787e-07 
5.192430e+00, 8.750424e-03, 1.049736e-05, 8.572843e-05, 6.415053e-06, 4.617672e-03, 4.004451e-03, 2.566021e-05, 8.983035e-06, 1.580041e-05, 1.432003e+00, -0.000005, 2.259458e+00, 0, 0.000012, 2.109814e-05 
5.198409e+00, 5.979412e-03, 1.166373e-05, 8.456206e-05, 6.706646e-06, 4.187863e-03, 1.683077e-03, 5.540273e-06, 3.614367e-06, 5.411673e-06, 4.919271e-02, -0.000040, 1.129729e+00, 1, 0.000005, 7.233004e-06 
5.246323e+00, 4.791374e-02, 1.341329e-05, 1.192617e-04, 2.595180e-05, 4.242683e-03, 4.348881e-02, 2.361906e-05, 3.614367e-06, 5.411673e-06, 3.646902e-01, -0.000004, 1.129729e+00, 1, 0.000005, 7.254316e-06 
5.266632e+00, 2.030860e-02, 1.428807e-05, 7.989657e-05, 6.706646e-06, 5.701816e-03, 1.447615e-02, 2.974252e-05, 2.837319e-06, 3.628803e-06, 1.012152e+00, -0.000001, 2.259458e+00, 1, 0.000004, 4.836157e-06 
5.273055e+00, 6.422926e-03, 1.749560e-05, 1.201364e-04, 8.164613e-06, 4.305375e-03, 1.947260e-03, 2.449384e-05, 2.114543e-06, 2.326492e-06, 9.204041e-01, -0.000001, 2.259458e+00, 0, 0.000002, 3.260031e-06 
5.280886e+00, 7.831030e-03, 1.078895e-05, 7.902179e-05, 6.706646e-06, 5.359193e-03, 2.347618e-03, 2.770136e-05, 1.110532e-06, 1.211003e-06, 1.164451e+00, -0.000000, 4.518916e+00, 1, 0.000001, 1.594831e-06 
5.358039e+00, 7.715355e-02, 1.253851e-05, 8.718640e-05, 6.998239e-06, 5.194443e-03, 7.184509e-02, 7.289833e-06, 8.367768e-07, 5.850574e-07, -1.168133e-01, 0.000005, 2.259458e+00, 0, 0.000001, 8.347557e-07 
5.375271e+00, 1.723141e-02, 1.312170e-05, 8.397887e-05, 6.998239e-06, 4.496077e-03, 1.260354e-02, 2.770136e-05, 8.367768e-07, 5.850574e-07, 5.632201e+00, -0.000000, 2.259458e+00, 0, 0.000001, 8.347557e-07 
5.382625e+00, 7.354566e-03, 1.691241e-05, 1.061400e-04, 8.164613e-06, 4.533693e-03, 2.663996e-03, 2.566021e-05, 5.344333e-07, 1.626303e-07, 1.265216e+00, -0.000000, 2.259458e+00, 0, 0.000001, 2.675717e-07 
5.388433e+00, 5.807955e-03, 1.078895e-05, 7.902179e-05, 6.123459e-06, 4.406266e-03, 1.285052e-03, 2.070312e-05, 7.905323e-07, 5.735028e-07, 5.722881e-01, -0.000000, 2.259458e+00, 1, 0.000001, 2.520152e-07 
5.395866e+00, 7.433005e-03, 2.041153e-05, 8.572843e-05, 6.415053e-06, 4.938133e-03, 2.358407e-03, 2.391065e-05, 3.915368e-04, 9.968339e-04, 2.237147e-01, -0.002222, 2.259458e+00, 1, 0.000522, 1.329147e-03 
5.401944e+00, 6.077679e-03, 1.195533e-05, 8.689481e-05, 7.289833e-06, 4.417639e-03, 1.520368e-03, 3.353323e-05, 3.123399e-05, 1.940851e-05, 1.092277e+00, -0.000003, 2.259458e+00, 0, 0.000025, 1.816764e-05 
5.407914e+00, 5.970373e-03, 1.137214e-05, 7.873019e-05, 6.415053e-06, 4.499285e-03, 1.369031e-03, 5.540273e-06, 2.396021e-05, 2.032115e-05, 1.079857e-01, -0.000167, 1.129729e+00, 1, 0.000032, 2.709500e-05 
5.441065e+00, 3.315124e-02, 1.020577e-05, 7.843860e-05, 6.415053e-06, 4.235101e-03, 2.879542e-02, 2.566021e-05, 2.396021e-05, 2.032115e-05, 3.989363e-01, -0.000049, 1.129729e+00, 1, 0.000022, 1.536165e-05 
5.845414e+00, 4.043484e-01, 1.457967e-05, 9.097711e-05, 7.289833e-06, 4.929676e-03, 3.992991e-01, 6.706646e-06, 6.581107e-05, 1.682759e-04, 1.512951e-01, -0.000547, 5.648645e-01, 1, 0.000087, 2.245755e-04 
5.852095e+00, 6.681569e-03, 1.691241e-05, 8.864437e-05, 7.289833e-06, 4.559936e-03, 1.976419e-03, 3.236686e-05, 6.581107e-05, 1.682759e-04, 1.235435e+00, -0.000042, 1.129729e+00, 1, 0.000088, 2.243668e-04 
5.862542e+00, 1.044633e-02, 1.778719e-05, 1.186785e-04, 8.747799e-06, 4.720312e-03, 5.551937e-03, 2.886774e-05, 2.661837e-05, 6.601060e-05, 3.519957e-01, -0.000001, 1.129729e+00, 1, 0.000034, 8.830354e-05 
5.869100e+00, 6.557933e-03, 1.545445e-05, 1.145962e-04, 7.289833e-06, 5.133500e-03, 1.260266e-03, 2.682658e-05, 2.654546e-05, 6.510260e-05, 1.140889e+00, -0.000000, 2.259458e+00, 1, 0.000004, 2.530677e-06 
5.906690e+00, 3.759046e-02, 1.253851e-05, 8.572843e-05, 6.998239e-06, 4.585596e-03, 3.289260e-02, 6.998239e-06, 8.110980e-05, 2.008322e-04, -1.629718e+00, 0.000053, 1.129729e+00, 1, 0.000106, 2.681281e-04 
5.913873e+00, 7.183110e-03, 1.341329e-05, 8.193772e-05, 6.998239e-06, 4.514448e-03, 2.538611e-03, 2.770136e-05, 8.110980e-05, 2.008322e-04, 1.265804e+00, -0.000051, 1.129729e+00, 0, 0.000108, 2.677761e-04 
5.920985e+00, 7.111961e-03, 1.166373e-05, 1.011829e-04, 1.078895e-05, 4.752971e-03, 2.208236e-03, 2.711818e-05, 3.254668e-05, 7.430472e-05, 1.221630e+00, -0.000021, 2.259458e+00, 1, 0.000043, 9.907276e-05 
5.927114e+00, 6.128417e-03, 1.108055e-05, 7.989657e-05, 8.164613e-06, 4.265135e-03, 1.738188e-03, 2.595180e-05, 1.302404e-05, 3.018490e-05, 1.263171e+00, -0.000008, 2.654726e+00, 0, 0.000016, 4.043039e-05 
5.970523e+00, 4.340920e-02, 1.166373e-05, 8.572843e-05, 6.706646e-06, 4.689695e-03, 3.860841e-02, 6.998239e-06, 5.795789e-06, 1.142900e-05, 1.482331e-01, -0.000012, 1.327363e+00, 1, 0.000002, 1.547510e-06 
5.990423e+00, 1.989979e-02, 1.487126e-05, 8.689481e-05, 7.581426e-06, 5.431509e-03, 1.435251e-02, 6.415053e-06, 5.795789e-06, 1.142900e-05, 1.872240e-01, 0.000001, 6.636815e-01, 1, 0.000007, 1.538232e-05 
6.009019e+00, 1.859665e-02, 1.224692e-05, 7.873019e-05, 6.415053e-06, 5.264134e-03, 1.321297e-02, 2.216109e-05, 5.795789e-06, 1.142900e-05, 6.269303e-01, -0.000001, 6.636815e-01, 1, 0.000002, 1.547510e-06 
6.013870e+00, 4.850946e-03, 1.253851e-05, 8.018816e-05, 6.415053e-06, 4.146457e-03, 5.992242e-04, 6.123459e-06, 6.659420e-06, 1.494823e-05, 1.944566e-01, -0.000036, 3.318407e-01, 1, 0.000008, 2.005911e-05 
6.019423e+00, 5.553103e-03, 9.330986e-06, 7.843860e-05, 5.831866e-06, 4.128670e-03, 1.290884e-03, 3.994828e-05, 6.659420e-06, 1.494823e-05, 1.099410e+00, -0.000002, 6.636815e-01, 1, 0.000008, 2.005742e-05 
6.026424e+00, 7.000572e-03, 1.516285e-05, 1.128466e-04, 8.747799e-06, 5.185404e-03, 1.653042e-03, 2.536862e-05, 5.243246e-06, 7.590329e-06, 1.271445e+00, -0.000003, 1.040162e+00, 0, 0.000007, 1.012037e-05 
6.032312e+00, 5.887852e-03, 1.108055e-05, 8.602003e-05, 6.123459e-06, 4.373900e-03, 1.388859e-03, 2.186950e-05, 2.170973e-06, 2.976125e-06, 1.142942e+00, -0.000001, 2.080323e+00, 1, 0.000002, 4.019250e-06 
6.050485e+00, 1.817326e-02, 9.330986e-06, 7.785541e-05, 6.123459e-06, 4.880397e-03, 1.315261e-02, 4.694652e-05, 1.071517e-06, 1.345629e-06, 1.628479e+01, -0.000000, 2.080323e+00, 0, 0.000001, 1.794236e-06 
6.122254e+00, 7.176928e-02, 1.632923e-05, 1.213028e-04, 9.622579e-06, 4.836367e-03, 6.676029e-02, 2.536862e-05, 6.528557e-07, 3.906934e-07, 9.695366e-01, -0.000001, 2.080323e+00, 0, 0.000001, 5.229735e-07 
6.128867e+00, 6.612461e-03, 1.283011e-05, 8.864437e-05, 6.415053e-06, 4.613006e-03, 1.868238e-03, 2.332746e-05, 1.801651e-07, 9.955427e-08, 1.531518e+00, -0.000000, 4.160646e+00, 1, 0.000000, 1.364579e-07 
6.137783e+00, 8.916049e-03, 1.137214e-05, 8.514525e-05, 6.123459e-06, 4.376816e-03, 4.431052e-03, 5.540273e-06, 7.787521e-08, 4.105197e-08, -4.109451e-01, -0.000001, 2.080323e+00, 1, 0.000000, 5.639365e-08 
6.143857e+00, 6.073889e-03, 1.078895e-05, 1.108055e-04, 9.330986e-06, 4.720021e-03, 1.197865e-03, 2.507702e-05, 7.787521e-08, 4.105197e-08, 1.000009e+00, -0.000000, 2.080323e+00, 0, 0.000000, 5.639365e-08 
6.150897e+00, 7.040520e-03, 1.020577e-05, 7.902179e-05, 6.706646e-06, 4.283506e-03, 2.629588e-03, 3.149208e-05, 7.800713e-08, 4.074861e-08, 1.265051e+00, -0.000000, 3.309102e+00, 0, 0.000000, 5.616709e-08 
6.159573e+00, 8.676067e-03, 1.574604e-05, 1.084727e-04, 8.456206e-06, 4.389062e-03, 4.148206e-03, 6.123459e-06, 4.474547e-08, 1.861308e-08, -2.880082e+00, -0.000000, 1.654551e+00, 1, 0.000000, 2.690513e-08 
6.181213e+00, 2.164001e-02, 1.224692e-05, 8.718640e-05, 6.706646e-06, 5.016863e-03, 1.648989e-02, 2.711818e-05, 4.474547e-08, 1.861308e-08, 1.131551e+00, -0.000000, 3.309102e+00, 1, 0.000000, 2.708114e-08 
6.187318e+00, 6.104506e-03, 1.283011e-05, 9.564260e-05, 7.289833e-06, 4.292837e-03, 1.690366e-03, 5.540273e-06, 4.330681e-08, 1.591908e-08, -3.139965e+01, -0.000000, 1.654551e+00, 1, 0.000000, 2.328844e-08 
6.620131e+00, 4.328131e-01, 1.399648e-05, 9.185189e-05, 6.706646e-06, 4.417930e-03, 4.282555e-01, 2.711818e-05, 4.330681e-08, 1.591908e-08, 2.718240e+00, -0.000000, 3.309102e+00, 1, 0.000000, 1.219127e-08 
6.634257e+00, 1.412565e-02, 1.312170e-05, 8.718640e-05, 6.998239e-06, 4.671616e-03, 9.340025e-03, 6.706646e-06, 2.272718e-03, 7.489346e-03, 3.306553e-02, -0.091643, 1.654551e+00, 1, 0.003030, 9.985796e-03 
6.642784e+00, 8.527938e-03, 1.341329e-05, 9.535101e-05, 7.289833e-06, 4.687654e-03, 3.692738e-03, 3.149208e-05, 2.272718e-03, 7.489346e-03, 1.269013e+00, -0.001646, 1.654551e+00, 0, 0.003030, 9.985793e-03 
6.649143e+00, 6.358484e-03, 1.545445e-05, 8.893596e-05, 7.289833e-06, 4.966417e-03, 1.273388e-03, 6.998239e-06, 7.059501e-04, 2.486018e-03, -3.269874e-01, -0.000000, 8.272755e-01, 1, 0.000000, 1.220511e-08 
6.656589e+00, 7.446127e-03, 1.137214e-05, 8.602003e-05, 6.415053e-06, 4.519113e-03, 2.796088e-03, 2.711818e-05, 7.059501e-04, 2.486018e-03, 1.281292e+00, -0.000488, 8.272755e-01, 0, 0.000941, 3.314692e-03 
6.662784e+00, 6.194608e-03, 1.457967e-05, 8.806118e-05, 7.873019e-06, 4.470709e-03, 1.583935e-03, 2.945092e-05, 2.369290e-04, 8.572708e-04, 1.255201e+00, -0.000165, 1.097038e+00, 0, 0.000316, 1.143025e-03 
6.668350e+00, 5.566225e-03, 1.049736e-05, 8.514525e-05, 6.415053e-06, 4.273008e-03, 1.165790e-03, 2.536862e-05, 8.151334e-05, 3.064563e-04, 1.262446e+00, -0.000054, 1.097038e+00, 0, 0.000109, 4.086095e-04 
6.675105e+00, 6.755342e-03, 9.914172e-06, 8.543684e-05, 5.831866e-06, 5.247222e-03, 1.372530e-03, 3.440801e-05, 2.991587e-05, 1.121981e-04, 1.263760e+00, -0.000000, 1.097038e+00, 0, 0.000000, 1.220445e-08 
6.681623e+00, 6.517402e-03, 1.428807e-05, 9.826694e-05, 8.164613e-06, 5.019196e-03, 1.347453e-03, 3.003411e-05, 7.955354e-05, 2.956676e-04, 1.263384e+00, -0.000053, 1.097038e+00, 0, 0.000106, 3.942239e-04 
6.689343e+00, 7.720224e-03, 1.399648e-05, 9.797535e-05, 6.998239e-06, 5.668282e-03, 1.907312e-03, 2.566021e-05, 2.945173e-05, 1.086537e-04, 1.259819e+00, -0.000020, 1.097038e+00, 0, 0.000039, 1.448693e-04 
6.696867e+00, 7.524565e-03, 1.399648e-05, 8.893596e-05, 7.581426e-06, 5.766549e-03, 1.615719e-03, 3.178367e-05, 1.047960e-05, 3.940184e-05, 1.262633e+00, -0.000007, 1.097038e+00, 0, 0.000014, 5.253351e-05 
6.706463e+00, 9.595753e-03, 1.312170e-05, 8.718640e-05, 6.998239e-06, 7.213435e-03, 2.243227e-03, 3.178367e-05, 3.849163e-06, 1.446050e-05, 1.148089e+00, -0.000000, 2.050391e+00, 0, 0.000000, 8.501136e-09 
1.000000, 0, 0, 0, 0, 0, 0, 0, 0, 0, 0, 0, 0, 0, 0 ,0