TRM WS=1, MS=2, TRMstep=0: ub=0.800000, lb=0.200000, grow=2.000000,shrink=0.500000, b_w=2,b_m=4, lr=0.400000, lambda=0.000000, n=9, n0=2, n1=2, n2=1, sub_tol=0.001000, sub_maxit=1000, tol=1.000000e-08, m=4, nobias=0 
time, iter_t, subset_m_time, g_time, subset_w_time, p1_time, t2, t3, total error, total gmag, rho, sigma, gamma, step, approx error, approx gmag 
3.097013e-03, 3.097013e-03, 9.039393e-06, 7.698063e-05, 7.289833e-06, 2.985624e-03, 1.632923e-05, 1.749560e-06, 1.383285e-01, 1.163052e-02, 0.000000e+00, 0.000000, 4.000000e-01, 0, 0.138328, 1.163052e-02 
5.937423e-03, 2.840410e-03, 8.456206e-06, 7.581426e-05, 6.706646e-06, 2.735145e-03, 1.312170e-05, 1.166373e-06, 1.357367e-01, 1.037648e-02, 0.000000e+00, 0.000000, 4.000000e-01, 0, 0.135737, 1.037648e-02 
8.901177e-03, 2.963754e-03, 8.164613e-06, 7.493948e-05, 6.415053e-06, 2.856740e-03, 1.632923e-05, 1.166373e-06, 1.316339e-01, 8.367440e-03, 0.000000e+00, 0.000000, 4.000000e-01, 0, 0.131634, 8.367440e-03 
1.194570e-02, 3.044526e-03, 1.049736e-05, 1.288842e-04, 8.456206e-06, 2.882691e-03, 1.312170e-05, 8.747799e-07, 1.265283e-01, 4.111992e-03, 0.000000e+00, 0.000000, 4.000000e-01, 0, 0.126528, 4.111992e-03 
1.484851e-02, 2.902811e-03, 8.456206e-06, 7.552267e-05, 6.415053e-06, 2.798129e-03, 1.283011e-05, 1.457967e-06, 1.261011e-01, 3.448263e-03, 0.000000e+00, 0.000000, 2.000000e-01, 0, 0.126101, 3.448263e-03 
1.763819e-02, 2.789673e-03, 7.873019e-06, 7.464789e-05, 6.123459e-06, 2.687324e-03, 1.283011e-05, 8.747799e-07, 1.257970e-01, 2.877579e-03, 0.000000e+00, 0.000000, 1.000000e-01, 0, 0.125797, 2.877579e-03 
2.073170e-02, 3.093513e-03, 7.873019e-06, 8.018816e-05, 6.123459e-06, 2.984166e-03, 1.399648e-05, 1.166373e-06, 1.254341e-01, 2.155745e-03, 0.000000e+00, 0.000000, 5.000000e-02, 0, 0.125434, 2.155745e-03 
2.380976e-02, 3.078059e-03, 8.747799e-06, 8.164613e-05, 6.123459e-06, 2.967545e-03, 1.283011e-05, 1.166373e-06, 1.251017e-01, 8.674804e-04, 0.000000e+00, 0.000000, 5.000000e-02, 0, 0.125102, 8.674804e-04 
0.500000, 0, 0, 0, 0, 0, 0, 0, 0, 0, 0, 0, 0, 0, 0 ,0