TRM WS=1, MS=2, TRMstep=0: ub=0.800000, lb=0.200000, grow=2.000000,shrink=0.500000, b_w=2,b_m=4, lr=0.400000, lambda=0.000000, n=9, n0=2, n1=2, n2=1, sub_tol=0.001000, sub_maxit=1000, tol=1.000000e-08, m=4, nobias=0 
time, iter_t, subset_m_time, g_time, subset_w_time, p1_time, t2, t3, total error, total gmag, rho, sigma, gamma, step, approx error, approx gmag 
2.912434e-03, 2.912434e-03, 9.039393e-06, 7.668904e-05, 6.415053e-06, 2.802503e-03, 1.574604e-05, 2.041153e-06, 1.313065e-01, 8.247303e-03, 0.000000e+00, 0.000000, 4.000000e-01, 0, 0.131307, 8.247303e-03 
5.870940e-03, 2.958506e-03, 7.873019e-06, 7.552267e-05, 6.123459e-06, 2.854115e-03, 1.341329e-05, 1.457967e-06, 1.295606e-01, 6.966733e-03, 0.000000e+00, 0.000000, 4.000000e-01, 0, 0.129561, 6.966733e-03 
8.785415e-03, 2.914475e-03, 8.164613e-06, 7.523107e-05, 6.415053e-06, 2.809793e-03, 1.399648e-05, 8.747799e-07, 1.287431e-01, 6.345181e-03, 0.000000e+00, 0.000000, 2.000000e-01, 0, 0.128743, 6.345181e-03 
1.157888e-02, 2.793464e-03, 8.747799e-06, 8.514525e-05, 6.123459e-06, 2.679451e-03, 1.312170e-05, 8.747799e-07, 1.260299e-01, 3.361041e-03, 0.000000e+00, 0.000000, 2.000000e-01, 0, 0.126030, 3.361041e-03 
1.448402e-02, 2.905144e-03, 7.873019e-06, 7.493948e-05, 6.123459e-06, 2.802212e-03, 1.283011e-05, 1.166373e-06, 1.259103e-01, 3.180659e-03, 0.000000e+00, 0.000000, 1.000000e-01, 0, 0.125910, 3.180659e-03 
1.726816e-02, 2.784133e-03, 7.873019e-06, 7.464789e-05, 6.123459e-06, 2.681492e-03, 1.283011e-05, 1.166373e-06, 1.252530e-01, 1.668064e-03, 0.000000e+00, 0.000000, 5.000000e-02, 0, 0.125253, 1.668064e-03 
2.013189e-02, 2.863738e-03, 7.873019e-06, 7.435629e-05, 6.123459e-06, 2.761097e-03, 1.312170e-05, 1.166373e-06, 1.250030e-01, 2.676458e-05, 0.000000e+00, 0.000000, 2.500000e-02, 0, 0.125003, 2.676458e-05 
2.295597e-02, 2.824081e-03, 8.164613e-06, 7.435629e-05, 6.123459e-06, 2.720566e-03, 1.370489e-05, 1.166373e-06, 1.250011e-01, 8.473987e-05, 0.000000e+00, 0.000000, 2.500000e-02, 0, 0.125001, 8.473987e-05 
0.500000, 0, 0, 0, 0, 0, 0, 0, 0, 0, 0, 0, 0, 0, 0 ,0