TRM WS=1, MS=2, TRMstep=0: ub=0.800000, lb=0.200000, grow=2.000000,shrink=0.500000, b_w=2,b_m=4, lr=0.400000, lambda=0.000000, n=9, n0=2, n1=2, n2=1, sub_tol=0.001000, sub_maxit=1000, tol=1.000000e-08, m=4, nobias=0 
time, iter_t, subset_m_time, g_time, subset_w_time, p1_time, t2, t3, total error, total gmag, rho, sigma, gamma, step, approx error, approx gmag 
2.933720e-03, 2.933720e-03, 8.747799e-06, 7.668904e-05, 6.706646e-06, 2.825248e-03, 1.516285e-05, 1.166373e-06, 1.412657e-01, 1.239560e-02, 0.000000e+00, 0.000000, 4.000000e-01, 0, 0.141266, 1.239560e-02 
5.752261e-03, 2.818541e-03, 8.456206e-06, 7.552267e-05, 6.415053e-06, 2.713567e-03, 1.341329e-05, 1.166373e-06, 1.328229e-01, 9.189829e-03, 0.000000e+00, 0.000000, 4.000000e-01, 0, 0.132823, 9.189829e-03 
8.570802e-03, 2.818541e-03, 7.873019e-06, 7.610585e-05, 6.123459e-06, 2.714442e-03, 1.312170e-05, 8.747799e-07, 1.285656e-01, 6.407235e-03, 0.000000e+00, 0.000000, 4.000000e-01, 0, 0.128566, 6.407235e-03 
1.139051e-02, 2.819707e-03, 8.747799e-06, 7.523107e-05, 6.123459e-06, 2.716192e-03, 1.253851e-05, 8.747799e-07, 1.253710e-01, 1.869507e-03, 0.000000e+00, 0.000000, 4.000000e-01, 0, 0.125371, 1.869507e-03 
1.415890e-02, 2.768387e-03, 7.873019e-06, 7.523107e-05, 6.123459e-06, 2.664871e-03, 1.283011e-05, 1.457967e-06, 1.250330e-01, 2.963715e-04, 0.000000e+00, 0.000000, 2.000000e-01, 0, 0.125033, 2.963715e-04 
1.707075e-02, 2.911851e-03, 8.456206e-06, 1.061400e-04, 6.706646e-06, 2.776260e-03, 1.312170e-05, 1.166373e-06, 1.250228e-01, 2.228700e-04, 0.000000e+00, 0.000000, 1.000000e-01, 0, 0.125023, 2.228700e-04 
1.985546e-02, 2.784716e-03, 7.581426e-06, 7.552267e-05, 6.415053e-06, 2.681200e-03, 1.283011e-05, 1.166373e-06, 1.250117e-01, 3.131858e-04, 0.000000e+00, 0.000000, 5.000000e-02, 0, 0.125012, 3.131858e-04 
2.264339e-02, 2.787924e-03, 7.873019e-06, 7.464789e-05, 6.123459e-06, 2.685283e-03, 1.283011e-05, 1.166373e-06, 1.250019e-01, 3.699585e-05, 0.000000e+00, 0.000000, 5.000000e-02, 0, 0.125002, 3.699585e-05 
0.500000, 0, 0, 0, 0, 0, 0, 0, 0, 0, 0, 0, 0, 0, 0 ,0