TRM WS=1, MS=2, TRMstep=0: ub=0.800000, lb=0.200000, grow=2.000000,shrink=0.500000, b_w=2,b_m=4, lr=0.400000, lambda=0.000000, n=9, n0=2, n1=2, n2=1, sub_tol=0.001000, sub_maxit=1000, tol=1.000000e-08, m=4, nobias=0 
time, iter_t, subset_m_time, g_time, subset_w_time, p1_time, t2, t3, total error, total gmag, rho, sigma, gamma, step, approx error, approx gmag 
3.101678e-03, 3.101678e-03, 8.456206e-06, 7.493948e-05, 6.415053e-06, 2.994955e-03, 1.516285e-05, 1.749560e-06, 1.412756e-01, 1.219461e-02, 0.000000e+00, 0.000000, 4.000000e-01, 0, 0.141276, 1.219461e-02 
5.943546e-03, 2.841868e-03, 8.456206e-06, 7.493948e-05, 6.415053e-06, 2.738061e-03, 1.312170e-05, 8.747799e-07, 1.397073e-01, 1.152739e-02, 0.000000e+00, 0.000000, 4.000000e-01, 0, 0.139707, 1.152739e-02 
8.862979e-03, 2.919432e-03, 7.873019e-06, 7.377311e-05, 6.123459e-06, 2.817666e-03, 1.312170e-05, 8.747799e-07, 1.325117e-01, 8.689041e-03, 0.000000e+00, 0.000000, 4.000000e-01, 0, 0.132512, 8.689041e-03 
1.168531e-02, 2.822332e-03, 7.873019e-06, 7.377311e-05, 5.831866e-06, 2.721149e-03, 1.283011e-05, 8.747799e-07, 1.253018e-01, 1.029797e-03, 0.000000e+00, 0.000000, 4.000000e-01, 0, 0.125302, 1.029797e-03 
1.463740e-02, 2.952091e-03, 8.164613e-06, 7.377311e-05, 6.415053e-06, 2.849450e-03, 1.283011e-05, 1.457967e-06, 1.245917e-01, 6.078502e-04, 0.000000e+00, 0.000000, 2.000000e-01, 0, 0.124592, 6.078502e-04 
1.746790e-02, 2.830496e-03, 7.581426e-06, 8.806118e-05, 5.831866e-06, 2.714734e-03, 1.312170e-05, 1.166373e-06, 1.244473e-01, 9.430783e-04, 0.000000e+00, 0.000000, 1.000000e-01, 0, 0.124447, 9.430783e-04 
2.027040e-02, 2.802503e-03, 9.330986e-06, 8.718640e-05, 6.123459e-06, 2.685866e-03, 1.312170e-05, 8.747799e-07, 1.243346e-01, 1.137955e-03, 0.000000e+00, 0.000000, 5.000000e-02, 0, 0.124335, 1.137955e-03 
2.365901e-02, 3.388606e-03, 9.622579e-06, 7.523107e-05, 6.123459e-06, 3.281008e-03, 1.574604e-05, 8.747799e-07, 1.240131e-01, 8.291422e-04, 0.000000e+00, 0.000000, 5.000000e-02, 0, 0.124013, 8.291422e-04 
0.500000, 0, 0, 0, 0, 0, 0, 0, 0, 0, 0, 0, 0, 0, 0 ,0