TRM WS=1, MS=2, TRMstep=0: ub=0.800000, lb=0.200000, grow=2.000000,shrink=0.500000, b_w=2,b_m=4, lr=0.400000, lambda=0.000000, n=9, n0=2, n1=2, n2=1, sub_tol=0.001000, sub_maxit=1000, tol=1.000000e-08, m=4, nobias=0 
time, iter_t, subset_m_time, g_time, subset_w_time, p1_time, t2, t3, total error, total gmag, rho, sigma, gamma, step, approx error, approx gmag 
3.073102e-03, 3.073102e-03, 8.747799e-06, 7.668904e-05, 6.998239e-06, 2.962588e-03, 1.632923e-05, 1.749560e-06, 1.356529e-01, 1.074710e-02, 0.000000e+00, 0.000000, 4.000000e-01, 0, 0.135653, 1.074710e-02 
6.134248e-03, 3.061147e-03, 8.164613e-06, 7.581426e-05, 6.998239e-06, 2.955590e-03, 1.370489e-05, 8.747799e-07, 1.343335e-01, 9.962800e-03, 0.000000e+00, 0.000000, 4.000000e-01, 0, 0.134333, 9.962800e-03 
9.021605e-03, 2.887357e-03, 8.747799e-06, 7.581426e-05, 6.415053e-06, 2.782383e-03, 1.312170e-05, 8.747799e-07, 1.329623e-01, 9.339572e-03, 0.000000e+00, 0.000000, 4.000000e-01, 0, 0.132962, 9.339572e-03 
1.182848e-02, 2.806877e-03, 8.164613e-06, 7.464789e-05, 6.123459e-06, 2.703945e-03, 1.312170e-05, 8.747799e-07, 1.254383e-01, 2.264802e-03, 0.000000e+00, 0.000000, 4.000000e-01, 0, 0.125438, 2.264802e-03 
1.464702e-02, 2.818541e-03, 8.164613e-06, 7.464789e-05, 6.123459e-06, 2.715317e-03, 1.283011e-05, 1.457967e-06, 1.249007e-01, 7.947369e-04, 0.000000e+00, 0.000000, 2.000000e-01, 0, 0.124901, 7.947369e-04 
1.754634e-02, 2.899312e-03, 7.873019e-06, 7.523107e-05, 6.123459e-06, 2.795797e-03, 1.312170e-05, 1.166373e-06, 1.245804e-01, 6.161857e-04, 0.000000e+00, 0.000000, 1.000000e-01, 0, 0.124580, 6.161857e-04 
2.055470e-02, 3.008368e-03, 8.456206e-06, 7.552267e-05, 6.123459e-06, 2.901062e-03, 1.574604e-05, 1.457967e-06, 1.244790e-01, 5.572576e-04, 0.000000e+00, 0.000000, 5.000000e-02, 0, 0.124479, 5.572576e-04 
2.814167e-02, 7.586966e-03, 1.078895e-05, 1.049736e-04, 8.164613e-06, 7.442336e-03, 1.924516e-05, 1.457967e-06, 1.244535e-01, 6.441903e-04, 0.000000e+00, 0.000000, 5.000000e-02, 0, 0.124454, 6.441903e-04 
0.500000, 0, 0, 0, 0, 0, 0, 0, 0, 0, 0, 0, 0, 0, 0 ,0