TRM WS=1, MS=2, TRMstep=0: ub=0.800000, lb=0.200000, grow=2.000000,shrink=0.500000, b_w=2,b_m=4, lr=0.400000, lambda=0.000000, n=9, n0=2, n1=2, n2=1, sub_tol=0.001000, sub_maxit=1000, tol=1.000000e-08, m=4, nobias=0 
time, iter_t, subset_m_time, g_time, subset_w_time, p1_time, t2, t3, total error, total gmag, rho, sigma, gamma, step, approx error, approx gmag 
3.075143e-03, 3.075143e-03, 8.456206e-06, 7.523107e-05, 6.706646e-06, 2.967545e-03, 1.574604e-05, 1.457967e-06, 1.412756e-01, 1.219461e-02, 0.000000e+00, 0.000000, 4.000000e-01, 0, 0.141276, 1.219461e-02 
5.937131e-03, 2.861988e-03, 8.456206e-06, 7.523107e-05, 6.998239e-06, 2.757306e-03, 1.283011e-05, 1.166373e-06, 1.280072e-01, 5.806542e-03, 0.000000e+00, 0.000000, 4.000000e-01, 0, 0.128007, 5.806542e-03 
8.823030e-03, 2.885899e-03, 7.873019e-06, 7.552267e-05, 6.123459e-06, 2.782092e-03, 1.312170e-05, 1.166373e-06, 1.278486e-01, 5.871503e-03, 0.000000e+00, 0.000000, 2.000000e-01, 0, 0.127849, 5.871503e-03 
1.171651e-02, 2.893480e-03, 8.164613e-06, 7.406470e-05, 6.123459e-06, 2.791714e-03, 1.253851e-05, 8.747799e-07, 1.249988e-01, 2.541233e-04, 0.000000e+00, 0.000000, 2.000000e-01, 0, 0.124999, 2.541233e-04 
1.454992e-02, 2.833412e-03, 8.164613e-06, 7.348151e-05, 6.123459e-06, 2.731938e-03, 1.253851e-05, 1.166373e-06, 1.249923e-01, 1.081326e-04, 0.000000e+00, 0.000000, 1.000000e-01, 0, 0.124992, 1.081326e-04 
1.747198e-02, 2.922057e-03, 7.581426e-06, 8.543684e-05, 6.415053e-06, 2.808627e-03, 1.283011e-05, 1.166373e-06, 1.249643e-01, 3.988744e-04, 0.000000e+00, 0.000000, 5.000000e-02, 0, 0.124964, 3.988744e-04 
2.032085e-02, 2.848867e-03, 8.164613e-06, 7.493948e-05, 6.123459e-06, 2.745643e-03, 1.312170e-05, 8.747799e-07, 1.249596e-01, 3.738098e-04, 0.000000e+00, 0.000000, 2.500000e-02, 0, 0.124960, 3.738098e-04 
2.320237e-02, 2.881525e-03, 9.039393e-06, 7.814701e-05, 6.123459e-06, 2.774219e-03, 1.312170e-05, 8.747799e-07, 1.249454e-01, 1.511672e-04, 0.000000e+00, 0.000000, 2.500000e-02, 0, 0.124945, 1.511672e-04 
0.500000, 0, 0, 0, 0, 0, 0, 0, 0, 0, 0, 0, 0, 0, 0 ,0