TRM WS=1, MS=2, TRMstep=0: ub=0.800000, lb=0.200000, grow=2.000000,shrink=0.500000, b_w=2,b_m=4, lr=0.400000, lambda=0.000000, n=9, n0=2, n1=2, n2=1, sub_tol=0.001000, sub_maxit=1000, tol=1.000000e-08, m=4, nobias=0 
time, iter_t, subset_m_time, g_time, subset_w_time, p1_time, t2, t3, total error, total gmag, rho, sigma, gamma, step, approx error, approx gmag 
3.001661e-03, 3.001661e-03, 8.747799e-06, 8.252091e-05, 6.998239e-06, 2.886191e-03, 1.545445e-05, 1.749560e-06, 1.361772e-01, 1.058914e-02, 0.000000e+00, 0.000000, 4.000000e-01, 0, 0.136177, 1.058914e-02 
5.795417e-03, 2.793755e-03, 8.164613e-06, 7.581426e-05, 6.415053e-06, 2.689365e-03, 1.312170e-05, 8.747799e-07, 1.341803e-01, 9.551334e-03, 0.000000e+00, 0.000000, 4.000000e-01, 0, 0.134180, 9.551334e-03 
1.054635e-02, 4.750930e-03, 7.581426e-06, 7.464789e-05, 6.123459e-06, 4.636334e-03, 2.478543e-05, 1.457967e-06, 1.296395e-01, 6.938130e-03, 0.000000e+00, 0.000000, 4.000000e-01, 0, 0.129639, 6.938130e-03 
1.384835e-02, 3.302003e-03, 1.049736e-05, 9.564260e-05, 8.164613e-06, 3.170786e-03, 1.603763e-05, 8.747799e-07, 1.255578e-01, 2.470038e-03, 0.000000e+00, 0.000000, 4.000000e-01, 0, 0.125558, 2.470038e-03 
1.690075e-02, 3.052399e-03, 8.164613e-06, 7.435629e-05, 6.415053e-06, 2.948592e-03, 1.370489e-05, 1.166373e-06, 1.253896e-01, 2.018861e-03, 0.000000e+00, 0.000000, 2.000000e-01, 0, 0.125390, 2.018861e-03 
1.978169e-02, 2.880942e-03, 8.164613e-06, 8.106294e-05, 6.415053e-06, 2.771011e-03, 1.312170e-05, 1.166373e-06, 1.250017e-01, 3.424124e-05, 0.000000e+00, 0.000000, 1.000000e-01, 0, 0.125002, 3.424124e-05 
2.267575e-02, 2.894064e-03, 7.873019e-06, 7.435629e-05, 6.123459e-06, 2.790548e-03, 1.399648e-05, 1.166373e-06, 1.249805e-01, 4.582983e-05, 0.000000e+00, 0.000000, 5.000000e-02, 0, 0.124981, 4.582983e-05 
2.553774e-02, 2.861988e-03, 8.747799e-06, 8.135453e-05, 6.415053e-06, 2.751183e-03, 1.312170e-05, 1.166373e-06, 1.249700e-01, 6.533171e-05, 0.000000e+00, 0.000000, 5.000000e-02, 0, 0.124970, 6.533171e-05 
0.500000, 0, 0, 0, 0, 0, 0, 0, 0, 0, 0, 0, 0, 0, 0 ,0