TRM WS=1, MS=2, TRMstep=0: ub=0.800000, lb=0.200000, grow=2.000000,shrink=0.500000, b_w=2,b_m=4, lr=0.400000, lambda=0.000000, n=9, n0=2, n1=2, n2=1, sub_tol=0.001000, sub_maxit=1000, tol=1.000000e-08, m=4, nobias=0 
time, iter_t, subset_m_time, g_time, subset_w_time, p1_time, t2, t3, total error, total gmag, rho, sigma, gamma, step, approx error, approx gmag 
3.256514e-03, 3.256514e-03, 9.039393e-06, 8.368728e-05, 6.998239e-06, 3.138419e-03, 1.691241e-05, 1.457967e-06, 1.380491e-01, 1.112584e-02, 0.000000e+00, 0.000000, 4.000000e-01, 0, 0.138049, 1.112584e-02 
6.215603e-03, 2.959089e-03, 1.108055e-05, 8.193772e-05, 7.289833e-06, 2.843618e-03, 1.399648e-05, 1.166373e-06, 1.372438e-01, 1.055355e-02, 0.000000e+00, 0.000000, 2.000000e-01, 0, 0.137244, 1.055355e-02 
9.242633e-03, 3.027030e-03, 8.456206e-06, 8.018816e-05, 6.415053e-06, 2.918266e-03, 1.283011e-05, 8.747799e-07, 1.333811e-01, 9.081549e-03, 0.000000e+00, 0.000000, 2.000000e-01, 0, 0.133381, 9.081549e-03 
1.219472e-02, 2.952091e-03, 7.873019e-06, 9.068552e-05, 6.415053e-06, 2.833412e-03, 1.283011e-05, 8.747799e-07, 1.283892e-01, 5.959596e-03, 0.000000e+00, 0.000000, 2.000000e-01, 0, 0.128389, 5.959596e-03 
1.496078e-02, 2.766054e-03, 7.581426e-06, 7.464789e-05, 5.831866e-06, 2.664288e-03, 1.283011e-05, 8.747799e-07, 1.279627e-01, 5.462565e-03, 0.000000e+00, 0.000000, 1.000000e-01, 0, 0.127963, 5.462565e-03 
1.786330e-02, 2.902520e-03, 7.873019e-06, 7.406470e-05, 5.831866e-06, 2.800171e-03, 1.370489e-05, 8.747799e-07, 1.277138e-01, 5.149040e-03, 0.000000e+00, 0.000000, 5.000000e-02, 0, 0.127714, 5.149040e-03 
2.065618e-02, 2.792881e-03, 8.747799e-06, 8.222931e-05, 6.706646e-06, 2.681492e-03, 1.283011e-05, 8.747799e-07, 1.275485e-01, 4.936812e-03, 0.000000e+00, 0.000000, 2.500000e-02, 0, 0.127549, 4.936812e-03 
2.342602e-02, 2.769845e-03, 8.164613e-06, 7.406470e-05, 6.123459e-06, 2.667496e-03, 1.312170e-05, 8.747799e-07, 1.271439e-01, 4.515158e-03, 0.000000e+00, 0.000000, 2.500000e-02, 0, 0.127144, 4.515158e-03 
0.500000, 0, 0, 0, 0, 0, 0, 0, 0, 0, 0, 0, 0, 0, 0 ,0