TRM WS=1, MS=2, TRMstep=0: ub=0.800000, lb=0.200000, grow=2.000000,shrink=0.500000, b_w=2,b_m=4, lr=0.400000, lambda=0.000000, n=9, n0=2, n1=2, n2=1, sub_tol=0.001000, sub_maxit=1000, tol=1.000000e-08, m=4, nobias=0 
time, iter_t, subset_m_time, g_time, subset_w_time, p1_time, t2, t3, total error, total gmag, rho, sigma, gamma, step, approx error, approx gmag 
3.400853e-03, 3.400853e-03, 9.622579e-06, 8.397887e-05, 7.873019e-06, 3.280133e-03, 1.778719e-05, 1.457967e-06, 1.296920e-01, 7.166665e-03, 0.000000e+00, 0.000000, 4.000000e-01, 0, 0.129692, 7.166665e-03 
6.448294e-03, 3.047442e-03, 9.330986e-06, 8.077135e-05, 7.873019e-06, 2.934012e-03, 1.428807e-05, 1.166373e-06, 1.264800e-01, 4.047623e-03, 0.000000e+00, 0.000000, 4.000000e-01, 0, 0.126480, 4.047623e-03 
1.022122e-02, 3.772926e-03, 8.747799e-06, 8.077135e-05, 6.706646e-06, 3.659496e-03, 1.574604e-05, 1.457967e-06, 1.261167e-01, 3.516738e-03, 0.000000e+00, 0.000000, 2.000000e-01, 0, 0.126117, 3.516738e-03 
1.353080e-02, 3.309584e-03, 1.078895e-05, 8.281250e-05, 7.581426e-06, 3.193238e-03, 1.428807e-05, 8.747799e-07, 1.250697e-01, 1.507537e-04, 0.000000e+00, 0.000000, 2.000000e-01, 0, 0.125070, 1.507537e-04 
1.664385e-02, 3.113050e-03, 1.982834e-05, 8.689481e-05, 6.706646e-06, 2.985624e-03, 1.283011e-05, 1.166373e-06, 1.250649e-01, 9.220539e-05, 0.000000e+00, 0.000000, 1.000000e-01, 0, 0.125065, 9.220539e-05 
1.955745e-02, 2.913600e-03, 7.873019e-06, 7.552267e-05, 6.123459e-06, 2.810376e-03, 1.283011e-05, 8.747799e-07, 1.250208e-01, 1.197104e-04, 0.000000e+00, 0.000000, 5.000000e-02, 0, 0.125021, 1.197104e-04 
2.284138e-02, 3.283924e-03, 8.164613e-06, 7.435629e-05, 6.415053e-06, 3.179242e-03, 1.457967e-05, 1.166373e-06, 1.250150e-01, 5.623349e-05, 0.000000e+00, 0.000000, 2.500000e-02, 0, 0.125015, 5.623349e-05 
2.584391e-02, 3.002536e-03, 9.622579e-06, 8.106294e-05, 6.706646e-06, 2.890856e-03, 1.312170e-05, 1.166373e-06, 1.250141e-01, 5.538530e-05, 0.000000e+00, 0.000000, 2.500000e-02, 0, 0.125014, 5.538530e-05 
0.750000, 0, 0, 0, 0, 0, 0, 0, 0, 0, 0, 0, 0, 0, 0 ,0