TRM WS=1, MS=2, TRMstep=0: ub=0.800000, lb=0.200000, grow=2.000000,shrink=0.500000, b_w=2,b_m=4, lr=0.400000, lambda=0.000000, n=9, n0=2, n1=2, n2=1, sub_tol=0.001000, sub_maxit=1000, tol=1.000000e-08, m=4, nobias=0 
time, iter_t, subset_m_time, g_time, subset_w_time, p1_time, t2, t3, total error, total gmag, rho, sigma, gamma, step, approx error, approx gmag 
3.029946e-03, 3.029946e-03, 8.747799e-06, 8.281250e-05, 6.998239e-06, 2.913600e-03, 1.662082e-05, 1.166373e-06, 1.298118e-01, 7.250801e-03, 0.000000e+00, 0.000000, 4.000000e-01, 0, 0.129812, 7.250801e-03 
6.522359e-03, 3.492413e-03, 8.747799e-06, 8.135453e-05, 6.706646e-06, 3.380441e-03, 1.370489e-05, 1.457967e-06, 1.263109e-01, 3.819189e-03, 0.000000e+00, 0.000000, 4.000000e-01, 0, 0.126311, 3.819189e-03 
9.411757e-03, 2.889398e-03, 8.164613e-06, 7.552267e-05, 6.123459e-06, 2.784716e-03, 1.370489e-05, 1.166373e-06, 1.260902e-01, 3.477558e-03, 0.000000e+00, 0.000000, 2.000000e-01, 0, 0.126090, 3.477558e-03 
1.225829e-02, 2.846534e-03, 8.164613e-06, 7.552267e-05, 6.123459e-06, 2.743310e-03, 1.253851e-05, 8.747799e-07, 1.250424e-01, 3.602244e-04, 0.000000e+00, 0.000000, 2.000000e-01, 0, 0.125042, 3.602244e-04 
1.507479e-02, 2.816500e-03, 8.164613e-06, 7.406470e-05, 6.123459e-06, 2.713859e-03, 1.312170e-05, 1.166373e-06, 1.250175e-01, 5.115612e-05, 0.000000e+00, 0.000000, 1.000000e-01, 0, 0.125018, 5.115612e-05 
1.789391e-02, 2.819124e-03, 7.873019e-06, 7.523107e-05, 6.123459e-06, 2.715608e-03, 1.312170e-05, 1.166373e-06, 1.250185e-01, 5.280072e-05, 0.000000e+00, 0.000000, 5.000000e-02, 0, 0.125019, 5.280072e-05 
2.071945e-02, 2.825539e-03, 8.164613e-06, 7.464789e-05, 5.831866e-06, 2.722607e-03, 1.312170e-05, 1.166373e-06, 1.250135e-01, 4.121077e-05, 0.000000e+00, 0.000000, 2.500000e-02, 0, 0.125013, 4.121077e-05 
2.364268e-02, 2.923223e-03, 8.456206e-06, 7.493948e-05, 6.415053e-06, 2.819124e-03, 1.312170e-05, 1.166373e-06, 1.250112e-01, 3.960425e-05, 0.000000e+00, 0.000000, 2.500000e-02, 0, 0.125011, 3.960425e-05 
0.500000, 0, 0, 0, 0, 0, 0, 0, 0, 0, 0, 0, 0, 0, 0 ,0