TRM WS=1, MS=2, TRMstep=0: ub=0.800000, lb=0.200000, grow=2.000000,shrink=0.500000, b_w=2,b_m=4, lr=0.400000, lambda=0.000000, n=9, n0=2, n1=2, n2=1, sub_tol=0.001000, sub_maxit=1000, tol=1.000000e-08, m=4, nobias=0 
time, iter_t, subset_m_time, g_time, subset_w_time, p1_time, t2, t3, total error, total gmag, rho, sigma, gamma, step, approx error, approx gmag 
3.089723e-03, 3.089723e-03, 9.622579e-06, 8.339569e-05, 7.289833e-06, 2.972211e-03, 1.603763e-05, 1.166373e-06, 1.350517e-01, 1.034463e-02, 0.000000e+00, 0.000000, 4.000000e-01, 0, 0.135052, 1.034463e-02 
5.986702e-03, 2.896980e-03, 8.456206e-06, 7.581426e-05, 6.998239e-06, 2.790840e-03, 1.370489e-05, 1.166373e-06, 1.287239e-01, 6.674518e-03, 0.000000e+00, 0.000000, 4.000000e-01, 0, 0.128724, 6.674518e-03 
9.122497e-03, 3.135794e-03, 8.164613e-06, 7.435629e-05, 6.123459e-06, 3.032570e-03, 1.312170e-05, 1.457967e-06, 1.277834e-01, 5.650411e-03, 0.000000e+00, 0.000000, 2.000000e-01, 0, 0.127783, 5.650411e-03 
1.194716e-02, 2.824664e-03, 8.164613e-06, 7.493948e-05, 6.415053e-06, 2.721440e-03, 1.283011e-05, 8.747799e-07, 1.256086e-01, 2.691657e-03, 0.000000e+00, 0.000000, 2.000000e-01, 0, 0.125609, 2.691657e-03 
1.481148e-02, 2.864321e-03, 7.873019e-06, 7.493948e-05, 6.123459e-06, 2.760514e-03, 1.370489e-05, 1.166373e-06, 1.251040e-01, 1.174045e-03, 0.000000e+00, 0.000000, 1.000000e-01, 0, 0.125104, 1.174045e-03 
1.764781e-02, 2.836328e-03, 1.020577e-05, 8.018816e-05, 6.706646e-06, 2.725523e-03, 1.283011e-05, 8.747799e-07, 1.249666e-01, 1.065443e-04, 0.000000e+00, 0.000000, 5.000000e-02, 0, 0.124967, 1.065443e-04 
2.044098e-02, 2.793172e-03, 8.164613e-06, 7.464789e-05, 6.123459e-06, 2.690240e-03, 1.312170e-05, 8.747799e-07, 1.249577e-01, 1.516257e-04, 0.000000e+00, 0.000000, 2.500000e-02, 0, 0.124958, 1.516257e-04 
2.376806e-02, 3.327080e-03, 7.873019e-06, 7.377311e-05, 6.123459e-06, 3.224147e-03, 1.428807e-05, 8.747799e-07, 1.249571e-01, 9.076823e-05, 0.000000e+00, 0.000000, 2.500000e-02, 0, 0.124957, 9.076823e-05 
0.500000, 0, 0, 0, 0, 0, 0, 0, 0, 0, 0, 0, 0, 0, 0 ,0