TRM WS=1, MS=2, TRMstep=0: ub=0.800000, lb=0.200000, grow=2.000000,shrink=0.500000, b_w=2,b_m=4, lr=0.400000, lambda=0.000000, n=9, n0=2, n1=2, n2=1, sub_tol=0.001000, sub_maxit=1000, tol=1.000000e-08, m=4, nobias=0 
time, iter_t, subset_m_time, g_time, subset_w_time, p1_time, t2, t3, total error, total gmag, rho, sigma, gamma, step, approx error, approx gmag 
3.437010e-03, 3.437010e-03, 9.914172e-06, 8.252091e-05, 7.581426e-06, 3.318040e-03, 1.749560e-05, 1.457967e-06, 1.300736e-01, 7.643601e-03, 0.000000e+00, 0.000000, 4.000000e-01, 0, 0.130074, 7.643601e-03 
6.380062e-03, 2.943051e-03, 9.039393e-06, 8.135453e-05, 7.581426e-06, 2.829330e-03, 1.457967e-05, 1.166373e-06, 1.284092e-01, 6.307949e-03, 0.000000e+00, 0.000000, 4.000000e-01, 0, 0.128409, 6.307949e-03 
9.413798e-03, 3.033737e-03, 9.039393e-06, 8.106294e-05, 6.706646e-06, 2.921473e-03, 1.399648e-05, 1.457967e-06, 1.276783e-01, 5.830722e-03, 0.000000e+00, 0.000000, 2.000000e-01, 0, 0.127678, 5.830722e-03 
1.256476e-02, 3.150957e-03, 8.456206e-06, 8.018816e-05, 6.706646e-06, 3.039569e-03, 1.457967e-05, 1.457967e-06, 1.250172e-01, 2.980594e-04, 0.000000e+00, 0.000000, 2.000000e-01, 0, 0.125017, 2.980594e-04 
1.582652e-02, 3.261763e-03, 1.108055e-05, 8.193772e-05, 6.998239e-06, 3.146292e-03, 1.399648e-05, 1.457967e-06, 1.250098e-01, 6.441657e-05, 0.000000e+00, 0.000000, 1.000000e-01, 0, 0.125010, 6.441657e-05 
1.889262e-02, 3.066104e-03, 8.747799e-06, 8.077135e-05, 6.998239e-06, 2.954715e-03, 1.399648e-05, 8.747799e-07, 1.250029e-01, 3.118824e-05, 0.000000e+00, 0.000000, 5.000000e-02, 0, 0.125003, 3.118824e-05 
2.190186e-02, 3.009243e-03, 8.747799e-06, 8.077135e-05, 6.415053e-06, 2.898729e-03, 1.370489e-05, 8.747799e-07, 1.249971e-01, 3.585288e-05, 0.000000e+00, 0.000000, 2.500000e-02, 0, 0.124997, 3.585288e-05 
2.481051e-02, 2.908643e-03, 8.456206e-06, 7.989657e-05, 6.415053e-06, 2.799296e-03, 1.370489e-05, 8.747799e-07, 1.249929e-01, 3.542451e-05, 0.000000e+00, 0.000000, 2.500000e-02, 0, 0.124993, 3.542451e-05 
0.500000, 0, 0, 0, 0, 0, 0, 0, 0, 0, 0, 0, 0, 0, 0 ,0