TRM WS=1, MS=2, TRMstep=0: ub=0.800000, lb=0.200000, grow=2.000000,shrink=0.500000, b_w=2,b_m=4, lr=0.400000, lambda=0.000000, n=9, n0=2, n1=2, n2=1, sub_tol=0.001000, sub_maxit=1000, tol=1.000000e-08, m=4, nobias=0 
time, iter_t, subset_m_time, g_time, subset_w_time, p1_time, t2, t3, total error, total gmag, rho, sigma, gamma, step, approx error, approx gmag 
3.698570e-03, 3.698570e-03, 9.622579e-06, 8.514525e-05, 7.289833e-06, 3.577558e-03, 1.749560e-05, 1.457967e-06, 1.300736e-01, 7.643601e-03, 0.000000e+00, 0.000000, 4.000000e-01, 0, 0.130074, 7.643601e-03 
6.578637e-03, 2.880067e-03, 9.039393e-06, 7.581426e-05, 7.289833e-06, 2.771886e-03, 1.428807e-05, 1.749560e-06, 1.292697e-01, 7.045640e-03, 0.000000e+00, 0.000000, 2.000000e-01, 0, 0.129270, 7.045640e-03 
9.451122e-03, 2.872486e-03, 8.164613e-06, 7.464789e-05, 6.123459e-06, 2.769553e-03, 1.312170e-05, 8.747799e-07, 1.277585e-01, 5.745537e-03, 0.000000e+00, 0.000000, 2.000000e-01, 0, 0.127759, 5.745537e-03 
1.246007e-02, 3.008951e-03, 7.873019e-06, 7.377311e-05, 6.123459e-06, 2.906894e-03, 1.341329e-05, 8.747799e-07, 1.252415e-01, 2.059362e-03, 0.000000e+00, 0.000000, 2.000000e-01, 0, 0.125242, 2.059362e-03 
1.526870e-02, 2.808627e-03, 1.049736e-05, 7.493948e-05, 6.415053e-06, 2.702487e-03, 1.312170e-05, 1.166373e-06, 1.249174e-01, 3.774399e-04, 0.000000e+00, 0.000000, 1.000000e-01, 0, 0.124917, 3.774399e-04 
1.804729e-02, 2.778593e-03, 7.873019e-06, 7.464789e-05, 6.123459e-06, 2.675952e-03, 1.312170e-05, 8.747799e-07, 1.248942e-01, 1.461055e-04, 0.000000e+00, 0.000000, 5.000000e-02, 0, 0.124894, 1.461055e-04 
2.152717e-02, 3.479875e-03, 8.164613e-06, 7.464789e-05, 6.123459e-06, 3.375484e-03, 1.428807e-05, 1.166373e-06, 1.248583e-01, 1.898964e-04, 0.000000e+00, 0.000000, 2.500000e-02, 0, 0.124858, 1.898964e-04 
2.444398e-02, 2.916808e-03, 9.622579e-06, 8.047975e-05, 6.998239e-06, 2.806002e-03, 1.253851e-05, 1.166373e-06, 1.248529e-01, 1.714898e-04, 0.000000e+00, 0.000000, 2.500000e-02, 0, 0.124853, 1.714898e-04 
0.750000, 0, 0, 0, 0, 0, 0, 0, 0, 0, 0, 0, 0, 0, 0 ,0