TRM WS=1, MS=2, TRMstep=0: ub=0.800000, lb=0.200000, grow=2.000000,shrink=0.500000, b_w=2,b_m=4, lr=0.400000, lambda=0.000000, n=9, n0=2, n1=2, n2=1, sub_tol=0.001000, sub_maxit=1000, tol=1.000000e-08, m=4, nobias=0 
time, iter_t, subset_m_time, g_time, subset_w_time, p1_time, t2, t3, total error, total gmag, rho, sigma, gamma, step, approx error, approx gmag 
3.409892e-03, 3.409892e-03, 1.049736e-05, 9.301826e-05, 7.873019e-06, 3.278092e-03, 1.895356e-05, 1.457967e-06, 1.391073e-01, 1.177187e-02, 0.000000e+00, 0.000000, 4.000000e-01, 0, 0.139107, 1.177187e-02 
7.026816e-03, 3.616923e-03, 9.330986e-06, 9.156030e-05, 8.164613e-06, 3.486290e-03, 1.662082e-05, 4.957086e-06, 1.326764e-01, 9.047848e-03, 0.000000e+00, 0.000000, 4.000000e-01, 0, 0.132676, 9.047848e-03 
1.070789e-02, 3.681074e-03, 9.914172e-06, 9.389304e-05, 7.289833e-06, 3.553064e-03, 1.574604e-05, 1.166373e-06, 1.281275e-01, 5.973789e-03, 0.000000e+00, 0.000000, 4.000000e-01, 0, 0.128127, 5.973789e-03 
1.428166e-02, 3.573768e-03, 1.020577e-05, 9.535101e-05, 7.581426e-06, 3.442842e-03, 1.662082e-05, 1.166373e-06, 1.253002e-01, 1.881528e-03, 0.000000e+00, 0.000000, 4.000000e-01, 0, 0.125300, 1.881528e-03 
1.826045e-02, 3.978791e-03, 2.245268e-05, 1.061400e-04, 8.164613e-06, 3.821039e-03, 1.953675e-05, 1.457967e-06, 1.251811e-01, 1.322641e-03, 0.000000e+00, 0.000000, 2.000000e-01, 0, 0.125181, 1.322641e-03 
2.214622e-02, 3.885772e-03, 1.049736e-05, 1.110970e-04, 1.049736e-05, 3.739101e-03, 1.341329e-05, 1.166373e-06, 1.250062e-01, 3.106564e-05, 0.000000e+00, 0.000000, 1.000000e-01, 0, 0.125006, 3.106564e-05 
2.609702e-02, 3.950798e-03, 8.456206e-06, 9.476782e-05, 1.137214e-05, 3.818998e-03, 1.603763e-05, 1.166373e-06, 1.249977e-01, 1.508134e-05, 0.000000e+00, 0.000000, 5.000000e-02, 0, 0.124998, 1.508134e-05 
2.969674e-02, 3.599719e-03, 1.078895e-05, 9.885013e-05, 7.873019e-06, 3.465878e-03, 1.516285e-05, 1.166373e-06, 1.249979e-01, 1.278001e-05, 0.000000e+00, 0.000000, 5.000000e-02, 0, 0.124998, 1.278001e-05 
0.500000, 0, 0, 0, 0, 0, 0, 0, 0, 0, 0, 0, 0, 0, 0 ,0