TRM WS=1, MS=2, TRMstep=0: ub=0.800000, lb=0.200000, grow=2.000000,shrink=0.500000, b_w=2,b_m=4, lr=0.400000, lambda=0.000000, n=9, n0=2, n1=2, n2=1, sub_tol=0.001000, sub_maxit=1000, tol=1.000000e-08, m=4, nobias=0 
time, iter_t, subset_m_time, g_time, subset_w_time, p1_time, t2, t3, total error, total gmag, rho, sigma, gamma, step, approx error, approx gmag 
3.107801e-03, 3.107801e-03, 9.330986e-06, 8.281250e-05, 7.581426e-06, 2.989998e-03, 1.632923e-05, 1.749560e-06, 1.293736e-01, 6.918433e-03, 0.000000e+00, 0.000000, 4.000000e-01, 0, 0.129374, 6.918433e-03 
5.950836e-03, 2.843035e-03, 8.747799e-06, 7.523107e-05, 6.706646e-06, 2.732812e-03, 1.837038e-05, 1.166373e-06, 1.282826e-01, 5.923817e-03, 0.000000e+00, 0.000000, 4.000000e-01, 0, 0.128283, 5.923817e-03 
8.760629e-03, 2.809793e-03, 8.164613e-06, 7.493948e-05, 6.123459e-06, 2.701612e-03, 1.749560e-05, 1.457967e-06, 1.277364e-01, 5.309831e-03, 0.000000e+00, 0.000000, 2.000000e-01, 0, 0.127736, 5.309831e-03 
1.181915e-02, 3.058522e-03, 8.164613e-06, 7.464789e-05, 6.123459e-06, 2.955007e-03, 1.341329e-05, 1.166373e-06, 1.249169e-01, 3.258737e-04, 0.000000e+00, 0.000000, 2.000000e-01, 0, 0.124917, 3.258737e-04 
1.497944e-02, 3.160288e-03, 9.039393e-06, 8.106294e-05, 7.581426e-06, 3.048025e-03, 1.312170e-05, 1.457967e-06, 1.248975e-01, 3.402452e-04, 0.000000e+00, 0.000000, 1.000000e-01, 0, 0.124898, 3.402452e-04 
1.777028e-02, 2.790840e-03, 8.164613e-06, 7.406470e-05, 6.123459e-06, 2.688490e-03, 1.312170e-05, 8.747799e-07, 1.248739e-01, 3.618980e-04, 0.000000e+00, 0.000000, 5.000000e-02, 0, 0.124874, 3.618980e-04 
2.053896e-02, 2.768678e-03, 7.873019e-06, 7.493948e-05, 6.123459e-06, 2.666329e-03, 1.253851e-05, 8.747799e-07, 1.248672e-01, 4.204224e-04, 0.000000e+00, 0.000000, 2.500000e-02, 0, 0.124867, 4.204224e-04 
2.331172e-02, 2.772761e-03, 7.581426e-06, 7.435629e-05, 6.123459e-06, 2.670703e-03, 1.312170e-05, 8.747799e-07, 1.248525e-01, 3.859412e-04, 0.000000e+00, 0.000000, 2.500000e-02, 0, 0.124852, 3.859412e-04 
0.500000, 0, 0, 0, 0, 0, 0, 0, 0, 0, 0, 0, 0, 0, 0 ,0