TRM WS=1, MS=2, TRMstep=0: ub=0.800000, lb=0.200000, grow=2.000000,shrink=0.500000, b_w=2,b_m=4, lr=0.400000, lambda=0.000000, n=9, n0=2, n1=2, n2=1, sub_tol=0.001000, sub_maxit=1000, tol=1.000000e-08, m=4, nobias=0 
time, iter_t, subset_m_time, g_time, subset_w_time, p1_time, t2, t3, total error, total gmag, rho, sigma, gamma, step, approx error, approx gmag 
2.945384e-03, 2.945384e-03, 9.039393e-06, 7.610585e-05, 7.289833e-06, 2.836037e-03, 1.574604e-05, 1.166373e-06, 1.436430e-01, 1.318847e-02, 0.000000e+00, 0.000000, 4.000000e-01, 0, 0.143643, 1.318847e-02 
6.132499e-03, 3.187115e-03, 1.108055e-05, 8.922755e-05, 7.289833e-06, 3.064354e-03, 1.370489e-05, 1.457967e-06, 1.372055e-01, 1.113666e-02, 0.000000e+00, 0.000000, 4.000000e-01, 0, 0.137206, 1.113666e-02 
9.071176e-03, 2.938677e-03, 8.747799e-06, 7.581426e-05, 6.415053e-06, 2.832829e-03, 1.399648e-05, 8.747799e-07, 1.258926e-01, 3.443756e-03, 0.000000e+00, 0.000000, 4.000000e-01, 0, 0.125893, 3.443756e-03 
1.187339e-02, 2.802212e-03, 7.873019e-06, 7.552267e-05, 6.123459e-06, 2.699279e-03, 1.283011e-05, 5.831866e-07, 1.248302e-01, 2.160118e-04, 0.000000e+00, 0.000000, 4.000000e-01, 0, 0.124830, 2.160118e-04 
1.465898e-02, 2.785591e-03, 7.873019e-06, 7.581426e-05, 6.415053e-06, 2.681200e-03, 1.283011e-05, 1.457967e-06, 1.248011e-01, 2.211894e-04, 0.000000e+00, 0.000000, 2.000000e-01, 0, 0.124801, 2.211894e-04 
1.747110e-02, 2.812126e-03, 7.581426e-06, 7.581426e-05, 6.123459e-06, 2.707444e-03, 1.399648e-05, 1.166373e-06, 1.247400e-01, 2.597281e-04, 0.000000e+00, 0.000000, 1.000000e-01, 0, 0.124740, 2.597281e-04 
2.045877e-02, 2.987665e-03, 1.049736e-05, 8.951915e-05, 7.289833e-06, 2.866071e-03, 1.312170e-05, 1.166373e-06, 1.247056e-01, 4.515476e-04, 0.000000e+00, 0.000000, 5.000000e-02, 0, 0.124706, 4.515476e-04 
2.325311e-02, 2.794339e-03, 7.581426e-06, 7.523107e-05, 5.831866e-06, 2.691406e-03, 1.312170e-05, 1.166373e-06, 1.246564e-01, 3.822499e-04, 0.000000e+00, 0.000000, 5.000000e-02, 0, 0.124656, 3.822499e-04 
0.500000, 0, 0, 0, 0, 0, 0, 0, 0, 0, 0, 0, 0, 0, 0 ,0