TRM WS=1, MS=0, TRMstep=1: ub=0.800000, lb=0.200000, grow=2.000000,shrink=0.500000, b_w=2,b_m=2, lr=1.000000, lambda=0.000000, n=9, n0=2, n1=2, n2=1, sub_tol=0.001000, sub_maxit=1000, tol=1.000000e-08, m=4, nobias=0 
time, iter_t, subset_m_time, g_time, subset_w_time, p1_time, t2, t3, total error, total gmag, rho, sigma, gamma, step, approx error, approx gmag 
7.491615e-03, 7.491615e-03, 0, 1.842870e-04, 1.568772e-04, 4.786504e-03, 1.122051e-03, 1.241896e-03, 1.251603e-01, 5.745822e-04, 9.952866e-01, -0.000083, 2.000000e+00, 1, 0.125160, 5.745822e-04 
1.182236e-02, 4.330744e-03, 0, 1.017661e-04, 9.914172e-06, 2.875985e-03, 1.261433e-03, 8.164613e-05, 1.250780e-01, 1.433300e-04, 1.033762e+00, -0.000046, 2.000000e+00, 0, 0.125078, 1.433300e-04 
1.594870e-02, 4.126337e-03, 0, 8.427047e-05, 6.706646e-06, 2.693156e-03, 1.249477e-03, 9.272667e-05, 1.250305e-01, 1.776752e-04, 1.492480e+00, -0.001109, 4.000000e+00, 1, 0.125031, 1.776752e-04 
2.053692e-02, 4.588221e-03, 0, 8.602003e-05, 6.706646e-06, 2.718524e-03, 1.685701e-03, 9.126870e-05, 1.233761e-01, 1.282635e-03, 9.880048e-01, -0.000118, 4.000000e+00, 0, 0.123376, 1.282635e-03 
2.494814e-02, 4.411224e-03, 0, 8.747799e-05, 7.289833e-06, 2.916808e-03, 1.327333e-03, 7.231514e-05, 1.232596e-01, 1.047146e-03, 7.904541e-01, -0.001650, 4.000000e+00, 0, 0.123260, 1.047146e-03 
2.916954e-02, 4.221396e-03, 0, 9.185189e-05, 6.998239e-06, 2.725814e-03, 1.243354e-03, 1.533781e-04, 1.219555e-01, 1.677892e-03, 9.533541e-01, -0.004044, 4.000000e+00, 0, 0.121956, 1.677892e-03 
3.336002e-02, 4.190487e-03, 0, 8.631162e-05, 6.998239e-06, 2.705111e-03, 1.252102e-03, 1.399648e-04, 1.181000e-01, 4.705020e-03, 9.640053e-01, -0.002312, 4.000000e+00, 0, 0.118100, 4.705020e-03 
3.824596e-02, 4.885937e-03, 0, 8.572843e-05, 6.998239e-06, 3.312792e-03, 1.322667e-03, 1.577520e-04, 1.158715e-01, 2.111407e-03, 1.058560e+00, -0.003378, 4.123180e+00, 0, 0.115871, 2.111407e-03 
4.221396e-02, 3.968002e-03, 0, 8.864437e-05, 7.581426e-06, 2.718524e-03, 1.081228e-03, 7.202355e-05, 1.122960e-01, 2.693103e-03, 2.058272e-01, -0.005020, 4.123180e+00, 1, 0.112296, 2.693103e-03 
4.647356e-02, 4.259595e-03, 0, 9.360145e-05, 7.289833e-06, 2.831663e-03, 1.238688e-03, 8.835277e-05, 1.112628e-01, 5.101858e-03, 8.583357e-01, -0.007176, 4.123180e+00, 0, 0.111263, 5.101858e-03 
5.095943e-02, 4.485871e-03, 0, 8.456206e-05, 6.706646e-06, 2.689365e-03, 1.597640e-03, 1.075979e-04, 1.051035e-01, 3.529868e-03, 1.240243e+00, -0.003121, 4.123180e+00, 0, 0.105104, 3.529868e-03 
5.570978e-02, 4.750347e-03, 0, 9.651738e-05, 7.581426e-06, 3.005744e-03, 1.445136e-03, 1.953675e-04, 1.012324e-01, 2.498771e-03, 8.383085e-01, -0.000476, 8.246360e+00, 1, 0.101232, 2.498771e-03 
6.058697e-02, 4.877190e-03, 0, 1.029324e-04, 8.164613e-06, 3.146000e-03, 1.593557e-03, 2.653499e-05, 1.008337e-01, 3.191672e-03, 9.726086e-01, -0.003317, 8.246360e+00, 0, 0.100834, 3.191672e-03 
6.587443e-02, 5.287461e-03, 0, 1.102223e-04, 8.747799e-06, 3.334661e-03, 1.710778e-03, 1.230524e-04, 9.760737e-02, 3.308863e-03, -1.681022e-01, 0.044947, 4.123180e+00, 1, 0.097607, 3.308863e-03 
7.071633e-02, 4.841907e-03, 0, 1.169289e-04, 8.747799e-06, 3.217149e-03, 1.476629e-03, 2.245268e-05, 9.760737e-02, 3.308863e-03, 1.041924e+00, -0.000973, 4.123180e+00, 0, 0.097607, 3.308863e-03 
7.536812e-02, 4.651788e-03, 0, 9.564260e-05, 7.289833e-06, 3.027905e-03, 1.497623e-03, 2.332746e-05, 9.659359e-02, 3.036517e-03, 1.019439e+00, -0.000037, 4.123180e+00, 0, 0.096594, 3.036517e-03 
8.051183e-02, 5.143706e-03, 0, 1.017661e-04, 8.164613e-06, 3.340493e-03, 1.667914e-03, 2.536862e-05, 9.655626e-02, 3.171568e-03, 9.568989e-01, -0.000026, 4.123180e+00, 0, 0.096556, 3.171568e-03 
8.509947e-02, 4.587637e-03, 0, 1.151794e-04, 7.289833e-06, 3.101678e-03, 1.344828e-03, 1.866197e-05, 9.653156e-02, 3.256955e-03, 4.757736e-01, -0.008603, 4.123180e+00, 0, 0.096532, 3.256955e-03 
8.944304e-02, 4.343574e-03, 0, 9.156030e-05, 7.289833e-06, 2.983000e-03, 1.150627e-03, 1.110970e-04, 9.243848e-02, 5.970725e-03, 1.093264e-01, -0.011651, 2.061590e+00, 1, 0.092438, 5.970725e-03 
9.367056e-02, 4.227520e-03, 0, 8.689481e-05, 6.706646e-06, 2.787340e-03, 1.326166e-03, 2.041153e-05, 9.243848e-02, 5.970725e-03, 2.270259e+00, -0.001271, 4.123180e+00, 1, 0.092438, 5.970725e-03 
9.832235e-02, 4.651788e-03, 0, 8.718640e-05, 7.027399e-05, 3.097887e-03, 1.374571e-03, 2.186950e-05, 8.955319e-02, 6.453548e-03, 1.076450e+00, -0.002429, 4.329618e+00, 0, 0.089553, 6.453548e-03 
1.028651e-01, 4.542732e-03, 0, 9.360145e-05, 1.361741e-04, 2.929930e-03, 1.361449e-03, 2.157790e-05, 8.693827e-02, 6.385180e-03, 1.211542e+00, -0.002647, 4.329618e+00, 0, 0.086938, 6.385180e-03 
1.073049e-01, 4.439800e-03, 0, 9.330986e-05, 7.202355e-05, 2.918266e-03, 1.350077e-03, 6.123459e-06, 8.373108e-02, 7.047361e-03, -3.931348e-01, 0.008305, 2.164809e+00, 1, 0.083731, 7.047361e-03 
1.119695e-01, 4.664618e-03, 0, 1.029324e-04, 7.464789e-05, 3.207526e-03, 1.258517e-03, 2.099472e-05, 8.373108e-02, 7.047361e-03, 1.010197e+00, -0.007966, 3.215471e+00, 0, 0.083731, 7.047361e-03 
1.163580e-01, 4.388479e-03, 0, 8.602003e-05, 6.969080e-05, 2.924681e-03, 1.288259e-03, 1.982834e-05, 7.568370e-02, 2.224256e-03, 1.026864e+00, -0.002442, 3.215471e+00, 0, 0.075684, 2.224256e-03 
1.205216e-01, 4.163661e-03, 0, 8.572843e-05, 7.289833e-06, 2.811543e-03, 1.239563e-03, 1.953675e-05, 7.317622e-02, 2.664369e-03, 1.010591e+00, -0.000295, 3.215471e+00, 0, 0.073176, 2.664369e-03 
1.246856e-01, 4.163952e-03, 0, 8.397887e-05, 7.289833e-06, 2.679742e-03, 1.372821e-03, 2.011994e-05, 7.287818e-02, 2.856673e-03, 7.860374e-01, -0.010250, 3.215471e+00, 0, 0.072878, 2.856673e-03 
1.287682e-01, 4.082598e-03, 0, 2.017826e-04, 7.289833e-06, 2.732521e-03, 1.064316e-03, 7.668904e-05, 6.482108e-02, 6.902004e-03, -4.397311e-01, -0.041545, 1.607735e+00, 1, 0.064821, 6.902004e-03 
1.328948e-01, 4.126628e-03, 0, 1.781635e-04, 6.706646e-06, 2.684991e-03, 1.237230e-03, 1.953675e-05, 6.482108e-02, 6.902004e-03, 1.215709e+00, -0.004486, 3.215471e+00, 1, 0.064821, 6.902004e-03 
1.369092e-01, 4.014365e-03, 0, 8.427047e-05, 6.706646e-06, 2.667496e-03, 1.236356e-03, 1.953675e-05, 5.936768e-02, 4.790237e-03, 1.171956e+00, -0.001514, 3.215471e+00, 0, 0.059368, 4.790237e-03 
1.411810e-01, 4.271842e-03, 0, 8.514525e-05, 6.706646e-06, 2.867820e-03, 1.307213e-03, 4.957086e-06, 5.759278e-02, 6.197502e-03, -2.629334e-01, 0.012767, 1.607735e+00, 1, 0.057593, 6.197502e-03 
1.453039e-01, 4.122838e-03, 0, 8.543684e-05, 6.998239e-06, 2.690823e-03, 1.317419e-03, 2.216109e-05, 5.759278e-02, 6.197502e-03, 1.145778e+00, -0.000680, 2.714189e+00, 0, 0.057593, 6.197502e-03 
1.494308e-01, 4.126920e-03, 0, 9.272667e-05, 6.998239e-06, 2.771594e-03, 1.236064e-03, 1.953675e-05, 5.681313e-02, 6.035246e-03, 9.268715e-01, -0.002277, 2.714189e+00, 0, 0.056813, 6.035246e-03 
1.534504e-01, 4.019614e-03, 0, 8.543684e-05, 6.706646e-06, 2.684408e-03, 1.237814e-03, 5.248680e-06, 5.470229e-02, 3.541435e-03, -3.332614e+00, 0.000657, 1.357095e+00, 1, 0.054702, 3.541435e-03 
1.575050e-01, 4.054605e-03, 0, 8.485365e-05, 6.706646e-06, 2.883858e-03, 1.061691e-03, 1.749560e-05, 5.470229e-02, 3.541435e-03, 7.819352e-01, -0.017433, 1.357095e+00, 1, 0.054702, 3.541435e-03 
1.613648e-01, 3.859821e-03, 0, 8.602003e-05, 6.998239e-06, 2.684991e-03, 1.062274e-03, 1.953675e-05, 4.107103e-02, 8.251818e-03, 1.268658e+00, -0.001597, 2.714189e+00, 1, 0.041071, 8.251818e-03 
1.654191e-01, 4.054313e-03, 0, 8.602003e-05, 6.998239e-06, 2.711818e-03, 1.230232e-03, 1.924516e-05, 3.904525e-02, 7.456284e-03, 9.002468e-01, -0.012015, 2.970070e+00, 0, 0.039045, 7.456284e-03 
1.695653e-01, 4.146165e-03, 0, 8.485365e-05, 6.706646e-06, 2.679742e-03, 1.345412e-03, 2.945092e-05, 2.822859e-02, 6.118769e-03, 1.287200e+00, -0.001508, 2.970070e+00, 0, 0.028229, 6.118769e-03 
1.738086e-01, 4.243266e-03, 0, 9.505942e-05, 7.581426e-06, 2.882691e-03, 1.238105e-03, 1.982834e-05, 2.628710e-02, 6.043077e-03, 1.240528e+00, -0.000468, 2.970070e+00, 0, 0.026287, 6.043077e-03 
1.778291e-01, 4.020489e-03, 0, 8.368728e-05, 6.706646e-06, 2.838078e-03, 1.074230e-03, 1.778719e-05, 2.570605e-02, 6.187754e-03, 3.277412e-01, -0.033183, 2.970070e+00, 1, 0.025706, 6.187754e-03 
1.816446e-01, 3.815498e-03, 0, 8.543684e-05, 6.998239e-06, 2.715025e-03, 9.867517e-04, 2.128631e-05, 1.483075e-02, 1.111626e-02, 1.026297e+00, -0.005150, 5.940141e+00, 1, 0.014831, 1.111626e-02 
1.858840e-01, 4.239475e-03, 0, 9.068552e-05, 7.289833e-06, 3.038985e-03, 1.080645e-03, 2.186950e-05, 9.545472e-03, 3.965319e-03, 1.235662e+00, -0.002541, 1.188028e+01, 1, 0.009545, 3.965319e-03 
1.901016e-01, 4.217606e-03, 0, 8.602003e-05, 7.289833e-06, 2.855282e-03, 1.249477e-03, 1.953675e-05, 6.405632e-03, 1.589881e-03, 1.156439e+00, -0.000327, 1.188028e+01, 0, 0.006406, 1.589881e-03 
1.941880e-01, 4.086389e-03, 0, 8.456206e-05, 6.706646e-06, 2.692864e-03, 1.281261e-03, 2.099472e-05, 6.027271e-03, 1.923436e-03, 1.277192e+00, -0.000110, 1.188028e+01, 0, 0.006027, 1.923436e-03 
1.980464e-01, 3.858363e-03, 0, 9.068552e-05, 7.289833e-06, 2.804253e-03, 9.360145e-04, 2.011994e-05, 5.887332e-03, 1.886420e-03, 1.276202e+00, -0.000046, 1.188028e+01, 0, 0.005887, 1.886420e-03 
2.023929e-01, 4.346490e-03, 0, 8.514525e-05, 6.706646e-06, 2.984457e-03, 1.250352e-03, 1.982834e-05, 5.828812e-03, 1.863831e-03, 9.782346e-01, -0.000219, 1.188028e+01, 0, 0.005829, 1.863831e-03 
2.062332e-01, 3.840284e-03, 0, 8.543684e-05, 6.998239e-06, 2.797838e-03, 9.301826e-04, 1.982834e-05, 5.614202e-03, 1.564107e-03, 1.255912e+00, -0.000705, 1.188028e+01, 0, 0.005614, 1.564107e-03 
2.099574e-01, 3.724230e-03, 0, 8.456206e-05, 6.706646e-06, 2.676243e-03, 9.287247e-04, 2.799296e-05, 4.729401e-03, 1.663301e-03, 1.099784e+00, -0.001314, 1.188028e+01, 0, 0.004729, 1.663301e-03 
2.140735e-01, 4.116131e-03, 0, 9.010233e-05, 7.289833e-06, 2.764888e-03, 1.234314e-03, 1.953675e-05, 3.284568e-03, 1.048765e-03, 1.258900e+00, -0.000605, 1.188028e+01, 0, 0.003285, 1.048765e-03 
2.184089e-01, 4.335409e-03, 0, 8.339569e-05, 6.415053e-06, 2.983583e-03, 1.241896e-03, 2.011994e-05, 2.522552e-03, 6.431489e-04, 1.046434e+00, -0.000255, 1.188028e+01, 0, 0.002523, 6.431489e-04 
2.224924e-01, 4.083473e-03, 0, 9.651738e-05, 7.289833e-06, 2.920599e-03, 1.036323e-03, 2.274428e-05, 2.256134e-03, 6.276285e-04, 1.000074e+00, -0.000001, 1.188028e+01, 0, 0.002256, 6.276285e-04 
2.266803e-01, 4.187863e-03, 0, 9.739216e-05, 7.289833e-06, 3.052690e-03, 1.010954e-03, 1.953675e-05, 2.255328e-03, 6.503863e-04, 1.208812e+00, -0.000325, 1.188028e+01, 0, 0.002255, 6.503863e-04 
2.309008e-01, 4.220522e-03, 0, 8.456206e-05, 6.706646e-06, 2.768095e-03, 1.341329e-03, 1.982834e-05, 1.862421e-03, 4.432273e-04, 1.126622e+00, -0.000081, 1.188028e+01, 0, 0.001862, 4.432273e-04 
2.349166e-01, 4.015823e-03, 0, 8.456206e-05, 6.706646e-06, 2.680909e-03, 1.238105e-03, 5.540273e-06, 1.771400e-03, 5.771550e-04, -2.392697e-01, 0.000604, 5.940141e+00, 1, 0.001771, 5.771550e-04 
2.391911e-01, 4.274466e-03, 0, 8.339569e-05, 6.706646e-06, 2.905436e-03, 1.273971e-03, 4.957086e-06, 1.771400e-03, 5.771550e-04, -3.932275e+00, 0.000036, 2.970070e+00, 1, 0.001771, 5.771550e-04 
2.432259e-01, 4.034777e-03, 0, 8.456206e-05, 6.998239e-06, 2.688199e-03, 1.250061e-03, 4.957086e-06, 1.771400e-03, 5.771550e-04, -5.871251e-01, 0.000020, 1.485035e+00, 1, 0.001771, 5.771550e-04 
2.476566e-01, 4.430760e-03, 0, 8.339569e-05, 6.706646e-06, 3.276926e-03, 1.040113e-03, 2.361906e-05, 1.771400e-03, 5.771550e-04, 1.060757e+00, -0.000280, 1.485035e+00, 0, 0.001771, 5.771550e-04 
2.515039e-01, 3.847282e-03, 0, 1.055568e-04, 7.289833e-06, 2.752058e-03, 9.625495e-04, 1.982834e-05, 1.474902e-03, 3.439796e-04, 1.291571e+00, -0.000098, 1.485035e+00, 0, 0.001475, 3.439796e-04 
2.558163e-01, 4.312373e-03, 0, 9.797535e-05, 7.581426e-06, 2.934303e-03, 1.252685e-03, 1.982834e-05, 1.348368e-03, 3.192054e-04, 1.327967e+00, -0.000049, 2.970070e+00, 1, 0.001348, 3.192054e-04 
2.597373e-01, 3.921055e-03, 0, 8.427047e-05, 6.998239e-06, 2.750308e-03, 1.024076e-03, 5.540273e-05, 1.283123e-03, 3.222422e-04, 9.868043e-01, -0.000006, 2.970070e+00, 0, 0.001283, 3.222422e-04 
2.638952e-01, 4.157829e-03, 0, 9.360145e-05, 7.289833e-06, 2.798421e-03, 1.238980e-03, 1.953675e-05, 1.277501e-03, 3.177812e-04, 1.225378e+00, -0.000107, 5.940141e+00, 1, 0.001278, 3.177812e-04 
2.680679e-01, 4.172700e-03, 0, 8.310409e-05, 6.706646e-06, 2.752058e-03, 1.309837e-03, 2.099472e-05, 1.146807e-03, 3.285416e-04, 1.243636e+00, -0.000278, 5.940141e+00, 0, 0.001147, 3.285416e-04 
2.718842e-01, 3.816373e-03, 0, 9.068552e-05, 7.289833e-06, 2.774802e-03, 9.243508e-04, 1.924516e-05, 8.011973e-04, 2.093000e-04, 1.268534e+00, -0.000064, 5.940141e+00, 0, 0.000801, 2.093000e-04 
2.761969e-01, 4.312665e-03, 0, 8.397887e-05, 6.706646e-06, 2.723190e-03, 1.493249e-03, 5.540273e-06, 7.203690e-04, 2.048523e-04, -5.304157e-01, 0.000212, 2.970070e+00, 1, 0.000720, 2.048523e-04 
2.802290e-01, 4.032152e-03, 0, 8.427047e-05, 6.998239e-06, 2.705403e-03, 1.230524e-03, 4.957086e-06, 7.203690e-04, 2.048523e-04, -3.937283e-01, 0.000892, 1.485035e+00, 1, 0.000720, 2.048523e-04 
2.839486e-01, 3.719564e-03, 0, 8.310409e-05, 6.706646e-06, 2.663705e-03, 9.444707e-04, 2.157790e-05, 7.203690e-04, 2.048523e-04, 1.051492e+00, -0.000002, 2.970070e+00, 1, 0.000720, 2.048523e-04 
2.880248e-01, 4.076183e-03, 0, 9.097711e-05, 7.289833e-06, 2.738061e-03, 1.234898e-03, 4.957086e-06, 7.180634e-04, 2.122665e-04, -1.726583e-01, 0.000276, 1.485035e+00, 1, 0.000718, 2.122665e-04 
2.921056e-01, 4.080848e-03, 0, 8.397887e-05, 6.998239e-06, 3.006327e-03, 9.628411e-04, 2.070312e-05, 7.180634e-04, 2.122665e-04, 1.250978e+00, -0.000056, 1.485035e+00, 0, 0.000718, 2.122665e-04 
2.958733e-01, 3.767677e-03, 0, 8.543684e-05, 7.289833e-06, 2.714734e-03, 9.403884e-04, 1.982834e-05, 6.485296e-04, 2.398682e-04, 1.241808e+00, -0.000018, 2.970070e+00, 1, 0.000649, 2.398682e-04 
2.996652e-01, 3.791879e-03, 0, 8.456206e-05, 6.706646e-06, 2.738061e-03, 9.427212e-04, 1.982834e-05, 6.265973e-04, 2.536891e-04, 1.065094e+00, -0.000022, 2.970070e+00, 0, 0.000627, 2.536891e-04 
3.037239e-01, 4.058687e-03, 0, 8.427047e-05, 6.998239e-06, 2.710651e-03, 1.251810e-03, 4.957086e-06, 6.036001e-04, 2.277660e-04, -3.907032e-01, 0.000871, 1.485035e+00, 1, 0.000604, 2.277660e-04 
3.077056e-01, 3.981707e-03, 0, 8.514525e-05, 6.706646e-06, 2.931388e-03, 9.389304e-04, 1.953675e-05, 6.036001e-04, 2.277660e-04, 1.117574e+00, -0.000154, 1.485035e+00, 0, 0.000604, 2.277660e-04 
3.114572e-01, 3.751639e-03, 0, 8.514525e-05, 6.998239e-06, 2.713567e-03, 9.263919e-04, 1.953675e-05, 4.311202e-04, 1.422472e-04, 1.271972e+00, -0.000052, 1.485035e+00, 0, 0.000431, 1.422472e-04 
3.154833e-01, 4.026029e-03, 0, 8.427047e-05, 6.706646e-06, 2.680326e-03, 1.234898e-03, 1.982834e-05, 3.651332e-04, 9.195042e-05, 1.562234e+00, -0.000086, 2.970070e+00, 1, 0.000365, 9.195042e-05 
3.194988e-01, 4.015531e-03, 0, 8.368728e-05, 6.998239e-06, 2.673911e-03, 1.231107e-03, 1.982834e-05, 2.308595e-04, 1.423581e-04, 1.239366e+00, -0.000050, 2.970070e+00, 0, 0.000231, 1.423581e-04 
3.240331e-01, 4.534276e-03, 0, 8.368728e-05, 6.415053e-06, 3.181283e-03, 1.257934e-03, 4.957086e-06, 1.687228e-04, 5.678204e-05, -6.943968e-02, 0.000108, 1.485035e+00, 1, 0.000169, 5.678204e-05 
3.280891e-01, 4.056063e-03, 0, 8.543684e-05, 6.998239e-06, 2.703653e-03, 1.255018e-03, 4.957086e-06, 1.687228e-04, 5.678204e-05, -7.412006e-01, 0.000012, 7.425176e-01, 1, 0.000169, 5.678204e-05 
3.319661e-01, 3.877025e-03, 0, 8.456206e-05, 6.706646e-06, 2.691698e-03, 1.073938e-03, 2.011994e-05, 1.687228e-04, 5.678204e-05, 1.103087e+00, -0.000000, 1.485035e+00, 1, 0.000169, 5.678204e-05 
3.361540e-01, 4.187863e-03, 0, 8.602003e-05, 6.998239e-06, 2.703653e-03, 1.386235e-03, 4.957086e-06, 1.687222e-04, 5.678204e-05, -7.209408e-01, 0.000011, 7.425176e-01, 1, 0.000169, 5.678204e-05 
3.402766e-01, 4.122546e-03, 0, 8.368728e-05, 6.998239e-06, 2.766637e-03, 1.245103e-03, 2.011994e-05, 1.687222e-04, 5.678204e-05, 2.083671e+00, -0.000003, 1.485035e+00, 1, 0.000169, 5.678204e-05 
3.442956e-01, 4.019031e-03, 0, 8.427047e-05, 6.706646e-06, 2.670995e-03, 1.237814e-03, 1.924516e-05, 1.622756e-04, 5.414367e-05, 1.305923e+00, -0.000018, 1.485035e+00, 0, 0.000162, 5.414367e-05 
3.483102e-01, 4.014657e-03, 0, 8.397887e-05, 6.998239e-06, 2.667204e-03, 1.236939e-03, 1.953675e-05, 1.391381e-04, 5.115265e-05, 1.217864e+00, -0.000010, 1.485035e+00, 0, 0.000139, 5.115265e-05 
3.525392e-01, 4.228978e-03, 0, 8.427047e-05, 6.706646e-06, 2.859072e-03, 1.258808e-03, 2.011994e-05, 1.265196e-04, 5.368085e-05, 1.046072e+00, -0.000016, 1.485035e+00, 0, 0.000127, 5.368085e-05 
3.567498e-01, 4.210607e-03, 0, 8.660321e-05, 6.998239e-06, 2.817666e-03, 1.279511e-03, 1.982834e-05, 1.098921e-04, 3.261125e-05, 9.952705e-01, -0.000000, 1.485035e+00, 0, 0.000110, 3.261125e-05 
3.607735e-01, 4.023696e-03, 0, 8.485365e-05, 6.998239e-06, 2.677993e-03, 1.234314e-03, 1.953675e-05, 1.098772e-04, 3.247729e-05, 2.424658e+00, -0.000003, 2.970070e+00, 1, 0.000110, 3.247729e-05 
3.649039e-01, 4.130419e-03, 0, 8.397887e-05, 6.415053e-06, 2.708902e-03, 1.311587e-03, 1.953675e-05, 1.027461e-04, 3.245550e-05, 1.291982e+00, -0.000002, 2.970070e+00, 0, 0.000103, 3.245550e-05 
3.690647e-01, 4.160745e-03, 0, 8.456206e-05, 6.998239e-06, 2.807752e-03, 1.256476e-03, 4.957086e-06, 1.002680e-04, 3.308642e-05, -1.773100e+00, 0.000005, 1.485035e+00, 1, 0.000100, 3.308642e-05 
3.731502e-01, 4.085514e-03, 0, 8.485365e-05, 7.289833e-06, 2.726106e-03, 1.247728e-03, 1.953675e-05, 1.002680e-04, 3.308642e-05, 1.278748e+00, -0.000009, 1.485035e+00, 0, 0.000100, 3.308642e-05 
3.772104e-01, 4.060145e-03, 0, 9.593420e-05, 6.706646e-06, 2.686158e-03, 1.251518e-03, 1.982834e-05, 8.843663e-05, 3.508398e-05, 1.391757e+00, -0.000023, 2.970070e+00, 1, 0.000088, 3.508398e-05 
3.811874e-01, 3.977041e-03, 0, 8.456206e-05, 6.706646e-06, 2.728147e-03, 1.128175e-03, 2.945092e-05, 5.646692e-05, 2.096879e-05, 1.086949e+00, -0.000002, 2.970070e+00, 0, 0.000056, 2.096879e-05 
3.849685e-01, 3.781090e-03, 0, 8.951915e-05, 7.289833e-06, 2.737186e-03, 9.272667e-04, 1.982834e-05, 5.431109e-05, 1.632337e-05, 1.221496e+00, -0.000000, 2.970070e+00, 0, 0.000054, 1.632337e-05 
3.886755e-01, 3.707026e-03, 0, 8.485365e-05, 6.415053e-06, 2.685866e-03, 9.249340e-04, 4.957086e-06, 5.419251e-05, 1.639195e-05, -2.341429e-01, 0.000000, 1.485035e+00, 1, 0.000054, 1.639195e-05 
3.926910e-01, 4.015531e-03, 0, 8.368728e-05, 6.706646e-06, 2.668370e-03, 1.237522e-03, 1.924516e-05, 5.419251e-05, 1.639195e-05, 1.245861e+00, -0.000006, 2.970070e+00, 1, 0.000054, 1.639195e-05 
3.968483e-01, 4.157246e-03, 0, 8.397887e-05, 6.706646e-06, 2.653499e-03, 1.392941e-03, 2.011994e-05, 4.694353e-05, 1.820257e-05, 1.061841e+00, -0.000002, 2.970070e+00, 0, 0.000047, 1.820257e-05 
4.008764e-01, 4.028070e-03, 0, 8.368728e-05, 6.998239e-06, 2.686741e-03, 1.231107e-03, 1.953675e-05, 4.456174e-05, 1.465811e-05, 1.277178e+00, -0.000004, 2.970070e+00, 0, 0.000045, 1.465811e-05 
4.046230e-01, 3.746682e-03, 0, 8.427047e-05, 6.415053e-06, 2.707444e-03, 9.293079e-04, 1.924516e-05, 3.887047e-05, 1.539136e-05, 1.287949e+00, -0.000002, 2.970070e+00, 0, 0.000039, 1.539136e-05 
4.086464e-01, 4.023404e-03, 0, 8.339569e-05, 6.706646e-06, 2.678868e-03, 1.235189e-03, 1.924516e-05, 3.644877e-05, 1.685094e-05, 1.191861e+00, -0.000014, 2.970070e+00, 0, 0.000036, 1.685094e-05 
4.129329e-01, 4.286422e-03, 0, 8.456206e-05, 6.415053e-06, 2.908643e-03, 1.266681e-03, 2.011994e-05, 2.025223e-05, 5.538180e-06, 1.123161e+00, -0.000003, 2.970070e+00, 0, 0.000020, 5.538180e-06 
4.169831e-01, 4.050231e-03, 0, 8.543684e-05, 7.289833e-06, 2.707444e-03, 1.245103e-03, 4.957086e-06, 1.693144e-05, 4.293173e-06, -1.470811e+00, 0.000003, 1.485035e+00, 1, 0.000017, 4.293173e-06 
4.210080e-01, 4.024862e-03, 0, 8.485365e-05, 6.706646e-06, 2.677118e-03, 1.251227e-03, 4.957086e-06, 1.693144e-05, 4.293173e-06, -2.744471e+00, 0.000000, 7.425176e-01, 1, 0.000017, 4.293173e-06 
4.272772e-01, 6.269256e-03, 0, 1.221776e-04, 9.622579e-06, 4.082306e-03, 2.021616e-03, 3.353323e-05, 1.693144e-05, 4.293173e-06, 1.360630e+00, -0.000000, 1.485035e+00, 1, 0.000017, 4.293173e-06 
4.319287e-01, 4.651496e-03, 0, 1.347161e-04, 1.166373e-05, 3.218315e-03, 1.266390e-03, 2.041153e-05, 1.653673e-05, 4.313144e-06, 1.392882e+00, -0.000002, 2.970070e+00, 1, 0.000017, 4.313144e-06 
4.360810e-01, 4.152289e-03, 0, 1.084727e-04, 1.020577e-05, 2.786174e-03, 1.228191e-03, 1.924516e-05, 1.331805e-05, 3.603649e-06, 1.040166e+00, -0.000001, 2.970070e+00, 0, 0.000013, 3.603649e-06 
4.401079e-01, 4.026904e-03, 0, 8.281250e-05, 6.706646e-06, 2.684991e-03, 1.233440e-03, 1.895356e-05, 1.237358e-05, 3.158343e-06, 9.992968e-01, -0.000000, 2.970070e+00, 0, 0.000012, 3.158343e-06 
4.445075e-01, 4.399560e-03, 0, 8.456206e-05, 6.706646e-06, 3.050941e-03, 1.251810e-03, 5.540273e-06, 1.236840e-05, 3.215425e-06, -3.019909e-01, 0.000000, 1.485035e+00, 1, 0.000012, 3.215425e-06 
4.488088e-01, 4.301293e-03, 0, 8.543684e-05, 6.998239e-06, 2.929930e-03, 1.258808e-03, 2.011994e-05, 1.236840e-05, 3.215425e-06, 1.263777e+00, -0.000000, 1.999662e+00, 0, 0.000012, 3.215425e-06 
4.528829e-01, 4.074142e-03, 0, 8.572843e-05, 6.706646e-06, 2.710360e-03, 1.251518e-03, 1.982834e-05, 1.236828e-05, 3.215441e-06, 2.860987e+01, -0.000000, 3.999324e+00, 1, 0.000012, 3.215441e-06 
4.568509e-01, 3.968002e-03, 0, 8.456206e-05, 6.998239e-06, 2.737186e-03, 1.118552e-03, 2.070312e-05, 6.213286e-06, 1.469117e-06, 1.001105e+00, -0.000000, 3.999324e+00, 0, 0.000006, 1.469117e-06 
4.609682e-01, 4.117297e-03, 0, 8.572843e-05, 6.998239e-06, 2.755557e-03, 1.249186e-03, 1.982834e-05, 6.200432e-06, 1.403338e-06, 1.000772e+00, -0.000000, 3.999324e+00, 0, 0.000006, 1.403338e-06 
4.647749e-01, 3.806751e-03, 0, 9.010233e-05, 6.706646e-06, 2.744476e-03, 9.459287e-04, 1.953675e-05, 6.195260e-06, 1.445250e-06, 1.258557e+00, -0.000001, 3.999324e+00, 0, 0.000006, 1.445250e-06 
4.688158e-01, 4.040900e-03, 0, 8.514525e-05, 6.998239e-06, 2.698113e-03, 1.245687e-03, 4.957086e-06, 4.428039e-06, 1.112199e-06, -4.403211e-01, 0.000002, 1.999662e+00, 1, 0.000004, 1.112199e-06 
4.735219e-01, 4.706024e-03, 0, 8.427047e-05, 6.706646e-06, 2.966670e-03, 1.625049e-03, 2.332746e-05, 4.428039e-06, 1.112199e-06, 1.286442e+00, -0.000000, 3.915885e+00, 0, 0.000004, 1.112199e-06 
4.777258e-01, 4.203901e-03, 0, 9.797535e-05, 7.873019e-06, 2.808918e-03, 1.284177e-03, 4.957086e-06, 4.404400e-06, 1.121386e-06, -3.031420e-01, 0.000003, 1.957942e+00, 1, 0.000004, 1.121386e-06 
4.815042e-01, 3.778466e-03, 0, 8.543684e-05, 7.289833e-06, 2.729022e-03, 9.368893e-04, 1.982834e-05, 4.404400e-06, 1.121386e-06, 1.076452e+00, -0.000000, 1.957942e+00, 0, 0.000004, 1.121386e-06 
4.855807e-01, 4.076474e-03, 0, 8.514525e-05, 6.998239e-06, 2.719108e-03, 1.245687e-03, 1.953675e-05, 4.248983e-06, 9.401356e-07, 1.274948e+00, -0.000000, 2.675207e+00, 0, 0.000004, 9.401356e-07 
4.897269e-01, 4.146165e-03, 0, 8.456206e-05, 6.706646e-06, 2.791714e-03, 1.243062e-03, 2.011994e-05, 4.238626e-06, 9.434727e-07, 1.296015e+00, -0.000000, 2.675207e+00, 0, 0.000004, 9.434727e-07 
4.935115e-01, 3.784590e-03, 0, 8.572843e-05, 6.998239e-06, 2.729605e-03, 9.427212e-04, 1.953675e-05, 3.876803e-06, 9.865250e-07, 1.289903e+00, -0.000000, 2.675207e+00, 0, 0.000004, 9.865250e-07 
4.975477e-01, 4.036235e-03, 0, 8.456206e-05, 6.706646e-06, 2.695780e-03, 1.244229e-03, 4.957086e-06, 3.703631e-06, 1.037413e-06, -1.996968e+00, 0.000001, 1.337603e+00, 1, 0.000004, 1.037413e-06 
5.021123e-01, 4.564602e-03, 0, 8.485365e-05, 6.998239e-06, 2.695780e-03, 1.742562e-03, 3.440801e-05, 3.703631e-06, 1.037413e-06, 1.130224e+00, -0.000000, 2.443757e+00, 0, 0.000004, 1.037413e-06 
5.082241e-01, 6.111796e-03, 0, 1.303422e-04, 1.108055e-05, 4.281465e-03, 1.649835e-03, 3.907350e-05, 3.698352e-06, 1.032425e-06, 1.251659e+00, -0.000000, 2.443757e+00, 0, 0.000004, 1.032425e-06 
5.124572e-01, 4.233060e-03, 0, 9.360145e-05, 7.289833e-06, 2.803378e-03, 1.308671e-03, 2.011994e-05, 3.262477e-06, 1.230536e-06, 1.857404e+01, -0.000000, 4.887515e+00, 1, 0.000003, 1.230536e-06 
5.162120e-01, 3.754847e-03, 0, 8.514525e-05, 6.998239e-06, 2.705403e-03, 9.380557e-04, 1.924516e-05, 3.129751e-06, 1.295204e-06, 1.262887e+00, -0.000000, 4.887515e+00, 0, 0.000003, 1.295204e-06 
5.201727e-01, 3.960712e-03, 0, 8.543684e-05, 7.056558e-05, 2.839244e-03, 9.453455e-04, 2.011994e-05, 3.103483e-06, 1.308128e-06, 1.176448e+00, -0.000001, 4.887515e+00, 0, 0.000003, 1.308128e-06 
5.242203e-01, 4.047607e-03, 0, 8.602003e-05, 6.706646e-06, 2.684408e-03, 1.250935e-03, 1.953675e-05, 1.856750e-06, 4.333169e-07, 1.224735e+00, -0.000000, 4.887515e+00, 0, 0.000002, 4.333169e-07 
5.281122e-01, 3.891896e-03, 0, 8.456206e-05, 6.706646e-06, 2.845367e-03, 9.357229e-04, 1.953675e-05, 1.850926e-06, 4.338589e-07, 1.288786e+00, -0.000000, 4.887515e+00, 0, 0.000002, 4.338589e-07 
5.323091e-01, 4.196902e-03, 0, 8.427047e-05, 6.706646e-06, 2.717358e-03, 1.367281e-03, 2.128631e-05, 1.660519e-06, 3.598082e-07, 1.260594e+00, -0.000000, 4.887515e+00, 0, 0.000002, 3.598082e-07 
5.361229e-01, 3.813749e-03, 0, 9.156030e-05, 6.998239e-06, 2.763430e-03, 9.322238e-04, 1.953675e-05, 1.657918e-06, 3.598706e-07, 1.016783e+00, -0.000000, 4.887515e+00, 0, 0.000002, 3.598706e-07 
5.398631e-01, 3.740267e-03, 0, 8.456206e-05, 6.706646e-06, 2.706277e-03, 9.231844e-04, 1.953675e-05, 1.601471e-06, 3.737213e-07, 1.262289e+00, -0.000000, 4.887515e+00, 0, 0.000002, 3.737213e-07 
5.437355e-01, 3.872359e-03, 0, 8.339569e-05, 6.706646e-06, 2.786757e-03, 9.759628e-04, 1.953675e-05, 1.134334e-06, 2.822282e-07, 1.046630e+00, -0.000000, 4.887515e+00, 0, 0.000001, 2.822282e-07 
5.479359e-01, 4.200402e-03, 0, 8.456206e-05, 6.415053e-06, 2.697530e-03, 1.391483e-03, 2.041153e-05, 1.024379e-06, 2.160079e-07, 1.265832e+00, -0.000000, 4.887515e+00, 0, 0.000001, 2.160079e-07 
5.520587e-01, 4.122838e-03, 0, 8.631162e-05, 7.581426e-06, 2.758181e-03, 1.250644e-03, 2.011994e-05, 1.020418e-06, 2.144639e-07, 1.261724e+00, -0.000000, 4.887515e+00, 0, 0.000001, 2.144639e-07 
5.561326e-01, 4.073850e-03, 0, 8.543684e-05, 6.998239e-06, 2.700154e-03, 1.260266e-03, 2.099472e-05, 7.570638e-07, 1.761001e-07, 1.258373e+00, -0.000000, 4.887515e+00, 0, 0.000001, 1.761001e-07 
5.604143e-01, 4.281756e-03, 0, 9.097711e-05, 7.289833e-06, 2.885899e-03, 1.277762e-03, 1.982834e-05, 6.625619e-07, 2.102837e-07, 1.286430e+00, -0.000000, 4.887515e+00, 0, 0.000001, 2.102837e-07 
5.644278e-01, 4.013490e-03, 0, 8.514525e-05, 6.998239e-06, 2.890856e-03, 1.010662e-03, 1.982834e-05, 6.096157e-07, 1.830356e-07, 1.258582e+00, -0.000000, 4.887515e+00, 0, 0.000001, 1.830356e-07 
5.685081e-01, 4.080265e-03, 0, 8.514525e-05, 6.998239e-06, 2.729313e-03, 1.238688e-03, 2.011994e-05, 5.740267e-07, 2.000048e-07, 1.263745e+00, -0.000000, 4.887515e+00, 0, 0.000001, 2.000048e-07 
5.726029e-01, 4.094845e-03, 0, 8.456206e-05, 6.706646e-06, 2.742435e-03, 1.241021e-03, 2.011994e-05, 5.312023e-07, 2.188978e-07, 1.953231e+00, -0.000000, 9.775029e+00, 1, 0.000001, 2.188978e-07 
5.764467e-01, 3.843783e-03, 0, 8.514525e-05, 6.998239e-06, 2.815333e-03, 9.313490e-04, 4.957086e-06, 5.174279e-07, 2.270975e-07, -5.741301e-03, 0.000004, 4.887515e+00, 1, 0.000001, 2.270975e-07 
5.807017e-01, 4.254930e-03, 0, 8.397887e-05, 6.706646e-06, 2.888232e-03, 1.256476e-03, 1.953675e-05, 5.174279e-07, 2.270975e-07, 1.207398e+00, -0.000000, 4.887515e+00, 0, 0.000001, 2.270975e-07 
5.847408e-01, 4.039150e-03, 0, 8.456206e-05, 6.706646e-06, 2.691698e-03, 1.236647e-03, 1.953675e-05, 5.146729e-07, 2.294129e-07, 1.153614e+00, -0.000000, 4.887515e+00, 0, 0.000001, 2.294129e-07 
5.888001e-01, 4.059270e-03, 0, 8.339569e-05, 6.998239e-06, 2.713567e-03, 1.236064e-03, 1.924516e-05, 5.141469e-07, 2.304495e-07, 1.061558e+00, -0.000000, 4.887515e+00, 0, 0.000001, 2.304495e-07 
5.930232e-01, 4.223146e-03, 0, 8.368728e-05, 6.706646e-06, 2.806294e-03, 1.306630e-03, 1.982834e-05, 5.141069e-07, 2.307600e-07, 1.005160e+00, -0.000000, 4.887515e+00, 0, 0.000001, 2.307600e-07 
5.971618e-01, 4.138584e-03, 0, 8.514525e-05, 6.998239e-06, 2.715608e-03, 1.325583e-03, 5.248680e-06, 5.141005e-07, 2.307541e-07, -8.775889e-01, 0.000000, 2.443757e+00, 1, 0.000001, 2.307541e-07 
6.009400e-01, 3.778174e-03, 0, 8.427047e-05, 6.706646e-06, 2.729605e-03, 9.377641e-04, 1.982834e-05, 5.141005e-07, 2.307541e-07, 1.280595e+00, -0.000000, 2.443757e+00, 0, 0.000001, 2.307541e-07 
6.047094e-01, 3.769427e-03, 0, 8.543684e-05, 6.998239e-06, 2.718816e-03, 9.386389e-04, 1.953675e-05, 4.868062e-07, 2.168261e-07, 1.268320e+00, -0.000000, 2.443757e+00, 0, 0.000000, 2.168261e-07 
6.088739e-01, 4.164536e-03, 0, 8.368728e-05, 6.706646e-06, 2.810085e-03, 1.244229e-03, 1.982834e-05, 4.755002e-07, 2.110256e-07, 1.208886e+00, -0.000000, 2.443757e+00, 0, 0.000000, 2.110256e-07 
6.128895e-01, 4.015531e-03, 0, 8.456206e-05, 6.998239e-06, 2.687324e-03, 1.231690e-03, 4.957086e-06, 2.453670e-07, 6.792653e-08, -1.095269e+01, 0.000000, 1.221879e+00, 1, 0.000000, 6.792653e-08 
6.169033e-01, 4.013782e-03, 0, 8.397887e-05, 6.706646e-06, 2.661372e-03, 1.242187e-03, 1.953675e-05, 2.453670e-07, 6.792653e-08, 1.263911e+00, -0.000000, 1.318472e+00, 0, 0.000000, 6.792653e-08 
6.206190e-01, 3.715774e-03, 0, 8.456206e-05, 6.706646e-06, 2.673327e-03, 9.316406e-04, 1.953675e-05, 2.062841e-07, 8.102021e-08, 1.253446e+00, -0.000000, 1.891540e+00, 0, 0.000000, 8.102021e-08 
6.248842e-01, 4.265135e-03, 0, 8.310409e-05, 6.706646e-06, 2.902811e-03, 1.252393e-03, 2.011994e-05, 2.043590e-07, 8.000199e-08, 1.264419e+00, -0.000000, 1.891540e+00, 0, 0.000000, 8.000199e-08 
6.286308e-01, 3.746682e-03, 0, 8.631162e-05, 6.998239e-06, 2.696363e-03, 9.374725e-04, 1.953675e-05, 1.900843e-07, 8.641860e-08, 1.264153e+00, -0.000000, 1.891540e+00, 0, 0.000000, 8.641860e-08 
6.329531e-01, 4.322288e-03, 0, 1.186785e-04, 8.747799e-06, 2.873652e-03, 1.299631e-03, 2.157790e-05, 1.848393e-07, 8.895620e-08, 1.044214e+00, -0.000000, 2.061272e+00, 0, 0.000000, 8.895620e-08 
6.381091e-01, 5.155953e-03, 0, 1.017661e-04, 7.581426e-06, 3.795962e-03, 1.224983e-03, 2.566021e-05, 1.848347e-07, 8.894104e-08, 1.133159e+00, -0.000000, 2.061272e+00, 0, 0.000000, 8.894104e-08 
6.434811e-01, 5.372023e-03, 0, 1.087643e-04, 8.747799e-06, 3.706734e-03, 1.541362e-03, 6.415053e-06, 1.843189e-07, 8.851268e-08, -1.973509e-01, 0.000000, 1.030636e+00, 1, 0.000000, 8.851268e-08 
6.477868e-01, 4.305667e-03, 0, 1.029324e-04, 8.164613e-06, 3.222981e-03, 9.508858e-04, 2.070312e-05, 1.843189e-07, 8.851268e-08, 9.614139e-01, -0.000000, 1.030636e+00, 0, 0.000000, 8.851268e-08 
6.516965e-01, 3.909683e-03, 0, 8.660321e-05, 6.998239e-06, 2.722315e-03, 1.073647e-03, 2.011994e-05, 1.843051e-07, 8.843942e-08, 9.956596e-01, -0.000000, 2.061272e+00, 1, 0.000000, 8.843942e-08 
6.559511e-01, 4.254638e-03, 0, 8.660321e-05, 6.706646e-06, 2.772469e-03, 1.369031e-03, 1.982834e-05, 1.842955e-07, 8.844473e-08, 3.720260e+00, -0.000000, 4.122545e+00, 1, 0.000000, 8.844473e-08 
6.600804e-01, 4.129253e-03, 0, 8.543684e-05, 6.998239e-06, 2.771303e-03, 1.245978e-03, 1.953675e-05, 1.840626e-07, 8.856574e-08, 1.284661e+00, -0.000000, 4.122545e+00, 0, 0.000000, 8.856574e-08 
6.641431e-01, 4.062770e-03, 0, 8.543684e-05, 6.998239e-06, 2.710068e-03, 1.240730e-03, 1.953675e-05, 1.840039e-07, 8.859199e-08, 1.249932e+00, -0.000000, 4.122545e+00, 0, 0.000000, 8.859199e-08 
6.682942e-01, 4.151122e-03, 0, 8.368728e-05, 6.706646e-06, 2.689365e-03, 1.351535e-03, 1.982834e-05, 1.838136e-07, 8.870312e-08, 4.792868e+00, -0.000000, 8.245090e+00, 1, 0.000000, 8.870312e-08 
6.721220e-01, 3.827745e-03, 0, 8.427047e-05, 6.706646e-06, 2.696363e-03, 1.019119e-03, 2.128631e-05, 4.598224e-08, 2.253507e-08, 1.262584e+00, -0.000000, 8.245090e+00, 0, 0.000000, 2.253507e-08 
6.761705e-01, 4.048481e-03, 0, 9.097711e-05, 7.289833e-06, 2.694614e-03, 1.236064e-03, 1.953675e-05, 4.570645e-08, 2.267553e-08, 1.279602e+00, -0.000000, 8.245090e+00, 0, 0.000000, 2.267553e-08 
6.802032e-01, 4.032735e-03, 0, 8.456206e-05, 6.706646e-06, 2.687324e-03, 1.234023e-03, 2.011994e-05, 4.569133e-08, 2.268293e-08, 1.264838e+00, -0.000000, 8.245090e+00, 0, 0.000000, 2.268293e-08 
6.844217e-01, 4.218480e-03, 0, 8.427047e-05, 6.706646e-06, 2.836037e-03, 1.271638e-03, 1.982834e-05, 4.560561e-08, 2.264622e-08, 1.235880e+00, -0.000000, 8.245090e+00, 0, 0.000000, 2.264622e-08 
6.885104e-01, 4.088721e-03, 0, 8.543684e-05, 6.998239e-06, 2.729313e-03, 1.247436e-03, 1.953675e-05, 4.560387e-08, 2.264740e-08, 1.181924e+00, -0.000000, 8.245090e+00, 0, 0.000000, 2.264740e-08 
6.925679e-01, 4.057521e-03, 0, 8.456206e-05, 6.706646e-06, 2.703653e-03, 1.243062e-03, 1.953675e-05, 4.558222e-08, 2.263200e-08, 1.146901e+00, -0.000000, 8.245090e+00, 0, 0.000000, 2.263200e-08 
6.966190e-01, 4.051106e-03, 0, 8.427047e-05, 6.706646e-06, 2.697238e-03, 1.243062e-03, 1.982834e-05, 4.558215e-08, 2.263220e-08, 1.264089e+00, -0.000000, 8.245090e+00, 0, 0.000000, 2.263220e-08 
7.004552e-01, 3.836202e-03, 0, 8.514525e-05, 6.706646e-06, 2.787340e-03, 9.377641e-04, 1.924516e-05, 4.556881e-08, 2.262553e-08, 1.260551e+00, -0.000000, 8.245090e+00, 0, 0.000000, 2.262553e-08 
7.046699e-01, 4.214690e-03, 0, 8.602003e-05, 6.706646e-06, 2.753516e-03, 1.349202e-03, 1.924516e-05, 1.721726e-08, 8.205421e-09, 1.264096e+00, -0.000000, 8.245090e+00, 0, 0.000000, 8.205421e-09 
1.000000, 0, 0, 0, 0, 0, 0, 0, 0, 0, 0, 0, 0, 0, 0 ,0