TRM WS=1, MS=2, TRMstep=0: ub=0.800000, lb=0.200000, grow=2.000000,shrink=0.500000, b_w=2,b_m=4, lr=0.400000, lambda=0.000000, n=9, n0=2, n1=2, n2=1, sub_tol=0.001000, sub_maxit=1000, tol=1.000000e-08, m=4, nobias=0 
time, iter_t, subset_m_time, g_time, subset_w_time, p1_time, t2, t3, total error, total gmag, rho, sigma, gamma, step, approx error, approx gmag 
3.273135e-03, 3.273135e-03, 9.039393e-06, 8.193772e-05, 7.289833e-06, 3.157081e-03, 1.603763e-05, 1.749560e-06, 1.276447e-01, 5.513674e-03, 0.000000e+00, 0.000000, 4.000000e-01, 0, 0.127645, 5.513674e-03 
6.555601e-03, 3.282466e-03, 8.456206e-06, 7.464789e-05, 6.998239e-06, 3.171369e-03, 1.895356e-05, 2.041153e-06, 1.266951e-01, 4.666622e-03, 0.000000e+00, 0.000000, 2.000000e-01, 0, 0.126695, 4.666622e-03 
9.979489e-03, 3.423889e-03, 1.049736e-05, 9.272667e-05, 7.289833e-06, 3.296754e-03, 1.545445e-05, 1.166373e-06, 1.262245e-01, 4.205393e-03, 0.000000e+00, 0.000000, 1.000000e-01, 0, 0.126224, 4.205393e-03 
1.348094e-02, 3.501452e-03, 9.622579e-06, 9.097711e-05, 7.289833e-06, 3.377234e-03, 1.516285e-05, 1.166373e-06, 1.248700e-01, 3.094861e-04, 0.000000e+00, 0.000000, 1.000000e-01, 0, 0.124870, 3.094861e-04 
1.695149e-02, 3.470544e-03, 1.049736e-05, 9.885013e-05, 7.873019e-06, 3.336702e-03, 1.545445e-05, 1.166373e-06, 1.248646e-01, 1.613618e-04, 0.000000e+00, 0.000000, 5.000000e-02, 0, 0.124865, 1.613618e-04 
2.063606e-02, 3.684573e-03, 9.914172e-06, 9.243508e-05, 6.998239e-06, 3.559479e-03, 1.428807e-05, 1.457967e-06, 1.248639e-01, 1.702496e-04, 0.000000e+00, 0.000000, 2.500000e-02, 0, 0.124864, 1.702496e-04 
2.392173e-02, 3.285673e-03, 9.622579e-06, 8.135453e-05, 6.998239e-06, 3.172244e-03, 1.428807e-05, 1.166373e-06, 1.248603e-01, 1.903589e-04, 0.000000e+00, 0.000000, 1.250000e-02, 0, 0.124860, 1.903589e-04 
2.703886e-02, 3.117132e-03, 1.049736e-05, 8.252091e-05, 6.706646e-06, 3.002536e-03, 1.370489e-05, 1.166373e-06, 1.248538e-01, 2.136177e-04, 0.000000e+00, 0.000000, 1.250000e-02, 0, 0.124854, 2.136177e-04 
0.500000, 0, 0, 0, 0, 0, 0, 0, 0, 0, 0, 0, 0, 0, 0 ,0