TRM WS=1, MS=2, TRMstep=0: ub=0.800000, lb=0.200000, grow=2.000000,shrink=0.500000, b_w=2,b_m=4, lr=0.400000, lambda=0.000000, n=9, n0=2, n1=2, n2=1, sub_tol=0.001000, sub_maxit=1000, tol=1.000000e-08, m=4, nobias=0 
time, iter_t, subset_m_time, g_time, subset_w_time, p1_time, t2, t3, total error, total gmag, rho, sigma, gamma, step, approx error, approx gmag 
2.940718e-03, 2.940718e-03, 8.747799e-06, 7.552267e-05, 6.706646e-06, 2.832829e-03, 1.516285e-05, 1.749560e-06, 1.371469e-01, 1.036738e-02, 0.000000e+00, 0.000000, 4.000000e-01, 0, 0.137147, 1.036738e-02 
5.806498e-03, 2.865779e-03, 8.164613e-06, 7.610585e-05, 6.123459e-06, 2.761389e-03, 1.312170e-05, 8.747799e-07, 1.341899e-01, 8.935759e-03, 0.000000e+00, 0.000000, 4.000000e-01, 0, 0.134190, 8.935759e-03 
8.748091e-03, 2.941593e-03, 8.164613e-06, 7.552267e-05, 6.123459e-06, 2.838078e-03, 1.283011e-05, 8.747799e-07, 1.299023e-01, 6.841216e-03, 0.000000e+00, 0.000000, 4.000000e-01, 0, 0.129902, 6.841216e-03 
1.153222e-02, 2.784133e-03, 7.581426e-06, 7.406470e-05, 5.831866e-06, 2.683242e-03, 1.253851e-05, 8.747799e-07, 1.249137e-01, 3.046506e-04, 0.000000e+00, 0.000000, 4.000000e-01, 0, 0.124914, 3.046506e-04 
1.430907e-02, 2.776843e-03, 7.873019e-06, 7.610585e-05, 5.831866e-06, 2.673327e-03, 1.283011e-05, 8.747799e-07, 1.247656e-01, 3.906353e-04, 0.000000e+00, 0.000000, 2.000000e-01, 0, 0.124766, 3.906353e-04 
1.709757e-02, 2.788507e-03, 7.873019e-06, 7.581426e-05, 6.123459e-06, 2.684700e-03, 1.283011e-05, 1.166373e-06, 1.242080e-01, 6.867459e-04, 0.000000e+00, 0.000000, 1.000000e-01, 0, 0.124208, 6.867459e-04 
2.003829e-02, 2.940718e-03, 7.873019e-06, 7.581426e-05, 6.123459e-06, 2.832537e-03, 1.691241e-05, 1.457967e-06, 1.240988e-01, 5.668712e-04, 0.000000e+00, 0.000000, 5.000000e-02, 0, 0.124099, 5.668712e-04 
2.317846e-02, 3.140168e-03, 1.166373e-05, 1.113886e-04, 8.456206e-06, 2.992914e-03, 1.428807e-05, 1.457967e-06, 1.239282e-01, 6.518068e-04, 0.000000e+00, 0.000000, 5.000000e-02, 0, 0.123928, 6.518068e-04 
0.500000, 0, 0, 0, 0, 0, 0, 0, 0, 0, 0, 0, 0, 0, 0 ,0