TRM WS=1, MS=2, TRMstep=0: ub=0.800000, lb=0.200000, grow=2.000000,shrink=0.500000, b_w=2,b_m=4, lr=0.400000, lambda=0.000000, n=9, n0=2, n1=2, n2=1, sub_tol=0.001000, sub_maxit=1000, tol=1.000000e-08, m=4, nobias=0 
time, iter_t, subset_m_time, g_time, subset_w_time, p1_time, t2, t3, total error, total gmag, rho, sigma, gamma, step, approx error, approx gmag 
2.929055e-03, 2.929055e-03, 8.456206e-06, 7.668904e-05, 6.706646e-06, 2.819999e-03, 1.545445e-05, 1.749560e-06, 1.399581e-01, 1.249213e-02, 0.000000e+00, 0.000000, 4.000000e-01, 0, 0.139958, 1.249213e-02 
5.782587e-03, 2.853532e-03, 8.164613e-06, 7.493948e-05, 6.415053e-06, 2.748559e-03, 1.428807e-05, 1.166373e-06, 1.281420e-01, 6.337481e-03, 0.000000e+00, 0.000000, 4.000000e-01, 0, 0.128142, 6.337481e-03 
8.744300e-03, 2.961713e-03, 8.456206e-06, 8.106294e-05, 6.415053e-06, 2.850908e-03, 1.399648e-05, 8.747799e-07, 1.269032e-01, 4.696219e-03, 0.000000e+00, 0.000000, 4.000000e-01, 0, 0.126903, 4.696219e-03 
1.154126e-02, 2.796963e-03, 8.164613e-06, 7.493948e-05, 6.123459e-06, 2.694031e-03, 1.283011e-05, 8.747799e-07, 1.250317e-01, 1.932315e-04, 0.000000e+00, 0.000000, 4.000000e-01, 0, 0.125032, 1.932315e-04 
1.465927e-02, 3.118007e-03, 7.581426e-06, 7.435629e-05, 6.123459e-06, 3.015366e-03, 1.312170e-05, 1.457967e-06, 1.249853e-01, 5.792827e-05, 0.000000e+00, 0.000000, 2.000000e-01, 0, 0.124985, 5.792827e-05 
1.749560e-02, 2.836328e-03, 8.747799e-06, 7.523107e-05, 6.123459e-06, 2.731938e-03, 1.312170e-05, 1.166373e-06, 1.249847e-01, 4.467770e-04, 0.000000e+00, 0.000000, 1.000000e-01, 0, 0.124985, 4.467770e-04 
2.028352e-02, 2.787924e-03, 7.873019e-06, 7.493948e-05, 6.123459e-06, 2.684991e-03, 1.283011e-05, 1.166373e-06, 1.249545e-01, 1.277173e-04, 0.000000e+00, 0.000000, 5.000000e-02, 0, 0.124955, 1.277173e-04 
2.319916e-02, 2.915641e-03, 8.164613e-06, 7.523107e-05, 6.123459e-06, 2.812126e-03, 1.283011e-05, 1.166373e-06, 1.249365e-01, 9.236308e-05, 0.000000e+00, 0.000000, 5.000000e-02, 0, 0.124936, 9.236308e-05 
0.500000, 0, 0, 0, 0, 0, 0, 0, 0, 0, 0, 0, 0, 0, 0 ,0