TRM WS=1, MS=2, TRMstep=0: ub=0.800000, lb=0.200000, grow=2.000000,shrink=0.500000, b_w=2,b_m=4, lr=0.400000, lambda=0.000000, n=9, n0=2, n1=2, n2=1, sub_tol=0.001000, sub_maxit=1000, tol=1.000000e-08, m=4, nobias=0 
time, iter_t, subset_m_time, g_time, subset_w_time, p1_time, t2, t3, total error, total gmag, rho, sigma, gamma, step, approx error, approx gmag 
3.382774e-03, 3.382774e-03, 8.747799e-06, 7.639745e-05, 6.998239e-06, 3.272260e-03, 1.691241e-05, 1.457967e-06, 1.400954e-01, 1.192848e-02, 0.000000e+00, 0.000000, 4.000000e-01, 0, 0.140095, 1.192848e-02 
6.318827e-03, 2.936053e-03, 8.747799e-06, 7.639745e-05, 2.361906e-05, 2.813001e-03, 1.312170e-05, 1.166373e-06, 1.333511e-01, 9.330160e-03, 0.000000e+00, 0.000000, 4.000000e-01, 0, 0.133351, 9.330160e-03 
9.110833e-03, 2.792006e-03, 7.873019e-06, 7.581426e-05, 6.123459e-06, 2.688782e-03, 1.283011e-05, 5.831866e-07, 1.319945e-01, 8.382994e-03, 0.000000e+00, 0.000000, 4.000000e-01, 0, 0.131995, 8.382994e-03 
1.190342e-02, 2.792589e-03, 8.164613e-06, 7.464789e-05, 6.123459e-06, 2.689948e-03, 1.312170e-05, 5.831866e-07, 1.254758e-01, 5.862720e-04, 0.000000e+00, 0.000000, 4.000000e-01, 0, 0.125476, 5.862720e-04 
1.485639e-02, 2.952965e-03, 7.873019e-06, 7.377311e-05, 6.123459e-06, 2.850908e-03, 1.312170e-05, 1.166373e-06, 1.253402e-01, 4.408878e-04, 0.000000e+00, 0.000000, 2.000000e-01, 0, 0.125340, 4.408878e-04 
1.796011e-02, 3.103719e-03, 8.164613e-06, 7.406470e-05, 6.123459e-06, 3.000495e-03, 1.370489e-05, 1.166373e-06, 1.251720e-01, 1.123685e-03, 0.000000e+00, 0.000000, 1.000000e-01, 0, 0.125172, 1.123685e-03 
2.089441e-02, 2.934303e-03, 8.456206e-06, 7.318992e-05, 6.123459e-06, 2.832537e-03, 1.283011e-05, 1.166373e-06, 1.250256e-01, 9.761027e-05, 0.000000e+00, 0.000000, 5.000000e-02, 0, 0.125026, 9.761027e-05 
2.380160e-02, 2.907185e-03, 7.873019e-06, 7.406470e-05, 6.123459e-06, 2.804253e-03, 1.370489e-05, 1.166373e-06, 1.250057e-01, 1.200226e-04, 0.000000e+00, 0.000000, 5.000000e-02, 0, 0.125006, 1.200226e-04 
0.500000, 0, 0, 0, 0, 0, 0, 0, 0, 0, 0, 0, 0, 0, 0 ,0