TRM WS=1, MS=2, TRMstep=0: ub=0.800000, lb=0.200000, grow=2.000000,shrink=0.500000, b_w=2,b_m=4, lr=0.400000, lambda=0.000000, n=9, n0=2, n1=2, n2=1, sub_tol=0.001000, sub_maxit=1000, tol=1.000000e-08, m=4, nobias=0 
time, iter_t, subset_m_time, g_time, subset_w_time, p1_time, t2, t3, total error, total gmag, rho, sigma, gamma, step, approx error, approx gmag 
3.159122e-03, 3.159122e-03, 8.747799e-06, 7.756382e-05, 6.998239e-06, 3.047442e-03, 1.720401e-05, 1.166373e-06, 1.540213e-01, 1.441801e-02, 0.000000e+00, 0.000000, 4.000000e-01, 0, 0.154021, 1.441801e-02 
6.719768e-03, 3.560646e-03, 9.039393e-06, 8.222931e-05, 7.289833e-06, 3.446633e-03, 1.399648e-05, 1.457967e-06, 1.373053e-01, 1.098279e-02, 0.000000e+00, 0.000000, 4.000000e-01, 0, 0.137305, 1.098279e-02 
9.700726e-03, 2.980958e-03, 8.456206e-06, 7.581426e-05, 6.706646e-06, 2.876276e-03, 1.283011e-05, 8.747799e-07, 1.324943e-01, 8.917251e-03, 0.000000e+00, 0.000000, 4.000000e-01, 0, 0.132494, 8.917251e-03 
1.250906e-02, 2.808335e-03, 8.164613e-06, 7.406470e-05, 6.123459e-06, 2.706569e-03, 1.283011e-05, 5.831866e-07, 1.254580e-01, 1.877577e-03, 0.000000e+00, 0.000000, 4.000000e-01, 0, 0.125458, 1.877577e-03 
1.547223e-02, 2.963171e-03, 7.873019e-06, 7.435629e-05, 6.123459e-06, 2.860822e-03, 1.283011e-05, 1.166373e-06, 1.250204e-01, 1.299901e-04, 0.000000e+00, 0.000000, 2.000000e-01, 0, 0.125020, 1.299901e-04 
1.827182e-02, 2.799587e-03, 8.747799e-06, 7.435629e-05, 6.123459e-06, 2.696946e-03, 1.253851e-05, 8.747799e-07, 1.248675e-01, 2.717426e-04, 0.000000e+00, 0.000000, 1.000000e-01, 0, 0.124868, 2.717426e-04 
2.107491e-02, 2.803086e-03, 8.164613e-06, 7.493948e-05, 6.123459e-06, 2.699862e-03, 1.283011e-05, 1.166373e-06, 1.247724e-01, 2.504084e-04, 0.000000e+00, 0.000000, 5.000000e-02, 0, 0.124772, 2.504084e-04 
2.462535e-02, 3.550440e-03, 7.873019e-06, 8.718640e-05, 6.415053e-06, 3.434094e-03, 1.370489e-05, 1.166373e-06, 1.247043e-01, 3.060812e-04, 0.000000e+00, 0.000000, 5.000000e-02, 0, 0.124704, 3.060812e-04 
0.500000, 0, 0, 0, 0, 0, 0, 0, 0, 0, 0, 0, 0, 0, 0 ,0