TRM WS=1, MS=2, TRMstep=0: ub=0.800000, lb=0.200000, grow=2.000000,shrink=0.500000, b_w=2,b_m=4, lr=0.400000, lambda=0.000000, n=9, n0=2, n1=2, n2=1, sub_tol=0.001000, sub_maxit=1000, tol=1.000000e-08, m=4, nobias=0 
time, iter_t, subset_m_time, g_time, subset_w_time, p1_time, t2, t3, total error, total gmag, rho, sigma, gamma, step, approx error, approx gmag 
3.058231e-03, 3.058231e-03, 8.164613e-06, 7.581426e-05, 6.123459e-06, 2.950633e-03, 1.574604e-05, 1.749560e-06, 1.302454e-01, 7.764358e-03, 0.000000e+00, 0.000000, 4.000000e-01, 0, 0.130245, 7.764358e-03 
5.923718e-03, 2.865487e-03, 8.164613e-06, 7.493948e-05, 6.706646e-06, 2.761097e-03, 1.312170e-05, 1.457967e-06, 1.261240e-01, 3.646106e-03, 0.000000e+00, 0.000000, 4.000000e-01, 0, 0.126124, 3.646106e-03 
8.977575e-03, 3.053857e-03, 8.164613e-06, 1.000165e-04, 8.164613e-06, 2.923223e-03, 1.312170e-05, 1.166373e-06, 1.260574e-01, 3.443034e-03, 0.000000e+00, 0.000000, 2.000000e-01, 0, 0.126057, 3.443034e-03 
1.183752e-02, 2.859947e-03, 8.164613e-06, 7.581426e-05, 6.415053e-06, 2.756140e-03, 1.283011e-05, 5.831866e-07, 1.248979e-01, 1.443856e-04, 0.000000e+00, 0.000000, 2.000000e-01, 0, 0.124898, 1.443856e-04 
1.474791e-02, 2.910393e-03, 7.873019e-06, 7.435629e-05, 6.123459e-06, 2.807752e-03, 1.312170e-05, 1.166373e-06, 1.248631e-01, 1.808585e-04, 0.000000e+00, 0.000000, 1.000000e-01, 0, 0.124863, 1.808585e-04 
1.768484e-02, 2.936928e-03, 8.164613e-06, 7.493948e-05, 6.123459e-06, 2.833412e-03, 1.312170e-05, 1.166373e-06, 1.248358e-01, 1.772094e-04, 0.000000e+00, 0.000000, 5.000000e-02, 0, 0.124836, 1.772094e-04 
2.055295e-02, 2.868112e-03, 8.164613e-06, 7.639745e-05, 6.123459e-06, 2.763138e-03, 1.312170e-05, 1.166373e-06, 1.247940e-01, 2.038180e-04, 0.000000e+00, 0.000000, 2.500000e-02, 0, 0.124794, 2.038180e-04 
2.367767e-02, 3.124714e-03, 8.164613e-06, 7.435629e-05, 6.415053e-06, 3.021781e-03, 1.283011e-05, 1.166373e-06, 1.247897e-01, 2.066855e-04, 0.000000e+00, 0.000000, 2.500000e-02, 0, 0.124790, 2.066855e-04 
0.500000, 0, 0, 0, 0, 0, 0, 0, 0, 0, 0, 0, 0, 0, 0 ,0