TRM WS=1, MS=2, TRMstep=0: ub=0.800000, lb=0.200000, grow=2.000000,shrink=0.500000, b_w=2,b_m=4, lr=0.400000, lambda=0.000000, n=9, n0=2, n1=2, n2=1, sub_tol=0.001000, sub_maxit=1000, tol=1.000000e-08, m=4, nobias=0 
time, iter_t, subset_m_time, g_time, subset_w_time, p1_time, t2, t3, total error, total gmag, rho, sigma, gamma, step, approx error, approx gmag 
3.775259e-03, 3.775259e-03, 8.747799e-06, 7.756382e-05, 7.289833e-06, 3.663287e-03, 1.691241e-05, 1.457967e-06, 1.398789e-01, 1.217359e-02, 0.000000e+00, 0.000000, 4.000000e-01, 0, 0.139879, 1.217359e-02 
6.802872e-03, 3.027613e-03, 9.039393e-06, 7.581426e-05, 7.289833e-06, 2.919141e-03, 1.487126e-05, 1.457967e-06, 1.318250e-01, 8.786607e-03, 0.000000e+00, 0.000000, 4.000000e-01, 0, 0.131825, 8.786607e-03 
9.678273e-03, 2.875402e-03, 9.039393e-06, 8.252091e-05, 6.706646e-06, 2.762555e-03, 1.312170e-05, 1.457967e-06, 1.315892e-01, 9.009630e-03, 0.000000e+00, 0.000000, 2.000000e-01, 0, 0.131589, 9.009630e-03 
1.256651e-02, 2.888232e-03, 8.456206e-06, 7.698063e-05, 6.415053e-06, 2.781509e-03, 1.370489e-05, 1.166373e-06, 1.250487e-01, 5.140615e-04, 0.000000e+00, 0.000000, 2.000000e-01, 0, 0.125049, 5.140615e-04 
1.550168e-02, 2.935178e-03, 8.164613e-06, 7.581426e-05, 6.123459e-06, 2.830205e-03, 1.370489e-05, 1.166373e-06, 1.250238e-01, 5.343889e-05, 0.000000e+00, 0.000000, 1.000000e-01, 0, 0.125024, 5.343889e-05 
1.835405e-02, 2.852366e-03, 7.873019e-06, 7.523107e-05, 6.415053e-06, 2.748850e-03, 1.312170e-05, 8.747799e-07, 1.250085e-01, 3.758370e-05, 0.000000e+00, 0.000000, 5.000000e-02, 0, 0.125009, 3.758370e-05 
2.159919e-02, 3.245142e-03, 8.164613e-06, 7.552267e-05, 6.123459e-06, 3.141335e-03, 1.283011e-05, 1.166373e-06, 1.250085e-01, 3.712977e-05, 0.000000e+00, 0.000000, 2.500000e-02, 0, 0.125008, 3.712977e-05 
2.445622e-02, 2.857031e-03, 8.456206e-06, 8.602003e-05, 6.415053e-06, 2.742143e-03, 1.283011e-05, 1.166373e-06, 1.250048e-01, 4.296149e-05, 0.000000e+00, 0.000000, 2.500000e-02, 0, 0.125005, 4.296149e-05 
0.250000, 0, 0, 0, 0, 0, 0, 0, 0, 0, 0, 0, 0, 0, 0 ,0