TRM WS=1, MS=2, TRMstep=0: ub=0.800000, lb=0.200000, grow=2.000000,shrink=0.500000, b_w=2,b_m=4, lr=0.400000, lambda=0.000000, n=9, n0=2, n1=2, n2=1, sub_tol=0.001000, sub_maxit=1000, tol=1.000000e-08, m=4, nobias=0 
time, iter_t, subset_m_time, g_time, subset_w_time, p1_time, t2, t3, total error, total gmag, rho, sigma, gamma, step, approx error, approx gmag 
3.946715e-03, 3.946715e-03, 1.224692e-05, 9.389304e-05, 7.581426e-06, 3.812291e-03, 1.924516e-05, 1.457967e-06, 1.507989e-01, 1.444909e-02, 0.000000e+00, 0.000000, 4.000000e-01, 0, 0.150799, 1.444909e-02 
8.951040e-03, 5.004324e-03, 1.166373e-05, 1.560024e-04, 9.039393e-06, 4.808957e-03, 1.720401e-05, 1.457967e-06, 1.420583e-01, 1.271071e-02, 0.000000e+00, 0.000000, 4.000000e-01, 0, 0.142058, 1.271071e-02 
1.185764e-02, 2.906602e-03, 8.747799e-06, 7.581426e-05, 6.706646e-06, 2.800462e-03, 1.399648e-05, 8.747799e-07, 1.293216e-01, 7.133846e-03, 0.000000e+00, 0.000000, 4.000000e-01, 0, 0.129322, 7.133846e-03 
1.472459e-02, 2.866945e-03, 9.039393e-06, 8.222931e-05, 6.415053e-06, 2.755848e-03, 1.253851e-05, 8.747799e-07, 1.256433e-01, 2.803383e-03, 0.000000e+00, 0.000000, 4.000000e-01, 0, 0.125643, 2.803383e-03 
1.787059e-02, 3.146000e-03, 7.873019e-06, 7.377311e-05, 6.123459e-06, 3.040152e-03, 1.662082e-05, 1.457967e-06, 1.250071e-01, 2.497239e-04, 0.000000e+00, 0.000000, 2.000000e-01, 0, 0.125007, 2.497239e-04 
2.096206e-02, 3.091472e-03, 1.108055e-05, 1.064316e-04, 8.747799e-06, 2.951216e-03, 1.312170e-05, 8.747799e-07, 1.250138e-01, 6.380773e-05, 0.000000e+00, 0.000000, 1.000000e-01, 0, 0.125014, 6.380773e-05 
2.377652e-02, 2.814459e-03, 8.164613e-06, 7.493948e-05, 6.123459e-06, 2.711235e-03, 1.312170e-05, 8.747799e-07, 1.250001e-01, 5.972956e-05, 0.000000e+00, 0.000000, 5.000000e-02, 0, 0.125000, 5.972956e-05 
2.655540e-02, 2.778884e-03, 7.873019e-06, 7.377311e-05, 6.123459e-06, 2.677410e-03, 1.283011e-05, 8.747799e-07, 1.249943e-01, 6.545104e-05, 0.000000e+00, 0.000000, 5.000000e-02, 0, 0.124994, 6.545104e-05 
0.500000, 0, 0, 0, 0, 0, 0, 0, 0, 0, 0, 0, 0, 0, 0 ,0