TRM WS=0, MS=2, TRMstep=0: ub=0.800000, lb=0.200000, grow=2.000000,shrink=0.500000, b_w=3,b_m=3, lr=30.000000, lambda=0.000000, n=9, n0=2, n1=2, n2=1, sub_tol=0.001000, sub_maxit=1000, tol=1.000000e-08, m=4, nobias=0 
time, iter_t, subset_m_time, g_time, subset_w_time, p1_time, t2, t3, total error, total gmag, rho, sigma, gamma, step, approx error, approx gmag 
3.551606e-04, 3.551606e-04, 8.631162e-05, 8.572843e-05, 0, 2.332746e-06, 1.799131e-04, 8.747799e-07, 1.390250e-01, 1.091447e-02, 0.000000e+00, 0.000000, 3.000000e+01, 0, 0.108235, 1.791757e-03 
7.205271e-04, 3.653664e-04, 1.822458e-04, 1.673746e-04, 0, 1.457967e-06, 1.283011e-05, 1.457967e-06, 1.415587e-01, 1.160705e-02, 0.000000e+00, 0.000000, 3.000000e+01, 0, 0.106654, 2.051264e-03 
1.096974e-03, 3.764470e-04, 1.005997e-04, 1.688325e-04, 0, 8.747799e-07, 1.055568e-04, 5.831866e-07, 1.401972e-01, 1.118128e-02, 0.000000e+00, 0.000000, 3.000000e+01, 0, 0.104556, 2.386185e-03 
1.411020e-03, 3.140460e-04, 5.773547e-05, 1.320918e-04, 0, 5.831866e-07, 1.221776e-04, 1.457967e-06, 1.437018e-01, 1.196844e-02, 0.000000e+00, 0.000000, 3.000000e+01, 0, 0.176819, 2.222786e-02 
1.510745e-03, 9.972491e-05, 7.581426e-06, 7.668904e-05, 0, 1.457967e-06, 1.341329e-05, 5.831866e-07, 2.052003e-01, 9.920925e-03, 0.000000e+00, 0.000000, 3.000000e+01, 0, 0.138648, 5.709215e-03 
1.614552e-03, 1.038072e-04, 7.289833e-06, 8.222931e-05, 0, 5.831866e-07, 1.312170e-05, 5.831866e-07, 1.735267e-01, 1.297635e-02, 0.000000e+00, 0.000000, 3.000000e+01, 0, 0.121179, 6.376151e-03 
1.717776e-03, 1.032240e-04, 6.998239e-06, 8.135453e-05, 0, 8.747799e-07, 1.341329e-05, 5.831866e-07, 1.370035e-01, 9.349384e-03, 0.000000e+00, 0.000000, 3.000000e+01, 0, 0.164022, 1.896197e-02 
1.886609e-03, 1.688325e-04, 7.289833e-06, 8.106294e-05, 0, 8.747799e-07, 1.312170e-05, 6.648327e-05, 1.923855e-01, 1.190812e-02, 0.000000e+00, 0.000000, 1.500000e+01, 0, 0.125792, 7.046398e-03 
1.993623e-03, 1.070147e-04, 7.873019e-06, 8.456206e-05, 0, 5.831866e-07, 1.341329e-05, 5.831866e-07, 1.503392e-01, 1.219880e-02, 0.000000e+00, 0.000000, 1.500000e+01, 0, 0.185972, 2.181356e-02 
2.095973e-03, 1.023493e-04, 7.289833e-06, 8.077135e-05, 0, 5.831866e-07, 1.283011e-05, 8.747799e-07, 1.317530e-01, 7.073341e-03, 0.000000e+00, 0.000000, 1.500000e+01, 0, 0.110606, 3.495387e-03 
2.199197e-03, 1.032240e-04, 7.289833e-06, 8.135453e-05, 0, 5.831866e-07, 1.312170e-05, 8.747799e-07, 1.382630e-01, 9.548186e-03, 0.000000e+00, 0.000000, 1.500000e+01, 0, 0.163671, 2.020180e-02 
2.384942e-03, 1.857449e-04, 8.456206e-06, 9.622579e-05, 0, 5.831866e-07, 1.312170e-05, 6.735805e-05, 1.372896e-01, 9.379615e-03, 0.000000e+00, 0.000000, 7.500000e+00, 0, 0.117935, 2.712262e-03 
2.487291e-03, 1.023493e-04, 7.289833e-06, 8.077135e-05, 0, 8.747799e-07, 1.283011e-05, 5.831866e-07, 1.372252e-01, 9.422223e-03, 0.000000e+00, 0.000000, 7.500000e+00, 0, 0.106729, 2.155955e-03 
2.592264e-03, 1.049736e-04, 6.998239e-06, 8.514525e-05, 0, 5.831866e-07, 1.166373e-05, 5.831866e-07, 1.389180e-01, 9.914097e-03, 0.000000e+00, 0.000000, 7.500000e+00, 0, 0.106215, 1.889406e-03 
2.695197e-03, 1.029324e-04, 7.289833e-06, 8.135453e-05, 0, 8.747799e-07, 1.283011e-05, 5.831866e-07, 1.399477e-01, 1.018345e-02, 0.000000e+00, 0.000000, 7.500000e+00, 0, 0.105795, 1.848549e-03 
2.890856e-03, 1.956591e-04, 7.581426e-06, 8.106294e-05, 0, 5.831866e-07, 1.312170e-05, 9.330986e-05, 1.406171e-01, 1.034474e-02, 0.000000e+00, 0.000000, 7.500000e+00, 0, 0.171873, 1.984276e-02 
3.086807e-03, 1.959507e-04, 7.289833e-06, 7.931338e-05, 0, 5.831866e-07, 1.283011e-05, 9.593420e-05, 1.256279e-01, 1.612203e-03, 0.000000e+00, 0.000000, 7.500000e+00, 0, 0.132107, 1.257480e-02 
3.190614e-03, 1.038072e-04, 7.289833e-06, 8.252091e-05, 0, 5.831866e-07, 1.283011e-05, 5.831866e-07, 1.282806e-01, 5.012447e-03, 0.000000e+00, 0.000000, 7.500000e+00, 0, 0.143576, 1.507275e-02 
3.392397e-03, 2.017826e-04, 7.289833e-06, 8.077135e-05, 0, 5.831866e-07, 1.125550e-04, 5.831866e-07, 1.261062e-01, 2.822088e-03, 0.000000e+00, 0.000000, 7.500000e+00, 0, 0.130302, 1.402755e-02 
3.616049e-03, 2.236521e-04, 7.289833e-06, 8.047975e-05, 0, 5.831866e-07, 1.344245e-04, 8.747799e-07, 1.275726e-01, 4.521954e-03, 0.000000e+00, 0.000000, 3.750000e+00, 0, 0.118660, 6.659567e-03 
3.720731e-03, 1.046820e-04, 7.873019e-06, 8.164613e-05, 0, 8.747799e-07, 1.370489e-05, 5.831866e-07, 1.322294e-01, 7.440140e-03, 0.000000e+00, 0.000000, 3.750000e+00, 0, 0.114622, 3.553579e-03 
3.887230e-03, 1.664998e-04, 7.289833e-06, 8.077135e-05, 0, 6.473371e-05, 1.312170e-05, 5.831866e-07, 1.337355e-01, 8.086297e-03, 0.000000e+00, 0.000000, 3.750000e+00, 0, 0.109543, 2.359603e-03 
3.981707e-03, 9.447623e-05, 6.998239e-06, 7.435629e-05, 0, 5.831866e-07, 1.195533e-05, 5.831866e-07, 1.346512e-01, 8.441605e-03, 0.000000e+00, 0.000000, 3.750000e+00, 0, 0.109233, 2.040804e-03 
4.076766e-03, 9.505942e-05, 6.706646e-06, 7.493948e-05, 0, 5.831866e-07, 1.224692e-05, 5.831866e-07, 1.353677e-01, 8.702615e-03, 0.000000e+00, 0.000000, 3.750000e+00, 0, 0.108996, 1.846533e-03 
4.275341e-03, 1.985750e-04, 6.706646e-06, 1.784551e-04, 0, 8.747799e-07, 1.195533e-05, 5.831866e-07, 1.359242e-01, 8.896868e-03, 0.000000e+00, 0.000000, 3.750000e+00, 0, 0.113756, 2.094731e-03 
4.538358e-03, 2.630172e-04, 1.516285e-05, 2.230689e-04, 0, 2.041153e-06, 2.157790e-05, 1.166373e-06, 1.367387e-01, 9.158414e-03, 0.000000e+00, 0.000000, 3.750000e+00, 0, 0.161144, 1.967763e-02 
4.648872e-03, 1.105139e-04, 9.330986e-06, 8.631162e-05, 0, 5.831866e-07, 1.370489e-05, 5.831866e-07, 1.282052e-01, 5.111870e-03, 0.000000e+00, 0.000000, 3.750000e+00, 0, 0.143404, 1.520843e-02 
4.830826e-03, 1.819542e-04, 8.427047e-05, 8.252091e-05, 0, 5.831866e-07, 1.341329e-05, 1.166373e-06, 1.252515e-01, 1.369199e-03, 0.000000e+00, 0.000000, 1.875000e+00, 0, 0.126121, 1.312500e-02 
5.015696e-03, 1.848702e-04, 8.776959e-05, 8.252091e-05, 0, 5.831866e-07, 1.341329e-05, 5.831866e-07, 1.256148e-01, 2.242409e-03, 0.000000e+00, 0.000000, 1.875000e+00, 0, 0.117103, 9.745553e-03 
5.198525e-03, 1.828290e-04, 8.543684e-05, 8.281250e-05, 0, 8.747799e-07, 1.312170e-05, 5.831866e-07, 1.264363e-01, 3.472270e-03, 0.000000e+00, 0.000000, 1.875000e+00, 0, 0.114441, 8.462266e-03 
5.392143e-03, 1.936180e-04, 9.710057e-05, 8.164613e-05, 0, 8.747799e-07, 1.312170e-05, 8.747799e-07, 1.274386e-01, 4.517268e-03, 0.000000e+00, 0.000000, 1.875000e+00, 0, 0.135960, 1.568284e-02 
5.519278e-03, 1.271347e-04, 7.581426e-06, 8.222931e-05, 0, 8.747799e-07, 3.557438e-05, 8.747799e-07, 1.257874e-01, 2.556493e-03, 0.000000e+00, 0.000000, 1.875000e+00, 0, 0.129027, 1.376098e-02 
5.623377e-03, 1.040988e-04, 7.581426e-06, 8.164613e-05, 0, 5.831866e-07, 1.341329e-05, 8.747799e-07, 1.251193e-01, 8.903477e-04, 0.000000e+00, 0.000000, 1.875000e+00, 0, 0.126604, 9.734767e-03 
5.718728e-03, 9.535101e-05, 6.998239e-06, 7.464789e-05, 0, 5.831866e-07, 1.253851e-05, 5.831866e-07, 1.254737e-01, 2.028348e-03, 0.000000e+00, 0.000000, 1.875000e+00, 0, 0.123941, 8.504015e-03 
5.822244e-03, 1.035156e-04, 7.289833e-06, 8.106294e-05, 0, 8.747799e-07, 1.341329e-05, 8.747799e-07, 1.260669e-01, 3.073465e-03, 0.000000e+00, 0.000000, 1.875000e+00, 0, 0.121908, 7.442936e-03 
5.929841e-03, 1.075979e-04, 7.289833e-06, 8.456206e-05, 0, 8.747799e-07, 1.399648e-05, 8.747799e-07, 1.267916e-01, 3.971285e-03, 0.000000e+00, 0.000000, 9.375000e-01, 0, 0.139388, 1.470552e-02 
6.072139e-03, 1.422975e-04, 6.998239e-06, 1.172205e-04, 0, 1.166373e-06, 1.603763e-05, 8.747799e-07, 1.254670e-01, 2.116611e-03, 0.000000e+00, 0.000000, 9.375000e-01, 0, 0.123462, 8.414869e-03 
6.209188e-03, 1.370489e-04, 1.049736e-05, 1.116802e-04, 0, 8.747799e-07, 1.341329e-05, 5.831866e-07, 1.257411e-01, 2.635349e-03, 0.000000e+00, 0.000000, 9.375000e-01, 0, 0.116313, 9.259307e-03 
6.338364e-03, 1.291758e-04, 6.998239e-06, 9.943332e-05, 0, 8.747799e-07, 2.128631e-05, 5.831866e-07, 1.261406e-01, 3.218744e-03, 0.000000e+00, 0.000000, 9.375000e-01, 0, 0.131267, 1.438977e-02 
6.440130e-03, 1.017661e-04, 7.581426e-06, 7.960497e-05, 0, 5.831866e-07, 1.312170e-05, 8.747799e-07, 1.255518e-01, 2.311309e-03, 0.000000e+00, 0.000000, 9.375000e-01, 0, 0.123071, 8.216448e-03 
6.543645e-03, 1.035156e-04, 7.289833e-06, 8.164613e-05, 0, 8.747799e-07, 1.312170e-05, 5.831866e-07, 1.258416e-01, 2.817090e-03, 0.000000e+00, 0.000000, 9.375000e-01, 0, 0.129904, 1.398807e-02 
6.647161e-03, 1.035156e-04, 7.581426e-06, 8.106294e-05, 0, 8.747799e-07, 1.341329e-05, 5.831866e-07, 1.253523e-01, 1.935799e-03, 0.000000e+00, 0.000000, 9.375000e-01, 0, 0.127062, 1.309259e-02 
6.753884e-03, 1.067232e-04, 1.108055e-05, 8.252091e-05, 0, 5.831866e-07, 1.195533e-05, 5.831866e-07, 1.250661e-01, 1.137119e-03, 0.000000e+00, 0.000000, 9.375000e-01, 0, 0.119875, 1.085347e-02 
6.849527e-03, 9.564260e-05, 6.706646e-06, 7.523107e-05, 0, 5.831866e-07, 1.195533e-05, 1.166373e-06, 1.252891e-01, 1.799491e-03, 0.000000e+00, 0.000000, 4.687500e-01, 0, 0.126582, 1.295535e-02 
6.951876e-03, 1.023493e-04, 7.289833e-06, 8.077135e-05, 0, 5.831866e-07, 1.312170e-05, 5.831866e-07, 1.250328e-01, 1.022033e-03, 0.000000e+00, 0.000000, 4.687500e-01, 0, 0.120177, 1.099534e-02 
7.054517e-03, 1.026408e-04, 7.289833e-06, 8.077135e-05, 0, 5.831866e-07, 1.312170e-05, 8.747799e-07, 1.251202e-01, 1.344598e-03, 0.000000e+00, 0.000000, 4.687500e-01, 0, 0.125138, 1.246964e-02 
7.155700e-03, 1.011829e-04, 7.289833e-06, 7.931338e-05, 0, 8.747799e-07, 1.312170e-05, 5.831866e-07, 1.250216e-01, 9.841336e-04, 0.000000e+00, 0.000000, 4.687500e-01, 0, 0.123991, 1.205527e-02 
7.257757e-03, 1.020577e-04, 7.581426e-06, 8.018816e-05, 0, 5.831866e-07, 1.283011e-05, 8.747799e-07, 1.249622e-01, 6.879463e-04, 0.000000e+00, 0.000000, 4.687500e-01, 0, 0.126793, 1.001149e-02 
7.359815e-03, 1.020577e-04, 7.289833e-06, 8.047975e-05, 0, 8.747799e-07, 1.283011e-05, 5.831866e-07, 1.250006e-01, 9.261145e-04, 0.000000e+00, 0.000000, 4.687500e-01, 0, 0.123789, 1.198296e-02 
7.467413e-03, 1.075979e-04, 6.998239e-06, 8.747799e-05, 0, 5.831866e-07, 1.195533e-05, 5.831866e-07, 1.249476e-01, 6.476856e-04, 0.000000e+00, 0.000000, 4.687500e-01, 0, 0.121447, 1.149836e-02 
7.571220e-03, 1.038072e-04, 7.581426e-06, 8.106294e-05, 0, 8.747799e-07, 1.341329e-05, 8.747799e-07, 1.249959e-01, 9.169576e-04, 0.000000e+00, 0.000000, 4.687500e-01, 0, 0.123723, 1.197230e-02 
7.674444e-03, 1.032240e-04, 7.581426e-06, 8.135453e-05, 0, 5.831866e-07, 1.283011e-05, 8.747799e-07, 1.249442e-01, 6.433862e-04, 0.000000e+00, 0.000000, 4.687500e-01, 0, 0.122666, 1.157050e-02 
7.819949e-03, 1.455051e-04, 7.873019e-06, 1.224692e-04, 0, 8.747799e-07, 1.341329e-05, 8.747799e-07, 1.249274e-01, 5.420036e-04, 0.000000e+00, 0.000000, 4.687500e-01, 0, 0.122458, 1.188666e-02 
7.922590e-03, 1.026408e-04, 7.581426e-06, 8.077135e-05, 0, 5.831866e-07, 1.283011e-05, 8.747799e-07, 1.249428e-01, 6.537235e-04, 0.000000e+00, 0.000000, 4.687500e-01, 0, 0.128728, 1.140436e-02 
8.026689e-03, 1.040988e-04, 7.581426e-06, 8.193772e-05, 0, 8.747799e-07, 1.312170e-05, 5.831866e-07, 1.249270e-01, 5.411130e-04, 0.000000e+00, 0.000000, 4.687500e-01, 0, 0.122414, 1.187002e-02 
8.138078e-03, 1.113886e-04, 6.998239e-06, 8.222931e-05, 0, 5.831866e-07, 2.070312e-05, 8.747799e-07, 1.249439e-01, 6.625741e-04, 0.000000e+00, 0.000000, 2.343750e-01, 0, 0.128767, 1.141957e-02 
8.250924e-03, 1.128466e-04, 7.289833e-06, 8.747799e-05, 0, 8.747799e-07, 1.632923e-05, 8.747799e-07, 1.249267e-01, 5.407267e-04, 0.000000e+00, 0.000000, 2.343750e-01, 0, 0.122374, 1.185442e-02 
8.357356e-03, 1.064316e-04, 7.873019e-06, 8.281250e-05, 0, 8.747799e-07, 1.399648e-05, 8.747799e-07, 1.249315e-01, 5.772889e-04, 0.000000e+00, 0.000000, 2.343750e-01, 0, 0.128300, 1.124873e-02 
8.460580e-03, 1.032240e-04, 7.289833e-06, 8.164613e-05, 0, 5.831866e-07, 1.312170e-05, 5.831866e-07, 1.249266e-01, 5.407650e-04, 0.000000e+00, 0.000000, 2.343750e-01, 0, 0.121791, 1.122340e-02 
8.563512e-03, 1.029324e-04, 7.289833e-06, 8.106294e-05, 0, 8.747799e-07, 1.283011e-05, 8.747799e-07, 1.249283e-01, 5.673034e-04, 0.000000e+00, 0.000000, 2.343750e-01, 0, 0.121323, 1.103330e-02 
8.664695e-03, 1.011829e-04, 7.289833e-06, 7.931338e-05, 0, 8.747799e-07, 1.283011e-05, 8.747799e-07, 1.249375e-01, 6.452370e-04, 0.000000e+00, 0.000000, 2.343750e-01, 0, 0.120870, 1.084602e-02 
8.766753e-03, 1.020577e-04, 7.289833e-06, 8.077135e-05, 0, 5.831866e-07, 1.283011e-05, 5.831866e-07, 1.249536e-01, 7.565615e-04, 0.000000e+00, 0.000000, 2.343750e-01, 0, 0.126528, 1.055236e-02 
8.868227e-03, 1.014745e-04, 7.289833e-06, 8.018816e-05, 0, 8.747799e-07, 1.253851e-05, 5.831866e-07, 1.249772e-01, 8.847157e-04, 0.000000e+00, 0.000000, 2.343750e-01, 0, 0.129461, 1.111143e-02 
8.971160e-03, 1.029324e-04, 6.998239e-06, 8.077135e-05, 0, 8.747799e-07, 1.312170e-05, 1.166373e-06, 1.249495e-01, 7.495674e-04, 0.000000e+00, 0.000000, 1.171875e-01, 0, 0.123801, 1.235795e-02 
9.076133e-03, 1.049736e-04, 6.998239e-06, 8.368728e-05, 0, 5.831866e-07, 1.312170e-05, 5.831866e-07, 1.249304e-01, 6.273802e-04, 0.000000e+00, 0.000000, 1.171875e-01, 0, 0.128513, 1.073942e-02 
9.177899e-03, 1.017661e-04, 7.289833e-06, 8.018816e-05, 0, 8.747799e-07, 1.283011e-05, 5.831866e-07, 1.249237e-01, 5.880005e-04, 0.000000e+00, 0.000000, 1.171875e-01, 0, 0.127238, 1.083871e-02 
9.277624e-03, 9.972491e-05, 6.706646e-06, 7.902179e-05, 0, 5.831866e-07, 1.283011e-05, 5.831866e-07, 1.249290e-01, 6.272753e-04, 0.000000e+00, 0.000000, 1.171875e-01, 0, 0.120949, 1.087885e-02 
9.378516e-03, 1.008913e-04, 6.998239e-06, 7.989657e-05, 0, 5.831866e-07, 1.253851e-05, 8.747799e-07, 1.249355e-01, 6.768450e-04, 0.000000e+00, 0.000000, 5.859375e-02, 0, 0.123484, 1.224832e-02 
9.486697e-03, 1.081811e-04, 7.289833e-06, 7.989657e-05, 0, 8.747799e-07, 1.953675e-05, 5.831866e-07, 1.249275e-01, 6.222232e-04, 0.000000e+00, 0.000000, 5.859375e-02, 0, 0.120970, 1.089227e-02 
9.588754e-03, 1.020577e-04, 7.289833e-06, 8.018816e-05, 0, 5.831866e-07, 1.312170e-05, 8.747799e-07, 1.249304e-01, 6.453649e-04, 0.000000e+00, 0.000000, 5.859375e-02, 0, 0.126947, 1.072174e-02 
9.690812e-03, 1.020577e-04, 7.289833e-06, 8.018816e-05, 0, 8.747799e-07, 1.283011e-05, 8.747799e-07, 1.249340e-01, 6.699105e-04, 0.000000e+00, 0.000000, 5.859375e-02, 0, 0.128695, 1.081544e-02 
9.791703e-03, 1.008913e-04, 6.998239e-06, 7.989657e-05, 0, 5.831866e-07, 1.253851e-05, 8.747799e-07, 1.249296e-01, 6.449164e-04, 0.000000e+00, 0.000000, 2.929688e-02, 0, 0.126944, 1.072175e-02 
9.892303e-03, 1.005997e-04, 7.289833e-06, 7.960497e-05, 0, 5.831866e-07, 1.253851e-05, 5.831866e-07, 1.249332e-01, 6.694757e-04, 0.000000e+00, 0.000000, 2.929688e-02, 0, 0.123451, 1.223568e-02 
9.994361e-03, 1.020577e-04, 6.998239e-06, 8.106294e-05, 0, 5.831866e-07, 1.283011e-05, 5.831866e-07, 1.249311e-01, 6.551341e-04, 0.000000e+00, 0.000000, 2.929688e-02, 0, 0.128630, 1.079122e-02 
1.009554e-02, 1.011829e-04, 7.289833e-06, 7.989657e-05, 0, 5.831866e-07, 1.283011e-05, 5.831866e-07, 1.249290e-01, 6.429841e-04, 0.000000e+00, 0.000000, 2.929688e-02, 0, 0.120871, 1.084856e-02 
1.020518e-02, 1.096391e-04, 7.289833e-06, 8.631162e-05, 0, 8.747799e-07, 1.428807e-05, 8.747799e-07, 1.249306e-01, 6.552605e-04, 0.000000e+00, 0.000000, 2.929688e-02, 0, 0.128629, 1.079146e-02 
1.031599e-02, 1.108055e-04, 7.289833e-06, 8.951915e-05, 0, 8.747799e-07, 1.253851e-05, 5.831866e-07, 1.249284e-01, 6.431061e-04, 0.000000e+00, 0.000000, 2.929688e-02, 0, 0.120869, 1.084834e-02 
1.042125e-02, 1.052652e-04, 7.289833e-06, 8.397887e-05, 0, 5.831866e-07, 1.283011e-05, 5.831866e-07, 1.249301e-01, 6.553864e-04, 0.000000e+00, 0.000000, 2.929688e-02, 0, 0.126896, 1.070311e-02 
1.053002e-02, 1.087643e-04, 8.456206e-06, 7.960497e-05, 0, 8.747799e-07, 1.224692e-05, 7.581426e-06, 1.249319e-01, 6.678325e-04, 0.000000e+00, 0.000000, 2.929688e-02, 0, 0.126843, 1.068207e-02 
1.063091e-02, 1.008913e-04, 7.289833e-06, 7.902179e-05, 0, 8.747799e-07, 1.283011e-05, 8.747799e-07, 1.249338e-01, 6.807299e-04, 0.000000e+00, 0.000000, 1.464844e-02, 0, 0.126789, 1.066106e-02 
1.073151e-02, 1.005997e-04, 6.998239e-06, 7.960497e-05, 0, 8.747799e-07, 1.253851e-05, 5.831866e-07, 1.249359e-01, 6.940490e-04, 0.000000e+00, 0.000000, 1.464844e-02, 0, 0.128785, 1.085563e-02 
1.083211e-02, 1.005997e-04, 7.289833e-06, 7.960497e-05, 0, 5.831866e-07, 1.253851e-05, 5.831866e-07, 1.249346e-01, 6.871639e-04, 0.000000e+00, 0.000000, 1.464844e-02, 0, 0.123535, 1.226341e-02 
1.093300e-02, 1.008913e-04, 6.998239e-06, 7.989657e-05, 0, 8.747799e-07, 1.253851e-05, 5.831866e-07, 1.249335e-01, 6.795329e-04, 0.000000e+00, 0.000000, 1.464844e-02, 0, 0.128727, 1.083270e-02 
1.103535e-02, 1.023493e-04, 7.289833e-06, 8.018816e-05, 0, 5.831866e-07, 1.312170e-05, 1.166373e-06, 1.249323e-01, 6.729006e-04, 0.000000e+00, 0.000000, 7.324219e-03, 0, 0.120741, 1.079241e-02 
1.113595e-02, 1.005997e-04, 7.289833e-06, 7.931338e-05, 0, 5.831866e-07, 1.283011e-05, 5.831866e-07, 1.249332e-01, 6.795380e-04, 0.000000e+00, 0.000000, 7.324219e-03, 0, 0.126793, 1.066272e-02 
1.123801e-02, 1.020577e-04, 7.289833e-06, 8.077135e-05, 0, 8.747799e-07, 1.253851e-05, 5.831866e-07, 1.249337e-01, 6.828187e-04, 0.000000e+00, 0.000000, 7.324219e-03, 0, 0.120701, 1.077520e-02 
1.133861e-02, 1.005997e-04, 7.289833e-06, 7.931338e-05, 0, 5.831866e-07, 1.283011e-05, 5.831866e-07, 1.249342e-01, 6.862018e-04, 0.000000e+00, 0.000000, 7.324219e-03, 0, 0.120687, 1.076948e-02 
1.143979e-02, 1.011829e-04, 7.289833e-06, 7.989657e-05, 0, 5.831866e-07, 1.253851e-05, 8.747799e-07, 1.249347e-01, 6.896100e-04, 0.000000e+00, 0.000000, 7.324219e-03, 0, 0.123545, 1.226704e-02 
1.155905e-02, 1.192617e-04, 7.289833e-06, 9.622579e-05, 0, 1.457967e-06, 1.341329e-05, 8.747799e-07, 1.249341e-01, 6.857535e-04, 0.000000e+00, 0.000000, 7.324219e-03, 0, 0.128751, 1.084254e-02 
1.166111e-02, 1.020577e-04, 7.581426e-06, 8.047975e-05, 0, 5.831866e-07, 1.283011e-05, 5.831866e-07, 1.249335e-01, 6.823687e-04, 0.000000e+00, 0.000000, 7.324219e-03, 0, 0.123512, 1.225558e-02 
1.186056e-02, 1.994498e-04, 2.041153e-05, 1.437555e-04, 0, 2.915933e-06, 3.061730e-05, 1.749560e-06, 1.249329e-01, 6.785842e-04, 0.000000e+00, 0.000000, 7.324219e-03, 0, 0.120717, 1.078275e-02 
1.200840e-02, 1.478378e-04, 1.049736e-05, 1.160541e-04, 0, 8.747799e-07, 1.866197e-05, 1.749560e-06, 1.249333e-01, 6.819333e-04, 0.000000e+00, 0.000000, 3.662109e-03, 0, 0.123510, 1.225486e-02 
1.215303e-02, 1.446303e-04, 9.622579e-06, 1.154709e-04, 0, 8.747799e-07, 1.749560e-05, 1.166373e-06, 1.249328e-01, 6.781540e-04, 0.000000e+00, 0.000000, 3.662109e-03, 0, 0.128721, 1.083028e-02 
1.228308e-02, 1.300506e-04, 9.622579e-06, 1.011829e-04, 0, 1.166373e-06, 1.720401e-05, 8.747799e-07, 1.249325e-01, 6.764923e-04, 0.000000e+00, 0.000000, 3.662109e-03, 0, 0.120726, 1.078651e-02 
1.242421e-02, 1.411312e-04, 1.049736e-05, 1.099307e-04, 0, 1.166373e-06, 1.866197e-05, 8.747799e-07, 1.249327e-01, 6.781548e-04, 0.000000e+00, 0.000000, 3.662109e-03, 0, 0.126799, 1.066500e-02 
1.260937e-02, 1.851617e-04, 1.457967e-05, 1.376320e-04, 0, 2.041153e-06, 2.886774e-05, 2.041153e-06, 1.249329e-01, 6.797854e-04, 0.000000e+00, 0.000000, 1.831055e-03, 0, 0.123500, 1.225139e-02 
1.278812e-02, 1.787467e-04, 1.020577e-05, 1.288842e-04, 0, 2.041153e-06, 3.644916e-05, 1.166373e-06, 1.249326e-01, 6.779022e-04, 0.000000e+00, 0.000000, 1.831055e-03, 0, 0.128719, 1.082988e-02 
1.296482e-02, 1.767055e-04, 1.428807e-05, 1.411312e-04, 0, 1.166373e-06, 1.895356e-05, 1.166373e-06, 1.249325e-01, 6.770711e-04, 0.000000e+00, 0.000000, 1.831055e-03, 0, 0.120723, 1.078551e-02 
1.313803e-02, 1.732064e-04, 1.020577e-05, 1.361741e-04, 0, 1.749560e-06, 2.420224e-05, 8.747799e-07, 1.249326e-01, 6.779025e-04, 0.000000e+00, 0.000000, 1.831055e-03, 0, 0.126800, 1.066539e-02 
1.332990e-02, 1.918684e-04, 1.428807e-05, 1.358825e-04, 0, 2.041153e-06, 3.878191e-05, 8.747799e-07, 1.249327e-01, 6.787165e-04, 0.000000e+00, 0.000000, 1.831055e-03, 0, 0.126797, 1.066408e-02 
0.500000, 0, 0, 0, 0, 0, 0, 0, 0, 0, 0, 0, 0, 0, 0 ,0