TRM WS=0, MS=1, TRMstep=0: ub=0.800000, lb=0.200000, grow=2.000000,shrink=0.500000, b_w=3,b_m=3, lr=10.000000, lambda=0.000000, n=9, n0=2, n1=2, n2=1, sub_tol=0.001000, sub_maxit=1000, tol=1.000000e-08, m=4, nobias=0 
time, iter_t, subset_m_time, g_time, subset_w_time, p1_time, t2, t3, total error, total gmag, rho, sigma, gamma, step, approx error, approx gmag 
3.446633e-04, 3.446633e-04, 5.336158e-05, 8.543684e-05, 0, 2.332746e-06, 1.469630e-04, 5.656910e-05, 1.390250e-01, 1.091447e-02, 0.000000e+00, 0.000000, 1.000000e+01, 0, 0.231396, 4.534121e-02 
6.820367e-04, 3.373735e-04, 2.624340e-06, 1.297590e-04, 0, 1.457967e-06, 2.026573e-04, 8.747799e-07, 1.675612e-01, 1.348310e-02, 0.000000e+00, 0.000000, 1.000000e+01, 0, 0.021904, 9.591964e-03 
9.217264e-04, 2.396897e-04, 8.747799e-07, 1.577520e-04, 0, 2.740977e-05, 5.219520e-05, 1.457967e-06, 1.876363e-01, 1.245291e-02, 0.000000e+00, 0.000000, 1.000000e+01, 0, 0.366199, 3.041882e-02 
1.000748e-03, 7.902179e-05, 2.332746e-06, 5.861025e-05, 0, 1.749560e-06, 1.545445e-05, 8.747799e-07, 1.301623e-01, 6.804448e-03, 0.000000e+00, 0.000000, 1.000000e+01, 0, 0.183999, 3.961573e-02 
1.074813e-03, 7.406470e-05, 1.749560e-06, 5.627751e-05, 0, 8.747799e-07, 1.457967e-05, 5.831866e-07, 1.682361e-01, 1.368117e-02, 0.000000e+00, 0.000000, 1.000000e+01, 0, 0.318990, 3.734837e-02 
1.149461e-03, 7.464789e-05, 8.747799e-07, 5.744388e-05, 0, 5.831866e-07, 1.457967e-05, 1.166373e-06, 1.274406e-01, 4.689372e-03, 0.000000e+00, 0.000000, 1.000000e+01, 0, 0.092487, 2.856807e-02 
1.226733e-03, 7.727223e-05, 8.747799e-07, 6.094300e-05, 0, 5.831866e-07, 1.457967e-05, 2.915933e-07, 1.763542e-01, 1.282300e-02, 0.000000e+00, 0.000000, 1.000000e+01, 0, 0.339133, 3.338094e-02 
1.298173e-03, 7.144036e-05, 1.166373e-06, 5.511113e-05, 0, 8.747799e-07, 1.370489e-05, 5.831866e-07, 1.251296e-01, 1.450568e-03, 0.000000e+00, 0.000000, 1.000000e+01, 0, 0.138505, 3.472143e-02 
1.440179e-03, 1.420059e-04, 8.747799e-07, 5.569432e-05, 0, 8.747799e-07, 1.341329e-05, 7.114877e-05, 1.713765e-01, 1.314757e-02, 0.000000e+00, 0.000000, 5.000000e+00, 0, 0.324667, 3.490375e-02 
1.512786e-03, 7.260673e-05, 8.747799e-07, 5.540273e-05, 0, 8.747799e-07, 1.487126e-05, 5.831866e-07, 1.251573e-01, 1.327535e-03, 0.000000e+00, 0.000000, 5.000000e+00, 0, 0.115762, 3.209059e-02 
1.585101e-03, 7.231514e-05, 1.166373e-06, 5.598591e-05, 0, 5.831866e-07, 1.399648e-05, 5.831866e-07, 1.414642e-01, 1.048991e-02, 0.000000e+00, 0.000000, 5.000000e+00, 0, 0.233040, 4.037623e-02 
1.655958e-03, 7.085717e-05, 8.747799e-07, 5.481954e-05, 0, 8.747799e-07, 1.370489e-05, 5.831866e-07, 1.251878e-01, 1.566692e-03, 0.000000e+00, 0.000000, 5.000000e+00, 0, 0.115500, 3.133904e-02 
1.729440e-03, 7.348151e-05, 8.747799e-07, 5.861025e-05, 0, 8.747799e-07, 1.283011e-05, 2.915933e-07, 1.414000e-01, 1.053930e-02, 0.000000e+00, 0.000000, 5.000000e+00, 0, 0.231796, 3.952548e-02 
1.810503e-03, 8.106294e-05, 1.166373e-06, 6.531690e-05, 0, 8.747799e-07, 1.341329e-05, 2.915933e-07, 1.251469e-01, 1.327352e-03, 0.000000e+00, 0.000000, 5.000000e+00, 0, 0.115727, 3.196705e-02 
1.953967e-03, 1.434639e-04, 8.747799e-07, 5.365317e-05, 0, 8.747799e-07, 1.312170e-05, 7.493948e-05, 1.412410e-01, 1.039574e-02, 0.000000e+00, 0.000000, 2.500000e+00, 0, 0.231975, 4.018670e-02 
2.132130e-03, 1.781635e-04, 1.749560e-06, 1.143046e-04, 0, 1.457967e-06, 5.861025e-05, 2.041153e-06, 1.251600e-01, 1.523193e-03, 0.000000e+00, 0.000000, 2.500000e+00, 0, 0.115892, 3.127024e-02 
2.241769e-03, 1.096391e-04, 3.790713e-06, 8.047975e-05, 0, 2.332746e-06, 2.245268e-05, 5.831866e-07, 1.303239e-01, 6.610611e-03, 0.000000e+00, 0.000000, 2.500000e+00, 0, 0.182126, 3.823104e-02 
2.424015e-03, 1.822458e-04, 8.747799e-07, 5.598591e-05, 0, 8.747799e-07, 1.283011e-05, 1.116802e-04, 1.249258e-01, 3.341650e-04, 0.000000e+00, 0.000000, 2.500000e+00, 0, 0.127528, 3.352945e-02 
2.594889e-03, 1.708737e-04, 8.747799e-07, 5.511113e-05, 0, 5.831866e-07, 1.341329e-05, 1.008913e-04, 1.283925e-01, 5.363426e-03, 0.000000e+00, 0.000000, 2.500000e+00, 0, 0.168690, 3.832642e-02 
2.665454e-03, 7.056558e-05, 1.166373e-06, 5.511113e-05, 0, 8.747799e-07, 1.283011e-05, 5.831866e-07, 1.250313e-01, 1.123621e-03, 0.000000e+00, 0.000000, 2.500000e+00, 0, 0.118870, 3.165760e-02 
2.857323e-03, 1.918684e-04, 1.166373e-06, 6.473371e-05, 0, 8.747799e-07, 1.239272e-04, 1.166373e-06, 1.298115e-01, 6.313638e-03, 0.000000e+00, 0.000000, 1.250000e+00, 0, 0.179125, 3.801760e-02 
3.050941e-03, 1.936180e-04, 8.747799e-07, 5.481954e-05, 0, 8.747799e-07, 1.364657e-04, 5.831866e-07, 1.249092e-01, 1.749768e-04, 0.000000e+00, 0.000000, 1.250000e+00, 0, 0.125247, 3.319952e-02 
3.120923e-03, 6.998239e-05, 8.747799e-07, 5.452795e-05, 0, 5.831866e-07, 1.341329e-05, 5.831866e-07, 1.258694e-01, 2.881983e-03, 0.000000e+00, 0.000000, 1.250000e+00, 0, 0.145918, 3.635206e-02 
3.256222e-03, 1.352993e-04, 8.747799e-07, 5.481954e-05, 0, 6.531690e-05, 1.341329e-05, 8.747799e-07, 1.249042e-01, 3.130920e-04, 0.000000e+00, 0.000000, 1.250000e+00, 0, 0.124988, 3.245309e-02 
3.346325e-03, 9.010233e-05, 8.747799e-07, 7.027399e-05, 0, 1.749560e-06, 1.632923e-05, 8.747799e-07, 1.259873e-01, 3.058273e-03, 0.000000e+00, 0.000000, 1.250000e+00, 0, 0.149132, 3.568012e-02 
3.445467e-03, 9.914172e-05, 1.166373e-06, 7.493948e-05, 0, 8.747799e-07, 2.157790e-05, 5.831866e-07, 1.249062e-01, 1.792443e-04, 0.000000e+00, 0.000000, 1.250000e+00, 0, 0.125087, 3.317090e-02 
3.656872e-03, 2.114051e-04, 1.166373e-06, 1.895356e-04, 0, 1.166373e-06, 1.866197e-05, 8.747799e-07, 1.258775e-01, 2.897872e-03, 0.000000e+00, 0.000000, 6.250000e-01, 0, 0.146011, 3.635318e-02 
3.825413e-03, 1.685409e-04, 2.041153e-06, 1.516285e-04, 0, 5.831866e-07, 1.370489e-05, 5.831866e-07, 1.249000e-01, 2.998511e-04, 0.000000e+00, 0.000000, 6.250000e-01, 0, 0.125157, 3.246718e-02 
3.897436e-03, 7.202355e-05, 1.166373e-06, 5.627751e-05, 0, 5.831866e-07, 1.341329e-05, 5.831866e-07, 1.252096e-01, 1.658247e-03, 0.000000e+00, 0.000000, 6.250000e-01, 0, 0.137658, 3.446009e-02 
4.056063e-03, 1.586268e-04, 8.776959e-05, 5.569432e-05, 0, 8.747799e-07, 1.341329e-05, 8.747799e-07, 1.249007e-01, 2.332305e-04, 0.000000e+00, 0.000000, 6.250000e-01, 0, 0.126407, 3.333844e-02 
4.129544e-03, 7.348151e-05, 8.747799e-07, 5.744388e-05, 0, 8.747799e-07, 1.370489e-05, 5.831866e-07, 1.250917e-01, 1.314734e-03, 0.000000e+00, 0.000000, 6.250000e-01, 0, 0.132728, 3.486780e-02 
4.201860e-03, 7.231514e-05, 1.166373e-06, 5.627751e-05, 0, 8.747799e-07, 1.341329e-05, 5.831866e-07, 1.248971e-01, 2.792124e-04, 0.000000e+00, 0.000000, 6.250000e-01, 0, 0.125376, 3.249293e-02 
4.273592e-03, 7.173195e-05, 1.166373e-06, 5.540273e-05, 0, 5.831866e-07, 1.370489e-05, 8.747799e-07, 1.251983e-01, 1.632446e-03, 0.000000e+00, 0.000000, 3.125000e-01, 0, 0.137454, 3.443408e-02 
4.344449e-03, 7.085717e-05, 1.166373e-06, 5.540273e-05, 0, 5.831866e-07, 1.312170e-05, 5.831866e-07, 1.248985e-01, 2.188679e-04, 0.000000e+00, 0.000000, 3.125000e-01, 0, 0.126212, 3.331063e-02 
4.415306e-03, 7.085717e-05, 8.747799e-07, 5.540273e-05, 0, 5.831866e-07, 1.341329e-05, 5.831866e-07, 1.249376e-01, 6.288419e-04, 0.000000e+00, 0.000000, 3.125000e-01, 0, 0.127179, 3.416558e-02 
4.569559e-03, 1.542529e-04, 6.298415e-05, 7.289833e-05, 0, 8.747799e-07, 1.662082e-05, 8.747799e-07, 1.248959e-01, 2.296914e-04, 0.000000e+00, 0.000000, 3.125000e-01, 0, 0.125876, 3.255560e-02 
4.653829e-03, 8.427047e-05, 1.749560e-06, 6.590009e-05, 0, 8.747799e-07, 1.516285e-05, 5.831866e-07, 1.249781e-01, 8.679011e-04, 0.000000e+00, 0.000000, 3.125000e-01, 0, 0.131387, 3.370958e-02 
4.726436e-03, 7.260673e-05, 8.747799e-07, 5.773547e-05, 0, 5.831866e-07, 1.312170e-05, 2.915933e-07, 1.248975e-01, 2.136835e-04, 0.000000e+00, 0.000000, 3.125000e-01, 0, 0.126133, 3.329950e-02 
4.798168e-03, 7.173195e-05, 1.166373e-06, 5.569432e-05, 0, 8.747799e-07, 1.312170e-05, 8.747799e-07, 1.249383e-01, 6.382886e-04, 0.000000e+00, 0.000000, 1.562500e-01, 0, 0.127245, 3.417384e-02 
4.863485e-03, 6.531690e-05, 1.166373e-06, 5.073724e-05, 0, 5.831866e-07, 1.224692e-05, 5.831866e-07, 1.248949e-01, 2.242557e-04, 0.000000e+00, 0.000000, 1.562500e-01, 0, 0.125956, 3.256498e-02 
4.939007e-03, 7.552267e-05, 8.747799e-07, 5.977663e-05, 0, 8.747799e-07, 1.341329e-05, 5.831866e-07, 1.249209e-01, 5.182659e-04, 0.000000e+00, 0.000000, 1.562500e-01, 0, 0.128598, 3.335895e-02 
5.008990e-03, 6.998239e-05, 8.747799e-07, 5.452795e-05, 0, 5.831866e-07, 1.312170e-05, 8.747799e-07, 1.248958e-01, 2.185260e-04, 0.000000e+00, 0.000000, 1.562500e-01, 0, 0.126181, 3.330445e-02 
5.095010e-03, 8.602003e-05, 8.747799e-07, 7.056558e-05, 0, 5.831866e-07, 1.341329e-05, 5.831866e-07, 1.249005e-01, 3.023001e-04, 0.000000e+00, 0.000000, 1.562500e-01, 0, 0.124344, 3.378875e-02 
5.180447e-03, 8.543684e-05, 1.166373e-06, 6.910761e-05, 0, 8.747799e-07, 1.370489e-05, 5.831866e-07, 1.248944e-01, 2.214498e-04, 0.000000e+00, 0.000000, 1.562500e-01, 0, 0.125998, 3.257006e-02 
5.250137e-03, 6.969080e-05, 8.747799e-07, 5.452795e-05, 0, 5.831866e-07, 1.283011e-05, 8.747799e-07, 1.249200e-01, 5.135756e-04, 0.000000e+00, 0.000000, 7.812500e-02, 0, 0.128560, 3.335382e-02 
5.319828e-03, 6.969080e-05, 8.747799e-07, 5.481954e-05, 0, 5.831866e-07, 1.312170e-05, 2.915933e-07, 1.248953e-01, 2.159306e-04, 0.000000e+00, 0.000000, 7.812500e-02, 0, 0.126141, 3.329895e-02 
5.400016e-03, 8.018816e-05, 8.747799e-07, 6.619168e-05, 0, 5.831866e-07, 1.224692e-05, 2.915933e-07, 1.248941e-01, 1.930996e-04, 0.000000e+00, 0.000000, 7.812500e-02, 0, 0.122983, 3.360316e-02 
5.526860e-03, 1.268431e-04, 8.747799e-07, 5.365317e-05, 0, 5.831866e-07, 1.253851e-05, 5.919344e-05, 1.248946e-01, 2.168176e-04, 0.000000e+00, 0.000000, 7.812500e-02, 0, 0.126052, 3.257685e-02 
5.598300e-03, 7.144036e-05, 1.166373e-06, 5.627751e-05, 0, 5.831866e-07, 1.283011e-05, 5.831866e-07, 1.249035e-01, 3.465491e-04, 0.000000e+00, 0.000000, 7.812500e-02, 0, 0.127147, 3.317126e-02 
5.667116e-03, 6.881602e-05, 8.747799e-07, 5.394476e-05, 0, 5.831866e-07, 1.283011e-05, 5.831866e-07, 1.248951e-01, 2.146899e-04, 0.000000e+00, 0.000000, 7.812500e-02, 0, 0.126122, 3.329627e-02 
5.740306e-03, 7.318992e-05, 1.166373e-06, 5.686069e-05, 0, 8.747799e-07, 1.341329e-05, 8.747799e-07, 1.248940e-01, 1.940239e-04, 0.000000e+00, 0.000000, 3.906250e-02, 0, 0.123000, 3.360541e-02 
5.836532e-03, 9.622579e-05, 1.166373e-06, 7.785541e-05, 0, 8.747799e-07, 1.574604e-05, 5.831866e-07, 1.248944e-01, 2.155829e-04, 0.000000e+00, 0.000000, 3.906250e-02, 0, 0.126072, 3.257928e-02 
5.908555e-03, 7.202355e-05, 8.747799e-07, 5.686069e-05, 0, 5.831866e-07, 1.312170e-05, 5.831866e-07, 1.248978e-01, 2.733771e-04, 0.000000e+00, 0.000000, 3.906250e-02, 0, 0.126457, 3.308127e-02 
6.008280e-03, 9.972491e-05, 1.166373e-06, 7.902179e-05, 0, 8.747799e-07, 1.778719e-05, 8.747799e-07, 1.248946e-01, 2.146612e-04, 0.000000e+00, 0.000000, 1.953125e-02, 0, 0.126116, 3.329525e-02 
6.136873e-03, 1.285926e-04, 3.499120e-06, 9.739216e-05, 0, 2.041153e-06, 2.478543e-05, 8.747799e-07, 1.248931e-01, 1.835145e-04, 0.000000e+00, 0.000000, 1.953125e-02, 0, 0.122301, 3.350917e-02 
6.248553e-03, 1.116802e-04, 2.624340e-06, 8.689481e-05, 0, 1.166373e-06, 2.011994e-05, 8.747799e-07, 1.248934e-01, 1.945961e-04, 0.000000e+00, 0.000000, 1.953125e-02, 0, 0.126419, 3.262297e-02 
6.345070e-03, 9.651738e-05, 1.457967e-06, 7.552267e-05, 0, 8.747799e-07, 1.749560e-05, 1.166373e-06, 1.248945e-01, 2.142381e-04, 0.000000e+00, 0.000000, 1.953125e-02, 0, 0.125769, 3.299074e-02 
6.440130e-03, 9.505942e-05, 1.457967e-06, 7.377311e-05, 0, 8.747799e-07, 1.807879e-05, 8.747799e-07, 1.248936e-01, 1.943387e-04, 0.000000e+00, 0.000000, 1.953125e-02, 0, 0.125766, 3.324863e-02 
6.529357e-03, 8.922755e-05, 1.457967e-06, 7.144036e-05, 0, 8.747799e-07, 1.487126e-05, 5.831866e-07, 1.248931e-01, 1.834915e-04, 0.000000e+00, 0.000000, 1.953125e-02, 0, 0.122303, 3.350948e-02 
6.603130e-03, 7.377311e-05, 1.166373e-06, 5.686069e-05, 0, 8.747799e-07, 1.370489e-05, 1.166373e-06, 1.248934e-01, 1.944888e-04, 0.000000e+00, 0.000000, 9.765625e-03, 0, 0.126422, 3.262335e-02 
6.676612e-03, 7.348151e-05, 8.747799e-07, 5.686069e-05, 0, 8.747799e-07, 1.428807e-05, 5.831866e-07, 1.248944e-01, 2.140649e-04, 0.000000e+00, 0.000000, 9.765625e-03, 0, 0.125767, 3.299037e-02 
6.747761e-03, 7.114877e-05, 8.747799e-07, 5.569432e-05, 0, 5.831866e-07, 1.341329e-05, 5.831866e-07, 1.248939e-01, 2.031479e-04, 0.000000e+00, 0.000000, 9.765625e-03, 0, 0.125934, 3.327089e-02 
6.879852e-03, 1.320918e-04, 8.747799e-07, 5.598591e-05, 0, 5.831866e-07, 1.341329e-05, 6.123459e-05, 1.248935e-01, 1.941674e-04, 0.000000e+00, 0.000000, 4.882813e-03, 0, 0.121961, 3.346193e-02 
7.010778e-03, 1.309254e-04, 1.166373e-06, 7.202355e-05, 0, 8.747799e-07, 5.569432e-05, 1.166373e-06, 1.248938e-01, 2.032117e-04, 0.000000e+00, 0.000000, 4.882813e-03, 0, 0.126258, 3.260267e-02 
7.101172e-03, 9.039393e-05, 1.749560e-06, 7.114877e-05, 0, 1.166373e-06, 1.574604e-05, 5.831866e-07, 1.248941e-01, 2.083532e-04, 0.000000e+00, 0.000000, 4.882813e-03, 0, 0.125681, 3.297908e-02 
7.175236e-03, 7.406470e-05, 8.747799e-07, 5.773547e-05, 0, 5.831866e-07, 1.370489e-05, 1.166373e-06, 1.248939e-01, 2.031325e-04, 0.000000e+00, 0.000000, 2.441406e-03, 0, 0.125933, 3.327073e-02 
7.248135e-03, 7.289833e-05, 1.166373e-06, 5.686069e-05, 0, 5.831866e-07, 1.370489e-05, 5.831866e-07, 1.248936e-01, 1.983734e-04, 0.000000e+00, 0.000000, 2.441406e-03, 0, 0.121874, 3.344988e-02 
7.320742e-03, 7.260673e-05, 1.457967e-06, 5.627751e-05, 0, 5.831866e-07, 1.370489e-05, 5.831866e-07, 1.248937e-01, 2.007018e-04, 0.000000e+00, 0.000000, 2.441406e-03, 0, 0.126301, 3.260809e-02 
7.398889e-03, 7.814701e-05, 8.747799e-07, 6.356734e-05, 0, 5.831866e-07, 1.253851e-05, 5.831866e-07, 1.248938e-01, 2.030868e-04, 0.000000e+00, 0.000000, 2.441406e-03, 0, 0.125596, 3.296775e-02 
7.464497e-03, 6.560849e-05, 8.747799e-07, 5.161202e-05, 0, 5.831866e-07, 1.224692e-05, 2.915933e-07, 1.248937e-01, 2.006651e-04, 0.000000e+00, 0.000000, 2.441406e-03, 0, 0.125889, 3.326490e-02 
7.535063e-03, 7.056558e-05, 8.747799e-07, 5.540273e-05, 0, 8.747799e-07, 1.283011e-05, 5.831866e-07, 1.248936e-01, 1.983533e-04, 0.000000e+00, 0.000000, 2.441406e-03, 0, 0.121874, 3.344993e-02 
7.605337e-03, 7.027399e-05, 1.166373e-06, 5.452795e-05, 0, 8.747799e-07, 1.312170e-05, 5.831866e-07, 1.248937e-01, 2.006803e-04, 0.000000e+00, 0.000000, 1.220703e-03, 0, 0.126301, 3.260815e-02 
7.675319e-03, 6.998239e-05, 8.747799e-07, 5.481954e-05, 0, 5.831866e-07, 1.312170e-05, 5.831866e-07, 1.248938e-01, 2.030640e-04, 0.000000e+00, 0.000000, 1.220703e-03, 0, 0.125595, 3.296769e-02 
7.745301e-03, 6.998239e-05, 8.747799e-07, 5.452795e-05, 0, 8.747799e-07, 1.312170e-05, 5.831866e-07, 1.248938e-01, 2.018379e-04, 0.000000e+00, 0.000000, 1.220703e-03, 0, 0.125910, 3.326766e-02 
7.815284e-03, 6.998239e-05, 8.747799e-07, 5.481954e-05, 0, 5.831866e-07, 1.312170e-05, 5.831866e-07, 1.248937e-01, 2.006331e-04, 0.000000e+00, 0.000000, 6.103516e-04, 0, 0.121832, 3.344399e-02 
7.885266e-03, 6.998239e-05, 1.166373e-06, 5.511113e-05, 0, 5.831866e-07, 1.253851e-05, 5.831866e-07, 1.248938e-01, 2.018452e-04, 0.000000e+00, 0.000000, 6.103516e-04, 0, 0.126281, 3.260557e-02 
7.953499e-03, 6.823283e-05, 8.747799e-07, 5.365317e-05, 0, 5.831866e-07, 1.253851e-05, 5.831866e-07, 1.248938e-01, 2.024448e-04, 0.000000e+00, 0.000000, 6.103516e-04, 0, 0.125585, 3.296628e-02 
8.043310e-03, 8.981074e-05, 8.747799e-07, 7.464789e-05, 0, 5.831866e-07, 1.283011e-05, 8.747799e-07, 1.248938e-01, 2.018358e-04, 0.000000e+00, 0.000000, 3.051758e-04, 0, 0.125910, 3.326764e-02 
8.133995e-03, 9.068552e-05, 1.166373e-06, 6.764965e-05, 0, 1.166373e-06, 2.011994e-05, 5.831866e-07, 1.248938e-01, 2.012294e-04, 0.000000e+00, 0.000000, 3.051758e-04, 0, 0.121821, 3.344248e-02 
8.203103e-03, 6.910761e-05, 8.747799e-07, 5.452795e-05, 0, 8.747799e-07, 1.253851e-05, 2.915933e-07, 1.248938e-01, 2.015334e-04, 0.000000e+00, 0.000000, 3.051758e-04, 0, 0.126286, 3.260624e-02 
8.271919e-03, 6.881602e-05, 8.747799e-07, 5.423636e-05, 0, 5.831866e-07, 1.253851e-05, 5.831866e-07, 1.248938e-01, 2.018302e-04, 0.000000e+00, 0.000000, 3.051758e-04, 0, 0.125574, 3.296486e-02 
8.341318e-03, 6.939921e-05, 1.166373e-06, 5.423636e-05, 0, 5.831866e-07, 1.283011e-05, 5.831866e-07, 1.248938e-01, 2.015288e-04, 0.000000e+00, 0.000000, 3.051758e-04, 0, 0.125905, 3.326692e-02 
8.412175e-03, 7.085717e-05, 8.747799e-07, 5.423636e-05, 0, 5.831866e-07, 1.457967e-05, 5.831866e-07, 1.248937e-01, 2.012266e-04, 0.000000e+00, 0.000000, 3.051758e-04, 0, 0.121821, 3.344249e-02 
8.476326e-03, 6.415053e-05, 8.747799e-07, 5.015405e-05, 0, 5.831866e-07, 1.195533e-05, 5.831866e-07, 1.248938e-01, 2.015306e-04, 0.000000e+00, 0.000000, 1.525879e-04, 0, 0.126286, 3.260625e-02 
8.540768e-03, 6.444212e-05, 8.747799e-07, 5.044564e-05, 0, 5.831866e-07, 1.195533e-05, 5.831866e-07, 1.248938e-01, 2.018274e-04, 0.000000e+00, 0.000000, 1.525879e-04, 0, 0.125574, 3.296486e-02 
8.604918e-03, 6.415053e-05, 8.747799e-07, 5.015405e-05, 0, 8.747799e-07, 1.195533e-05, 2.915933e-07, 1.248938e-01, 2.016764e-04, 0.000000e+00, 0.000000, 1.525879e-04, 0, 0.125907, 3.326726e-02 
8.677234e-03, 7.231514e-05, 8.747799e-07, 5.452795e-05, 0, 5.831866e-07, 1.545445e-05, 8.747799e-07, 1.248938e-01, 2.015246e-04, 0.000000e+00, 0.000000, 7.629395e-05, 0, 0.121816, 3.344174e-02 
8.747508e-03, 7.027399e-05, 1.166373e-06, 5.452795e-05, 0, 8.747799e-07, 1.312170e-05, 5.831866e-07, 1.248938e-01, 2.016773e-04, 0.000000e+00, 0.000000, 7.629395e-05, 0, 0.126284, 3.260593e-02 
8.899136e-03, 1.516285e-04, 8.747799e-07, 1.265515e-04, 0, 1.457967e-06, 2.186950e-05, 8.747799e-07, 1.248938e-01, 2.017516e-04, 0.000000e+00, 0.000000, 7.629395e-05, 0, 0.125573, 3.296468e-02 
8.974367e-03, 7.523107e-05, 1.457967e-06, 5.861025e-05, 0, 5.831866e-07, 1.341329e-05, 1.166373e-06, 1.248938e-01, 2.016762e-04, 0.000000e+00, 0.000000, 3.814697e-05, 0, 0.125907, 3.326726e-02 
9.043766e-03, 6.939921e-05, 8.747799e-07, 5.452795e-05, 0, 5.831866e-07, 1.283011e-05, 5.831866e-07, 1.248938e-01, 2.016002e-04, 0.000000e+00, 0.000000, 3.814697e-05, 0, 0.121814, 3.344156e-02 
9.125704e-03, 8.193772e-05, 1.166373e-06, 6.677487e-05, 0, 5.831866e-07, 1.283011e-05, 5.831866e-07, 1.248938e-01, 2.016384e-04, 0.000000e+00, 0.000000, 3.814697e-05, 0, 0.126284, 3.260601e-02 
9.195687e-03, 6.998239e-05, 1.166373e-06, 5.452795e-05, 0, 8.747799e-07, 1.283011e-05, 5.831866e-07, 1.248938e-01, 2.016755e-04, 0.000000e+00, 0.000000, 3.814697e-05, 0, 0.125571, 3.296450e-02 
9.264794e-03, 6.910761e-05, 8.747799e-07, 5.452795e-05, 0, 5.831866e-07, 1.253851e-05, 5.831866e-07, 1.248938e-01, 2.016378e-04, 0.000000e+00, 0.000000, 3.814697e-05, 0, 0.125907, 3.326717e-02 
9.333319e-03, 6.852443e-05, 1.166373e-06, 5.365317e-05, 0, 5.831866e-07, 1.283011e-05, 2.915933e-07, 1.248938e-01, 2.015998e-04, 0.000000e+00, 0.000000, 3.814697e-05, 0, 0.121814, 3.344156e-02 
9.403884e-03, 7.056558e-05, 1.166373e-06, 5.511113e-05, 0, 8.747799e-07, 1.283011e-05, 5.831866e-07, 1.248938e-01, 2.016380e-04, 0.000000e+00, 0.000000, 1.907349e-05, 0, 0.126284, 3.260601e-02 
9.472992e-03, 6.910761e-05, 8.747799e-07, 5.394476e-05, 0, 8.747799e-07, 1.283011e-05, 5.831866e-07, 1.248938e-01, 2.016751e-04, 0.000000e+00, 0.000000, 1.907349e-05, 0, 0.125571, 3.296450e-02 
9.545307e-03, 7.231514e-05, 1.166373e-06, 5.452795e-05, 0, 5.831866e-07, 1.545445e-05, 5.831866e-07, 1.248938e-01, 2.016563e-04, 0.000000e+00, 0.000000, 1.907349e-05, 0, 0.125907, 3.326721e-02 
9.609749e-03, 6.444212e-05, 8.747799e-07, 5.015405e-05, 0, 8.747799e-07, 1.195533e-05, 5.831866e-07, 1.248938e-01, 2.016373e-04, 0.000000e+00, 0.000000, 9.536743e-06, 0, 0.121814, 3.344146e-02 
9.679440e-03, 6.969080e-05, 8.747799e-07, 5.452795e-05, 0, 5.831866e-07, 1.312170e-05, 5.831866e-07, 1.248938e-01, 2.016564e-04, 0.000000e+00, 0.000000, 9.536743e-06, 0, 0.126284, 3.260597e-02 
9.751172e-03, 7.173195e-05, 1.166373e-06, 5.569432e-05, 0, 8.747799e-07, 1.341329e-05, 5.831866e-07, 1.248938e-01, 2.016657e-04, 0.000000e+00, 0.000000, 9.536743e-06, 0, 0.125571, 3.296448e-02 
9.820571e-03, 6.939921e-05, 1.166373e-06, 5.423636e-05, 0, 5.831866e-07, 1.283011e-05, 5.831866e-07, 1.248938e-01, 2.016562e-04, 0.000000e+00, 0.000000, 4.768372e-06, 0, 0.125907, 3.326721e-02 
9.890553e-03, 6.998239e-05, 8.747799e-07, 5.481954e-05, 0, 8.747799e-07, 1.283011e-05, 5.831866e-07, 1.248938e-01, 2.016467e-04, 0.000000e+00, 0.000000, 4.768372e-06, 0, 0.121814, 3.344144e-02 
9.966659e-03, 7.610585e-05, 1.166373e-06, 6.065141e-05, 0, 5.831866e-07, 1.312170e-05, 5.831866e-07, 1.248938e-01, 2.016515e-04, 0.000000e+00, 0.000000, 4.768372e-06, 0, 0.126284, 3.260598e-02 
1.003606e-02, 6.939921e-05, 1.166373e-06, 5.423636e-05, 0, 8.747799e-07, 1.253851e-05, 5.831866e-07, 1.248938e-01, 2.016562e-04, 0.000000e+00, 0.000000, 4.768372e-06, 0, 0.125571, 3.296446e-02 
1.010604e-02, 6.998239e-05, 8.747799e-07, 5.452795e-05, 0, 8.747799e-07, 1.312170e-05, 5.831866e-07, 1.248938e-01, 2.016514e-04, 0.000000e+00, 0.000000, 4.768372e-06, 0, 0.125907, 3.326720e-02 
1.017515e-02, 6.910761e-05, 8.747799e-07, 5.423636e-05, 0, 5.831866e-07, 1.283011e-05, 5.831866e-07, 1.248938e-01, 2.016467e-04, 0.000000e+00, 0.000000, 4.768372e-06, 0, 0.121814, 3.344144e-02 
1.024630e-02, 7.114877e-05, 1.166373e-06, 5.540273e-05, 0, 8.747799e-07, 1.312170e-05, 5.831866e-07, 1.248938e-01, 2.016515e-04, 0.000000e+00, 0.000000, 2.384186e-06, 0, 0.126284, 3.260598e-02 
1.031832e-02, 7.202355e-05, 8.747799e-07, 5.656910e-05, 0, 5.831866e-07, 1.341329e-05, 5.831866e-07, 1.248938e-01, 2.016561e-04, 0.000000e+00, 0.000000, 2.384186e-06, 0, 0.125571, 3.296446e-02 
1.045683e-02, 1.385068e-04, 2.915933e-06, 1.035156e-04, 0, 2.041153e-06, 2.945092e-05, 5.831866e-07, 1.248938e-01, 2.016538e-04, 0.000000e+00, 0.000000, 2.384186e-06, 0, 0.125907, 3.326720e-02 
1.055393e-02, 9.710057e-05, 2.624340e-06, 7.173195e-05, 0, 1.457967e-06, 1.982834e-05, 1.457967e-06, 1.248938e-01, 2.016514e-04, 0.000000e+00, 0.000000, 1.192093e-06, 0, 0.121813, 3.344143e-02 
1.067086e-02, 1.169289e-04, 2.624340e-06, 8.660321e-05, 0, 1.166373e-06, 2.566021e-05, 8.747799e-07, 1.248938e-01, 2.016538e-04, 0.000000e+00, 0.000000, 1.192093e-06, 0, 0.126284, 3.260598e-02 
1.074550e-02, 7.464789e-05, 1.166373e-06, 5.773547e-05, 0, 8.747799e-07, 1.428807e-05, 5.831866e-07, 1.248938e-01, 2.016549e-04, 0.000000e+00, 0.000000, 1.192093e-06, 0, 0.125571, 3.296445e-02 
1.082103e-02, 7.552267e-05, 1.166373e-06, 5.919344e-05, 0, 5.831866e-07, 1.341329e-05, 1.166373e-06, 1.248938e-01, 2.016538e-04, 0.000000e+00, 0.000000, 5.960464e-07, 0, 0.125907, 3.326720e-02 
1.089247e-02, 7.144036e-05, 1.166373e-06, 5.540273e-05, 0, 5.831866e-07, 1.370489e-05, 5.831866e-07, 1.248938e-01, 2.016526e-04, 0.000000e+00, 0.000000, 5.960464e-07, 0, 0.121813, 3.344143e-02 
1.096333e-02, 7.085717e-05, 1.166373e-06, 5.511113e-05, 0, 5.831866e-07, 1.341329e-05, 5.831866e-07, 1.248938e-01, 2.016532e-04, 0.000000e+00, 0.000000, 5.960464e-07, 0, 0.126284, 3.260598e-02 
1.103243e-02, 6.910761e-05, 8.747799e-07, 5.394476e-05, 0, 5.831866e-07, 1.312170e-05, 5.831866e-07, 1.248938e-01, 2.016537e-04, 0.000000e+00, 0.000000, 5.960464e-07, 0, 0.125571, 3.296445e-02 
1.110329e-02, 7.085717e-05, 8.747799e-07, 5.598591e-05, 0, 5.831866e-07, 1.283011e-05, 5.831866e-07, 1.248938e-01, 2.016532e-04, 0.000000e+00, 0.000000, 5.960464e-07, 0, 0.125907, 3.326720e-02 
1.117327e-02, 6.998239e-05, 8.747799e-07, 5.452795e-05, 0, 5.831866e-07, 1.341329e-05, 5.831866e-07, 1.248938e-01, 2.016526e-04, 0.000000e+00, 0.000000, 5.960464e-07, 0, 0.121813, 3.344143e-02 
1.124384e-02, 7.056558e-05, 1.166373e-06, 5.452795e-05, 0, 8.747799e-07, 1.312170e-05, 8.747799e-07, 1.248938e-01, 2.016532e-04, 0.000000e+00, 0.000000, 2.980232e-07, 0, 0.126284, 3.260598e-02 
1.131382e-02, 6.998239e-05, 1.166373e-06, 5.452795e-05, 0, 5.831866e-07, 1.312170e-05, 5.831866e-07, 1.248938e-01, 2.016537e-04, 0.000000e+00, 0.000000, 2.980232e-07, 0, 0.125571, 3.296445e-02 
1.138439e-02, 7.056558e-05, 1.166373e-06, 5.481954e-05, 0, 5.831866e-07, 1.341329e-05, 5.831866e-07, 1.248938e-01, 2.016534e-04, 0.000000e+00, 0.000000, 2.980232e-07, 0, 0.125907, 3.326720e-02 
1.145466e-02, 7.027399e-05, 8.747799e-07, 5.481954e-05, 0, 5.831866e-07, 1.312170e-05, 8.747799e-07, 1.248938e-01, 2.016531e-04, 0.000000e+00, 0.000000, 1.490116e-07, 0, 0.121813, 3.344142e-02 
1.152318e-02, 6.852443e-05, 1.166373e-06, 5.336158e-05, 0, 5.831866e-07, 1.283011e-05, 5.831866e-07, 1.248938e-01, 2.016534e-04, 0.000000e+00, 0.000000, 1.490116e-07, 0, 0.126284, 3.260598e-02 
1.159171e-02, 6.852443e-05, 8.747799e-07, 5.365317e-05, 0, 5.831866e-07, 1.283011e-05, 5.831866e-07, 1.248938e-01, 2.016536e-04, 0.000000e+00, 0.000000, 1.490116e-07, 0, 0.125571, 3.296445e-02 
1.166052e-02, 6.881602e-05, 8.747799e-07, 5.365317e-05, 0, 8.747799e-07, 1.253851e-05, 8.747799e-07, 1.248938e-01, 2.016534e-04, 0.000000e+00, 0.000000, 7.450581e-08, 0, 0.125907, 3.326720e-02 
1.172934e-02, 6.881602e-05, 1.166373e-06, 5.394476e-05, 0, 5.831866e-07, 1.253851e-05, 5.831866e-07, 1.248938e-01, 2.016533e-04, 0.000000e+00, 0.000000, 7.450581e-08, 0, 0.121813, 3.344142e-02 
1.179787e-02, 6.852443e-05, 1.166373e-06, 5.365317e-05, 0, 5.831866e-07, 1.253851e-05, 5.831866e-07, 1.248938e-01, 2.016534e-04, 0.000000e+00, 0.000000, 7.450581e-08, 0, 0.126284, 3.260598e-02 
1.186610e-02, 6.823283e-05, 8.747799e-07, 5.336158e-05, 0, 5.831866e-07, 1.283011e-05, 5.831866e-07, 1.248938e-01, 2.016534e-04, 0.000000e+00, 0.000000, 7.450581e-08, 0, 0.125571, 3.296445e-02 
1.193462e-02, 6.852443e-05, 8.747799e-07, 5.394476e-05, 0, 8.747799e-07, 1.253851e-05, 2.915933e-07, 1.248938e-01, 2.016534e-04, 0.000000e+00, 0.000000, 7.450581e-08, 0, 0.125907, 3.326720e-02 
1.200344e-02, 6.881602e-05, 1.166373e-06, 5.365317e-05, 0, 8.747799e-07, 1.253851e-05, 5.831866e-07, 1.248938e-01, 2.016533e-04, 0.000000e+00, 0.000000, 7.450581e-08, 0, 0.121813, 3.344142e-02 
1.207138e-02, 6.794124e-05, 1.166373e-06, 5.277839e-05, 0, 5.831866e-07, 1.283011e-05, 5.831866e-07, 1.248938e-01, 2.016534e-04, 0.000000e+00, 0.000000, 3.725290e-08, 0, 0.126284, 3.260598e-02 
1.213990e-02, 6.852443e-05, 8.747799e-07, 5.336158e-05, 0, 8.747799e-07, 1.283011e-05, 5.831866e-07, 1.248938e-01, 2.016534e-04, 0.000000e+00, 0.000000, 3.725290e-08, 0, 0.125571, 3.296445e-02 
1.220872e-02, 6.881602e-05, 1.166373e-06, 5.365317e-05, 0, 8.747799e-07, 1.253851e-05, 5.831866e-07, 1.248938e-01, 2.016534e-04, 0.000000e+00, 0.000000, 3.725290e-08, 0, 0.125907, 3.326720e-02 
1.227754e-02, 6.881602e-05, 8.747799e-07, 5.365317e-05, 0, 8.747799e-07, 1.283011e-05, 5.831866e-07, 1.248938e-01, 2.016534e-04, 0.000000e+00, 0.000000, 1.862645e-08, 0, 0.121813, 3.344142e-02 
1.234577e-02, 6.823283e-05, 8.747799e-07, 5.336158e-05, 0, 8.747799e-07, 1.253851e-05, 5.831866e-07, 1.248938e-01, 2.016534e-04, 0.000000e+00, 0.000000, 1.862645e-08, 0, 0.126284, 3.260598e-02 
1.241459e-02, 6.881602e-05, 8.747799e-07, 5.365317e-05, 0, 8.747799e-07, 1.283011e-05, 5.831866e-07, 1.248938e-01, 2.016534e-04, 0.000000e+00, 0.000000, 1.862645e-08, 0, 0.125571, 3.296445e-02 
1.248282e-02, 6.823283e-05, 8.747799e-07, 5.336158e-05, 0, 5.831866e-07, 1.253851e-05, 8.747799e-07, 1.248938e-01, 2.016534e-04, 0.000000e+00, 0.000000, 9.313226e-09, 0, 0.125907, 3.326720e-02 
1.255076e-02, 6.794124e-05, 8.747799e-07, 5.336158e-05, 0, 5.831866e-07, 1.253851e-05, 5.831866e-07, 1.248938e-01, 2.016534e-04, 0.000000e+00, 0.000000, 9.313226e-09, 0, 0.121813, 3.344142e-02 
1.261841e-02, 6.764965e-05, 8.747799e-07, 5.306998e-05, 0, 5.831866e-07, 1.253851e-05, 5.831866e-07, 1.248938e-01, 2.016534e-04, 0.000000e+00, 0.000000, 9.313226e-09, 0, 0.126284, 3.260598e-02 
1.269335e-02, 7.493948e-05, 1.166373e-06, 5.598591e-05, 0, 5.831866e-07, 1.632923e-05, 8.747799e-07, 1.248938e-01, 2.016534e-04, 0.000000e+00, 0.000000, 9.313226e-09, 0, 0.125571, 3.296445e-02 
1.276333e-02, 6.998239e-05, 1.166373e-06, 5.481954e-05, 0, 5.831866e-07, 1.283011e-05, 5.831866e-07, 1.248938e-01, 2.016534e-04, 0.000000e+00, 0.000000, 9.313226e-09, 0, 0.125907, 3.326720e-02 
1.283302e-02, 6.969080e-05, 1.166373e-06, 5.423636e-05, 0, 8.747799e-07, 1.283011e-05, 5.831866e-07, 1.248938e-01, 2.016534e-04, 0.000000e+00, 0.000000, 9.313226e-09, 0, 0.121813, 3.344142e-02 
1.290825e-02, 7.523107e-05, 1.166373e-06, 6.006822e-05, 0, 5.831866e-07, 1.253851e-05, 8.747799e-07, 1.248938e-01, 2.016534e-04, 0.000000e+00, 0.000000, 4.656613e-09, 0, 0.126284, 3.260598e-02 
1.297736e-02, 6.910761e-05, 8.747799e-07, 5.423636e-05, 0, 8.747799e-07, 1.253851e-05, 5.831866e-07, 1.248938e-01, 2.016534e-04, 0.000000e+00, 0.000000, 4.656613e-09, 0, 0.125571, 3.296445e-02 
1.304705e-02, 6.969080e-05, 8.747799e-07, 5.481954e-05, 0, 5.831866e-07, 1.283011e-05, 5.831866e-07, 1.248938e-01, 2.016534e-04, 0.000000e+00, 0.000000, 4.656613e-09, 0, 0.125907, 3.326720e-02 
1.312287e-02, 7.581426e-05, 8.747799e-07, 5.948503e-05, 0, 5.831866e-07, 1.399648e-05, 8.747799e-07, 1.248938e-01, 2.016534e-04, 0.000000e+00, 0.000000, 2.328306e-09, 0, 0.121813, 3.344142e-02 
1.321909e-02, 9.622579e-05, 1.166373e-06, 7.318992e-05, 0, 1.749560e-06, 1.953675e-05, 5.831866e-07, 1.248938e-01, 2.016534e-04, 0.000000e+00, 0.000000, 2.328306e-09, 0, 0.126284, 3.260598e-02 
1.331765e-02, 9.855854e-05, 1.166373e-06, 7.698063e-05, 0, 5.831866e-07, 1.807879e-05, 1.749560e-06, 1.248938e-01, 2.016534e-04, 0.000000e+00, 0.000000, 2.328306e-09, 0, 0.125571, 3.296445e-02 
1.343283e-02, 1.151794e-04, 2.041153e-06, 9.126870e-05, 0, 5.831866e-07, 2.041153e-05, 8.747799e-07, 1.248938e-01, 2.016534e-04, 0.000000e+00, 0.000000, 1.164153e-09, 0, 0.125907, 3.326720e-02 
1.352206e-02, 8.922755e-05, 1.749560e-06, 6.823283e-05, 0, 1.166373e-06, 1.749560e-05, 5.831866e-07, 1.248938e-01, 2.016534e-04, 0.000000e+00, 0.000000, 1.164153e-09, 0, 0.121813, 3.344142e-02 
1.363374e-02, 1.116802e-04, 2.624340e-06, 8.543684e-05, 0, 1.457967e-06, 2.128631e-05, 8.747799e-07, 1.248938e-01, 2.016534e-04, 0.000000e+00, 0.000000, 1.164153e-09, 0, 0.126284, 3.260598e-02 
1.373813e-02, 1.043904e-04, 2.041153e-06, 8.018816e-05, 0, 1.166373e-06, 1.953675e-05, 1.457967e-06, 1.248938e-01, 2.016534e-04, 0.000000e+00, 0.000000, 1.164153e-09, 0, 0.125571, 3.296445e-02 
1.381540e-02, 7.727223e-05, 1.457967e-06, 5.977663e-05, 0, 5.831866e-07, 1.487126e-05, 5.831866e-07, 1.248938e-01, 2.016534e-04, 0.000000e+00, 0.000000, 1.164153e-09, 0, 0.125907, 3.326720e-02 
1.392154e-02, 1.061400e-04, 1.457967e-06, 8.252091e-05, 0, 1.457967e-06, 1.982834e-05, 8.747799e-07, 1.248938e-01, 2.016534e-04, 0.000000e+00, 0.000000, 1.164153e-09, 0, 0.121813, 3.344142e-02 
1.403584e-02, 1.143046e-04, 1.457967e-06, 9.330986e-05, 0, 8.747799e-07, 1.720401e-05, 1.457967e-06, 1.248938e-01, 2.016534e-04, 0.000000e+00, 0.000000, 5.820766e-10, 0, 0.126284, 3.260598e-02 
1.413265e-02, 9.680898e-05, 1.749560e-06, 7.406470e-05, 0, 1.166373e-06, 1.895356e-05, 8.747799e-07, 1.248938e-01, 2.016534e-04, 0.000000e+00, 0.000000, 5.820766e-10, 0, 0.125571, 3.296445e-02 
1.423763e-02, 1.049736e-04, 1.749560e-06, 8.106294e-05, 0, 1.166373e-06, 2.011994e-05, 8.747799e-07, 1.248938e-01, 2.016534e-04, 0.000000e+00, 0.000000, 5.820766e-10, 0, 0.125907, 3.326720e-02 
1.432860e-02, 9.097711e-05, 1.457967e-06, 7.260673e-05, 0, 8.747799e-07, 1.487126e-05, 1.166373e-06, 1.248938e-01, 2.016534e-04, 0.000000e+00, 0.000000, 2.910383e-10, 0, 0.121813, 3.344142e-02 
1.440121e-02, 7.260673e-05, 1.166373e-06, 5.656910e-05, 0, 5.831866e-07, 1.370489e-05, 5.831866e-07, 1.248938e-01, 2.016534e-04, 0.000000e+00, 0.000000, 2.910383e-10, 0, 0.126284, 3.260598e-02 
1.447323e-02, 7.202355e-05, 1.166373e-06, 5.598591e-05, 0, 5.831866e-07, 1.370489e-05, 5.831866e-07, 1.248938e-01, 2.016534e-04, 0.000000e+00, 0.000000, 2.910383e-10, 0, 0.125571, 3.296445e-02 
1.454438e-02, 7.114877e-05, 8.747799e-07, 5.511113e-05, 0, 8.747799e-07, 1.370489e-05, 5.831866e-07, 1.248938e-01, 2.016534e-04, 0.000000e+00, 0.000000, 1.455192e-10, 0, 0.125907, 3.326720e-02 
1.461524e-02, 7.085717e-05, 1.166373e-06, 5.452795e-05, 0, 8.747799e-07, 1.370489e-05, 5.831866e-07, 1.248938e-01, 2.016534e-04, 0.000000e+00, 0.000000, 1.455192e-10, 0, 0.121813, 3.344142e-02 
1.468814e-02, 7.289833e-05, 1.166373e-06, 5.656910e-05, 0, 8.747799e-07, 1.370489e-05, 5.831866e-07, 1.248938e-01, 2.016534e-04, 0.000000e+00, 0.000000, 1.455192e-10, 0, 0.126284, 3.260598e-02 
1.478466e-02, 9.651738e-05, 1.457967e-06, 7.289833e-05, 0, 8.747799e-07, 2.041153e-05, 8.747799e-07, 1.248938e-01, 2.016534e-04, 0.000000e+00, 0.000000, 1.455192e-10, 0, 0.125571, 3.296445e-02 
1.498323e-02, 1.985750e-04, 1.166373e-06, 1.691241e-04, 0, 2.915933e-06, 2.420224e-05, 1.166373e-06, 1.248938e-01, 2.016534e-04, 0.000000e+00, 0.000000, 1.455192e-10, 0, 0.125907, 3.326720e-02 
1.506633e-02, 8.310409e-05, 1.749560e-06, 6.590009e-05, 0, 8.747799e-07, 1.399648e-05, 5.831866e-07, 1.248938e-01, 2.016534e-04, 0.000000e+00, 0.000000, 1.455192e-10, 0, 0.121813, 3.344142e-02 
1.516868e-02, 1.023493e-04, 1.457967e-06, 8.047975e-05, 0, 8.747799e-07, 1.837038e-05, 1.166373e-06, 1.248938e-01, 2.016534e-04, 0.000000e+00, 0.000000, 7.275958e-11, 0, 0.126284, 3.260598e-02 
1.531127e-02, 1.425891e-04, 1.283011e-05, 1.102223e-04, 0, 1.457967e-06, 1.720401e-05, 8.747799e-07, 1.248938e-01, 2.016534e-04, 0.000000e+00, 0.000000, 7.275958e-11, 0, 0.125571, 3.296445e-02 
1.538300e-02, 7.173195e-05, 1.457967e-06, 5.569432e-05, 0, 5.831866e-07, 1.341329e-05, 5.831866e-07, 1.248938e-01, 2.016534e-04, 0.000000e+00, 0.000000, 7.275958e-11, 0, 0.125907, 3.326720e-02 
1.545415e-02, 7.114877e-05, 8.747799e-07, 5.511113e-05, 0, 5.831866e-07, 1.341329e-05, 1.166373e-06, 1.248938e-01, 2.016534e-04, 0.000000e+00, 0.000000, 3.637979e-11, 0, 0.121813, 3.344142e-02 
1.552530e-02, 7.114877e-05, 1.166373e-06, 5.540273e-05, 0, 5.831866e-07, 1.341329e-05, 5.831866e-07, 1.248938e-01, 2.016534e-04, 0.000000e+00, 0.000000, 3.637979e-11, 0, 0.126284, 3.260598e-02 
1.559674e-02, 7.144036e-05, 8.747799e-07, 5.598591e-05, 0, 5.831866e-07, 1.341329e-05, 5.831866e-07, 1.248938e-01, 2.016534e-04, 0.000000e+00, 0.000000, 3.637979e-11, 0, 0.125571, 3.296445e-02 
1.566702e-02, 7.027399e-05, 8.747799e-07, 5.481954e-05, 0, 5.831866e-07, 1.312170e-05, 8.747799e-07, 1.248938e-01, 2.016534e-04, 0.000000e+00, 0.000000, 1.818989e-11, 0, 0.125907, 3.326720e-02 
1.573875e-02, 7.173195e-05, 1.166373e-06, 5.569432e-05, 0, 5.831866e-07, 1.370489e-05, 5.831866e-07, 1.248938e-01, 2.016534e-04, 0.000000e+00, 0.000000, 1.818989e-11, 0, 0.121813, 3.344142e-02 
1.581048e-02, 7.173195e-05, 1.166373e-06, 5.598591e-05, 0, 8.747799e-07, 1.312170e-05, 5.831866e-07, 1.248938e-01, 2.016534e-04, 0.000000e+00, 0.000000, 1.818989e-11, 0, 0.126284, 3.260598e-02 
1.588046e-02, 6.998239e-05, 8.747799e-07, 5.423636e-05, 0, 8.747799e-07, 1.312170e-05, 8.747799e-07, 1.248938e-01, 2.016534e-04, 0.000000e+00, 0.000000, 1.818989e-11, 0, 0.125571, 3.296445e-02 
1.595015e-02, 6.969080e-05, 8.747799e-07, 5.481954e-05, 0, 5.831866e-07, 1.283011e-05, 5.831866e-07, 1.248938e-01, 2.016534e-04, 0.000000e+00, 0.000000, 1.818989e-11, 0, 0.125907, 3.326720e-02 
1.601984e-02, 6.969080e-05, 8.747799e-07, 5.452795e-05, 0, 5.831866e-07, 1.312170e-05, 5.831866e-07, 1.248938e-01, 2.016534e-04, 0.000000e+00, 0.000000, 1.818989e-11, 0, 0.121813, 3.344142e-02 
1.609012e-02, 7.027399e-05, 1.166373e-06, 5.452795e-05, 0, 8.747799e-07, 1.312170e-05, 5.831866e-07, 1.248938e-01, 2.016534e-04, 0.000000e+00, 0.000000, 9.094947e-12, 0, 0.126284, 3.260598e-02 
1.615893e-02, 6.881602e-05, 8.747799e-07, 5.394476e-05, 0, 5.831866e-07, 1.283011e-05, 5.831866e-07, 1.248938e-01, 2.016534e-04, 0.000000e+00, 0.000000, 9.094947e-12, 0, 0.125571, 3.296445e-02 
1.622629e-02, 6.735805e-05, 8.747799e-07, 5.277839e-05, 0, 5.831866e-07, 1.253851e-05, 5.831866e-07, 1.248938e-01, 2.016534e-04, 0.000000e+00, 0.000000, 9.094947e-12, 0, 0.125907, 3.326720e-02 
1.630065e-02, 7.435629e-05, 8.747799e-07, 5.423636e-05, 0, 5.831866e-07, 1.807879e-05, 5.831866e-07, 1.248938e-01, 2.016534e-04, 0.000000e+00, 0.000000, 4.547474e-12, 0, 0.121813, 3.344142e-02 
1.636947e-02, 6.881602e-05, 8.747799e-07, 5.423636e-05, 0, 5.831866e-07, 1.253851e-05, 5.831866e-07, 1.248938e-01, 2.016534e-04, 0.000000e+00, 0.000000, 4.547474e-12, 0, 0.126284, 3.260598e-02 
1.643886e-02, 6.939921e-05, 1.166373e-06, 5.394476e-05, 0, 8.747799e-07, 1.283011e-05, 5.831866e-07, 1.248938e-01, 2.016534e-04, 0.000000e+00, 0.000000, 4.547474e-12, 0, 0.125571, 3.296445e-02 
1.652372e-02, 8.485365e-05, 8.747799e-07, 6.969080e-05, 0, 5.831866e-07, 1.283011e-05, 8.747799e-07, 1.248938e-01, 2.016534e-04, 0.000000e+00, 0.000000, 2.273737e-12, 0, 0.125907, 3.326720e-02 
1.659312e-02, 6.939921e-05, 1.166373e-06, 5.423636e-05, 0, 8.747799e-07, 1.253851e-05, 5.831866e-07, 1.248938e-01, 2.016534e-04, 0.000000e+00, 0.000000, 2.273737e-12, 0, 0.121813, 3.344142e-02 
1.666193e-02, 6.881602e-05, 1.166373e-06, 5.394476e-05, 0, 5.831866e-07, 1.253851e-05, 5.831866e-07, 1.248938e-01, 2.016534e-04, 0.000000e+00, 0.000000, 2.273737e-12, 0, 0.126284, 3.260598e-02 
1.673075e-02, 6.881602e-05, 8.747799e-07, 5.423636e-05, 0, 5.831866e-07, 1.253851e-05, 5.831866e-07, 1.248938e-01, 2.016534e-04, 0.000000e+00, 0.000000, 2.273737e-12, 0, 0.125571, 3.296445e-02 
1.679927e-02, 6.852443e-05, 8.747799e-07, 5.394476e-05, 0, 5.831866e-07, 1.283011e-05, 2.915933e-07, 1.248938e-01, 2.016534e-04, 0.000000e+00, 0.000000, 2.273737e-12, 0, 0.125907, 3.326720e-02 
1.686838e-02, 6.910761e-05, 8.747799e-07, 5.423636e-05, 0, 8.747799e-07, 1.283011e-05, 2.915933e-07, 1.248938e-01, 2.016534e-04, 0.000000e+00, 0.000000, 2.273737e-12, 0, 0.121813, 3.344142e-02 
1.693691e-02, 6.852443e-05, 8.747799e-07, 5.394476e-05, 0, 5.831866e-07, 1.253851e-05, 5.831866e-07, 1.248938e-01, 2.016534e-04, 0.000000e+00, 0.000000, 1.136868e-12, 0, 0.126284, 3.260598e-02 
1.700630e-02, 6.939921e-05, 8.747799e-07, 5.452795e-05, 0, 8.747799e-07, 1.253851e-05, 5.831866e-07, 1.248938e-01, 2.016534e-04, 0.000000e+00, 0.000000, 1.136868e-12, 0, 0.125571, 3.296445e-02 
1.707512e-02, 6.881602e-05, 8.747799e-07, 5.394476e-05, 0, 5.831866e-07, 1.283011e-05, 5.831866e-07, 1.248938e-01, 2.016534e-04, 0.000000e+00, 0.000000, 1.136868e-12, 0, 0.125907, 3.326720e-02 
1.714423e-02, 6.910761e-05, 8.747799e-07, 5.423636e-05, 0, 5.831866e-07, 1.253851e-05, 8.747799e-07, 1.248938e-01, 2.016534e-04, 0.000000e+00, 0.000000, 5.684342e-13, 0, 0.121813, 3.344142e-02 
1.721363e-02, 6.939921e-05, 1.166373e-06, 5.423636e-05, 0, 5.831866e-07, 1.283011e-05, 5.831866e-07, 1.248938e-01, 2.016534e-04, 0.000000e+00, 0.000000, 5.684342e-13, 0, 0.126284, 3.260598e-02 
1.728303e-02, 6.939921e-05, 1.166373e-06, 5.423636e-05, 0, 5.831866e-07, 1.283011e-05, 5.831866e-07, 1.248938e-01, 2.016534e-04, 0.000000e+00, 0.000000, 5.684342e-13, 0, 0.125571, 3.296445e-02 
1.735184e-02, 6.881602e-05, 1.166373e-06, 5.394476e-05, 0, 5.831866e-07, 1.253851e-05, 5.831866e-07, 1.248938e-01, 2.016534e-04, 0.000000e+00, 0.000000, 2.842171e-13, 0, 0.125907, 3.326720e-02 
1.741978e-02, 6.794124e-05, 8.747799e-07, 5.336158e-05, 0, 5.831866e-07, 1.253851e-05, 5.831866e-07, 1.248938e-01, 2.016534e-04, 0.000000e+00, 0.000000, 2.842171e-13, 0, 0.121813, 3.344142e-02 
1.748947e-02, 6.969080e-05, 1.166373e-06, 5.423636e-05, 0, 8.747799e-07, 1.283011e-05, 5.831866e-07, 1.248938e-01, 2.016534e-04, 0.000000e+00, 0.000000, 2.842171e-13, 0, 0.126284, 3.260598e-02 
1.756121e-02, 7.173195e-05, 1.166373e-06, 5.598591e-05, 0, 5.831866e-07, 1.312170e-05, 8.747799e-07, 1.248938e-01, 2.016534e-04, 0.000000e+00, 0.000000, 2.842171e-13, 0, 0.125571, 3.296445e-02 
1.763177e-02, 7.056558e-05, 1.166373e-06, 5.511113e-05, 0, 5.831866e-07, 1.312170e-05, 5.831866e-07, 1.248938e-01, 2.016534e-04, 0.000000e+00, 0.000000, 2.842171e-13, 0, 0.125907, 3.326720e-02 
1.770292e-02, 7.114877e-05, 1.166373e-06, 5.540273e-05, 0, 8.747799e-07, 1.312170e-05, 5.831866e-07, 1.248938e-01, 2.016534e-04, 0.000000e+00, 0.000000, 2.842171e-13, 0, 0.121813, 3.344142e-02 
1.777844e-02, 7.552267e-05, 1.166373e-06, 5.452795e-05, 0, 8.747799e-07, 1.632923e-05, 2.624340e-06, 1.248938e-01, 2.016534e-04, 0.000000e+00, 0.000000, 1.421085e-13, 0, 0.126284, 3.260598e-02 
1.785630e-02, 7.785541e-05, 8.747799e-07, 5.481954e-05, 0, 8.747799e-07, 1.982834e-05, 1.457967e-06, 1.248938e-01, 2.016534e-04, 0.000000e+00, 0.000000, 1.421085e-13, 0, 0.125571, 3.296445e-02 
1.792628e-02, 6.998239e-05, 8.747799e-07, 5.481954e-05, 0, 5.831866e-07, 1.312170e-05, 5.831866e-07, 1.248938e-01, 2.016534e-04, 0.000000e+00, 0.000000, 1.421085e-13, 0, 0.125907, 3.326720e-02 
1.799714e-02, 7.085717e-05, 8.747799e-07, 5.540273e-05, 0, 5.831866e-07, 1.312170e-05, 8.747799e-07, 1.248938e-01, 2.016534e-04, 0.000000e+00, 0.000000, 7.105427e-14, 0, 0.121813, 3.344142e-02 
1.806537e-02, 6.823283e-05, 8.747799e-07, 5.423636e-05, 0, 5.831866e-07, 1.224692e-05, 2.915933e-07, 1.248938e-01, 2.016534e-04, 0.000000e+00, 0.000000, 7.105427e-14, 0, 0.126284, 3.260598e-02 
1.814935e-02, 8.397887e-05, 2.332746e-06, 6.764965e-05, 0, 8.747799e-07, 1.283011e-05, 2.915933e-07, 1.248938e-01, 2.016534e-04, 0.000000e+00, 0.000000, 7.105427e-14, 0, 0.125571, 3.296445e-02 
1.821933e-02, 6.998239e-05, 1.166373e-06, 5.423636e-05, 0, 8.747799e-07, 1.312170e-05, 5.831866e-07, 1.248938e-01, 2.016534e-04, 0.000000e+00, 0.000000, 3.552714e-14, 0, 0.125907, 3.326720e-02 
1.828873e-02, 6.939921e-05, 1.166373e-06, 5.452795e-05, 0, 5.831866e-07, 1.253851e-05, 5.831866e-07, 1.248938e-01, 2.016534e-04, 0.000000e+00, 0.000000, 3.552714e-14, 0, 0.121813, 3.344142e-02 
1.835726e-02, 6.852443e-05, 8.747799e-07, 5.394476e-05, 0, 8.747799e-07, 1.253851e-05, 2.915933e-07, 1.248938e-01, 2.016534e-04, 0.000000e+00, 0.000000, 3.552714e-14, 0, 0.126284, 3.260598e-02 
1.842666e-02, 6.939921e-05, 8.747799e-07, 5.423636e-05, 0, 8.747799e-07, 1.283011e-05, 5.831866e-07, 1.248938e-01, 2.016534e-04, 0.000000e+00, 0.000000, 3.552714e-14, 0, 0.125571, 3.296445e-02 
1.849576e-02, 6.910761e-05, 1.166373e-06, 5.423636e-05, 0, 5.831866e-07, 1.253851e-05, 5.831866e-07, 1.248938e-01, 2.016534e-04, 0.000000e+00, 0.000000, 3.552714e-14, 0, 0.125907, 3.326720e-02 
1.856487e-02, 6.910761e-05, 1.166373e-06, 5.394476e-05, 0, 8.747799e-07, 1.253851e-05, 5.831866e-07, 1.248938e-01, 2.016534e-04, 0.000000e+00, 0.000000, 3.552714e-14, 0, 0.121813, 3.344142e-02 
1.863398e-02, 6.910761e-05, 8.747799e-07, 5.452795e-05, 0, 5.831866e-07, 1.253851e-05, 5.831866e-07, 1.248938e-01, 2.016534e-04, 0.000000e+00, 0.000000, 1.776357e-14, 0, 0.126284, 3.260598e-02 
1.870279e-02, 6.881602e-05, 8.747799e-07, 5.336158e-05, 0, 8.747799e-07, 1.312170e-05, 5.831866e-07, 1.248938e-01, 2.016534e-04, 0.000000e+00, 0.000000, 1.776357e-14, 0, 0.125571, 3.296445e-02 
1.877161e-02, 6.881602e-05, 8.747799e-07, 5.394476e-05, 0, 5.831866e-07, 1.283011e-05, 5.831866e-07, 1.248938e-01, 2.016534e-04, 0.000000e+00, 0.000000, 1.776357e-14, 0, 0.125907, 3.326720e-02 
1.884130e-02, 6.969080e-05, 1.166373e-06, 5.452795e-05, 0, 5.831866e-07, 1.253851e-05, 8.747799e-07, 1.248938e-01, 2.016534e-04, 0.000000e+00, 0.000000, 8.881784e-15, 0, 0.121813, 3.344142e-02 
1.891041e-02, 6.910761e-05, 8.747799e-07, 5.452795e-05, 0, 5.831866e-07, 1.253851e-05, 5.831866e-07, 1.248938e-01, 2.016534e-04, 0.000000e+00, 0.000000, 8.881784e-15, 0, 0.126284, 3.260598e-02 
1.897952e-02, 6.910761e-05, 8.747799e-07, 5.394476e-05, 0, 8.747799e-07, 1.283011e-05, 5.831866e-07, 1.248938e-01, 2.016534e-04, 0.000000e+00, 0.000000, 8.881784e-15, 0, 0.125571, 3.296445e-02 
1.904892e-02, 6.939921e-05, 1.166373e-06, 5.423636e-05, 0, 5.831866e-07, 1.253851e-05, 8.747799e-07, 1.248938e-01, 2.016534e-04, 0.000000e+00, 0.000000, 4.440892e-15, 0, 0.125907, 3.326720e-02 
1.911773e-02, 6.881602e-05, 1.166373e-06, 5.394476e-05, 0, 5.831866e-07, 1.253851e-05, 5.831866e-07, 1.248938e-01, 2.016534e-04, 0.000000e+00, 0.000000, 4.440892e-15, 0, 0.121813, 3.344142e-02 
1.918859e-02, 7.085717e-05, 8.747799e-07, 5.569432e-05, 0, 8.747799e-07, 1.283011e-05, 5.831866e-07, 1.248938e-01, 2.016534e-04, 0.000000e+00, 0.000000, 4.440892e-15, 0, 0.126284, 3.260598e-02 
1.925799e-02, 6.939921e-05, 8.747799e-07, 5.452795e-05, 0, 5.831866e-07, 1.283011e-05, 5.831866e-07, 1.248938e-01, 2.016534e-04, 0.000000e+00, 0.000000, 4.440892e-15, 0, 0.125571, 3.296445e-02 
1.933584e-02, 7.785541e-05, 8.747799e-07, 5.919344e-05, 0, 8.747799e-07, 1.603763e-05, 8.747799e-07, 1.248938e-01, 2.016534e-04, 0.000000e+00, 0.000000, 4.440892e-15, 0, 0.125907, 3.326720e-02 
1.942974e-02, 9.389304e-05, 1.749560e-06, 7.377311e-05, 0, 8.747799e-07, 1.662082e-05, 8.747799e-07, 1.248938e-01, 2.016534e-04, 0.000000e+00, 0.000000, 4.440892e-15, 0, 0.121813, 3.344142e-02 
1.950380e-02, 7.406470e-05, 1.457967e-06, 5.686069e-05, 0, 8.747799e-07, 1.399648e-05, 8.747799e-07, 1.248938e-01, 2.016534e-04, 0.000000e+00, 0.000000, 2.220446e-15, 0, 0.126284, 3.260598e-02 
1.957962e-02, 7.581426e-05, 1.166373e-06, 5.423636e-05, 0, 5.831866e-07, 1.924516e-05, 5.831866e-07, 1.248938e-01, 2.016534e-04, 0.000000e+00, 0.000000, 2.220446e-15, 0, 0.125571, 3.296445e-02 
1.964960e-02, 6.998239e-05, 8.747799e-07, 5.511113e-05, 0, 5.831866e-07, 1.283011e-05, 5.831866e-07, 1.248938e-01, 2.016534e-04, 0.000000e+00, 0.000000, 2.220446e-15, 0, 0.125907, 3.326720e-02 
1.972512e-02, 7.552267e-05, 8.747799e-07, 6.035981e-05, 0, 8.747799e-07, 1.283011e-05, 5.831866e-07, 1.248938e-01, 2.016534e-04, 0.000000e+00, 0.000000, 1.110223e-15, 0, 0.121813, 3.344142e-02 
1.979423e-02, 6.910761e-05, 8.747799e-07, 5.423636e-05, 0, 5.831866e-07, 1.283011e-05, 5.831866e-07, 1.248938e-01, 2.016534e-04, 0.000000e+00, 0.000000, 1.110223e-15, 0, 0.126284, 3.260598e-02 
1.986363e-02, 6.939921e-05, 8.747799e-07, 5.423636e-05, 0, 5.831866e-07, 1.312170e-05, 5.831866e-07, 1.248938e-01, 2.016534e-04, 0.000000e+00, 0.000000, 1.110223e-15, 0, 0.125571, 3.296445e-02 
1.993244e-02, 6.881602e-05, 8.747799e-07, 5.365317e-05, 0, 5.831866e-07, 1.283011e-05, 8.747799e-07, 1.248938e-01, 2.016534e-04, 0.000000e+00, 0.000000, 5.551115e-16, 0, 0.125907, 3.326720e-02 
2.000243e-02, 6.998239e-05, 8.747799e-07, 5.511113e-05, 0, 5.831866e-07, 1.283011e-05, 5.831866e-07, 1.248938e-01, 2.016534e-04, 0.000000e+00, 0.000000, 5.551115e-16, 0, 0.121813, 3.344142e-02 
2.007241e-02, 6.998239e-05, 1.166373e-06, 5.423636e-05, 0, 8.747799e-07, 1.312170e-05, 5.831866e-07, 1.248938e-01, 2.016534e-04, 0.000000e+00, 0.000000, 5.551115e-16, 0, 0.126284, 3.260598e-02 
2.014152e-02, 6.910761e-05, 8.747799e-07, 5.394476e-05, 0, 5.831866e-07, 1.312170e-05, 5.831866e-07, 1.248938e-01, 2.016534e-04, 0.000000e+00, 0.000000, 5.551115e-16, 0, 0.125571, 3.296445e-02 
2.021062e-02, 6.910761e-05, 8.747799e-07, 5.394476e-05, 0, 8.747799e-07, 1.283011e-05, 5.831866e-07, 1.248938e-01, 2.016534e-04, 0.000000e+00, 0.000000, 5.551115e-16, 0, 0.125907, 3.326720e-02 
2.028002e-02, 6.939921e-05, 1.166373e-06, 5.423636e-05, 0, 8.747799e-07, 1.253851e-05, 5.831866e-07, 1.248938e-01, 2.016534e-04, 0.000000e+00, 0.000000, 5.551115e-16, 0, 0.121813, 3.344142e-02 
2.034971e-02, 6.969080e-05, 1.166373e-06, 5.423636e-05, 0, 5.831866e-07, 1.283011e-05, 8.747799e-07, 1.248938e-01, 2.016534e-04, 0.000000e+00, 0.000000, 2.775558e-16, 0, 0.126284, 3.260598e-02 
2.041911e-02, 6.939921e-05, 8.747799e-07, 5.452795e-05, 0, 5.831866e-07, 1.283011e-05, 5.831866e-07, 1.248938e-01, 2.016534e-04, 0.000000e+00, 0.000000, 2.775558e-16, 0, 0.125571, 3.296445e-02 
2.048822e-02, 6.910761e-05, 1.166373e-06, 5.365317e-05, 0, 8.747799e-07, 1.283011e-05, 5.831866e-07, 1.248938e-01, 2.016534e-04, 0.000000e+00, 0.000000, 2.775558e-16, 0, 0.125907, 3.326720e-02 
2.055733e-02, 6.910761e-05, 8.747799e-07, 5.394476e-05, 0, 8.747799e-07, 1.253851e-05, 8.747799e-07, 1.248938e-01, 2.016534e-04, 0.000000e+00, 0.000000, 1.387779e-16, 0, 0.121813, 3.344142e-02 
2.062702e-02, 6.969080e-05, 1.166373e-06, 5.423636e-05, 0, 8.747799e-07, 1.283011e-05, 5.831866e-07, 1.248938e-01, 2.016534e-04, 0.000000e+00, 0.000000, 1.387779e-16, 0, 0.126284, 3.260598e-02 
2.069525e-02, 6.823283e-05, 8.747799e-07, 5.365317e-05, 0, 5.831866e-07, 1.253851e-05, 5.831866e-07, 1.248938e-01, 2.016534e-04, 0.000000e+00, 0.000000, 1.387779e-16, 0, 0.125571, 3.296445e-02 
2.077107e-02, 7.581426e-05, 8.747799e-07, 5.452795e-05, 0, 5.831866e-07, 1.924516e-05, 5.831866e-07, 1.248938e-01, 2.016534e-04, 0.000000e+00, 0.000000, 6.938894e-17, 0, 0.125907, 3.326720e-02 
2.084017e-02, 6.910761e-05, 8.747799e-07, 5.423636e-05, 0, 8.747799e-07, 1.253851e-05, 5.831866e-07, 1.248938e-01, 2.016534e-04, 0.000000e+00, 0.000000, 6.938894e-17, 0, 0.121813, 3.344142e-02 
2.090928e-02, 6.910761e-05, 8.747799e-07, 5.423636e-05, 0, 5.831866e-07, 1.283011e-05, 5.831866e-07, 1.248938e-01, 2.016534e-04, 0.000000e+00, 0.000000, 6.938894e-17, 0, 0.126284, 3.260598e-02 
2.097751e-02, 6.823283e-05, 8.747799e-07, 5.365317e-05, 0, 5.831866e-07, 1.253851e-05, 5.831866e-07, 1.248938e-01, 2.016534e-04, 0.000000e+00, 0.000000, 6.938894e-17, 0, 0.125571, 3.296445e-02 
2.105245e-02, 7.493948e-05, 1.166373e-06, 6.006822e-05, 0, 5.831866e-07, 1.253851e-05, 5.831866e-07, 1.248938e-01, 2.016534e-04, 0.000000e+00, 0.000000, 6.938894e-17, 0, 0.125907, 3.326720e-02 
2.112331e-02, 7.085717e-05, 1.166373e-06, 5.511113e-05, 0, 8.747799e-07, 1.312170e-05, 5.831866e-07, 1.248938e-01, 2.016534e-04, 0.000000e+00, 0.000000, 6.938894e-17, 0, 0.121813, 3.344142e-02 
2.119329e-02, 6.998239e-05, 1.166373e-06, 5.452795e-05, 0, 5.831866e-07, 1.283011e-05, 8.747799e-07, 1.248938e-01, 2.016534e-04, 0.000000e+00, 0.000000, 3.469447e-17, 0, 0.126284, 3.260598e-02 
2.126182e-02, 6.852443e-05, 8.747799e-07, 5.394476e-05, 0, 8.747799e-07, 1.253851e-05, 2.915933e-07, 1.248938e-01, 2.016534e-04, 0.000000e+00, 0.000000, 3.469447e-17, 0, 0.125571, 3.296445e-02 
2.133005e-02, 6.823283e-05, 8.747799e-07, 5.394476e-05, 0, 5.831866e-07, 1.224692e-05, 5.831866e-07, 1.248938e-01, 2.016534e-04, 0.000000e+00, 0.000000, 3.469447e-17, 0, 0.125907, 3.326720e-02 
2.139916e-02, 6.910761e-05, 8.747799e-07, 5.423636e-05, 0, 5.831866e-07, 1.253851e-05, 8.747799e-07, 1.248938e-01, 2.016534e-04, 0.000000e+00, 0.000000, 1.734723e-17, 0, 0.121813, 3.344142e-02 
2.147031e-02, 7.114877e-05, 8.747799e-07, 5.540273e-05, 0, 8.747799e-07, 1.312170e-05, 8.747799e-07, 1.248938e-01, 2.016534e-04, 0.000000e+00, 0.000000, 1.734723e-17, 0, 0.126284, 3.260598e-02 
2.154116e-02, 7.085717e-05, 8.747799e-07, 5.423636e-05, 0, 8.747799e-07, 1.428807e-05, 5.831866e-07, 1.248938e-01, 2.016534e-04, 0.000000e+00, 0.000000, 1.734723e-17, 0, 0.125571, 3.296445e-02 
2.161027e-02, 6.910761e-05, 8.747799e-07, 5.365317e-05, 0, 8.747799e-07, 1.283011e-05, 8.747799e-07, 1.248938e-01, 2.016534e-04, 0.000000e+00, 0.000000, 8.673617e-18, 0, 0.125907, 3.326720e-02 
2.167967e-02, 6.939921e-05, 8.747799e-07, 5.452795e-05, 0, 5.831866e-07, 1.283011e-05, 5.831866e-07, 1.248938e-01, 2.016534e-04, 0.000000e+00, 0.000000, 8.673617e-18, 0, 0.121813, 3.344142e-02 
2.175140e-02, 7.173195e-05, 1.166373e-06, 5.598591e-05, 0, 8.747799e-07, 1.312170e-05, 5.831866e-07, 1.248938e-01, 2.016534e-04, 0.000000e+00, 0.000000, 8.673617e-18, 0, 0.126284, 3.260598e-02 
2.182197e-02, 7.056558e-05, 8.747799e-07, 5.569432e-05, 0, 5.831866e-07, 1.283011e-05, 5.831866e-07, 1.248938e-01, 2.016534e-04, 0.000000e+00, 0.000000, 8.673617e-18, 0, 0.125571, 3.296445e-02 
2.189108e-02, 6.910761e-05, 8.747799e-07, 5.365317e-05, 0, 8.747799e-07, 1.312170e-05, 5.831866e-07, 1.248938e-01, 2.016534e-04, 0.000000e+00, 0.000000, 8.673617e-18, 0, 0.125907, 3.326720e-02 
2.196048e-02, 6.939921e-05, 8.747799e-07, 5.423636e-05, 0, 8.747799e-07, 1.283011e-05, 5.831866e-07, 1.248938e-01, 2.016534e-04, 0.000000e+00, 0.000000, 8.673617e-18, 0, 0.121813, 3.344142e-02 
2.203104e-02, 7.056558e-05, 8.747799e-07, 5.511113e-05, 0, 5.831866e-07, 1.312170e-05, 8.747799e-07, 1.248938e-01, 2.016534e-04, 0.000000e+00, 0.000000, 4.336809e-18, 0, 0.126284, 3.260598e-02 
2.209957e-02, 6.852443e-05, 8.747799e-07, 5.365317e-05, 0, 8.747799e-07, 1.253851e-05, 5.831866e-07, 1.248938e-01, 2.016534e-04, 0.000000e+00, 0.000000, 4.336809e-18, 0, 0.125571, 3.296445e-02 
2.216896e-02, 6.939921e-05, 1.166373e-06, 5.423636e-05, 0, 5.831866e-07, 1.283011e-05, 5.831866e-07, 1.248938e-01, 2.016534e-04, 0.000000e+00, 0.000000, 4.336809e-18, 0, 0.125907, 3.326720e-02 
2.223807e-02, 6.910761e-05, 1.166373e-06, 5.394476e-05, 0, 5.831866e-07, 1.253851e-05, 8.747799e-07, 1.248938e-01, 2.016534e-04, 0.000000e+00, 0.000000, 2.168404e-18, 0, 0.121813, 3.344142e-02 
2.230776e-02, 6.969080e-05, 1.166373e-06, 5.452795e-05, 0, 5.831866e-07, 1.283011e-05, 5.831866e-07, 1.248938e-01, 2.016534e-04, 0.000000e+00, 0.000000, 2.168404e-18, 0, 0.126284, 3.260598e-02 
2.237687e-02, 6.910761e-05, 8.747799e-07, 5.394476e-05, 0, 8.747799e-07, 1.283011e-05, 5.831866e-07, 1.248938e-01, 2.016534e-04, 0.000000e+00, 0.000000, 2.168404e-18, 0, 0.125571, 3.296445e-02 
2.244627e-02, 6.939921e-05, 8.747799e-07, 5.423636e-05, 0, 5.831866e-07, 1.283011e-05, 8.747799e-07, 1.248938e-01, 2.016534e-04, 0.000000e+00, 0.000000, 1.084202e-18, 0, 0.125907, 3.326720e-02 
2.251596e-02, 6.969080e-05, 1.166373e-06, 5.452795e-05, 0, 8.747799e-07, 1.253851e-05, 5.831866e-07, 1.248938e-01, 2.016534e-04, 0.000000e+00, 0.000000, 1.084202e-18, 0, 0.121813, 3.344142e-02 
2.259003e-02, 7.406470e-05, 8.747799e-07, 5.365317e-05, 0, 5.831866e-07, 1.837038e-05, 5.831866e-07, 1.248938e-01, 2.016534e-04, 0.000000e+00, 0.000000, 1.084202e-18, 0, 0.126284, 3.260598e-02 
2.265884e-02, 6.881602e-05, 1.166373e-06, 5.394476e-05, 0, 5.831866e-07, 1.253851e-05, 5.831866e-07, 1.248938e-01, 2.016534e-04, 0.000000e+00, 0.000000, 1.084202e-18, 0, 0.125571, 3.296445e-02 
2.272737e-02, 6.852443e-05, 8.747799e-07, 5.365317e-05, 0, 5.831866e-07, 1.283011e-05, 5.831866e-07, 1.248938e-01, 2.016534e-04, 0.000000e+00, 0.000000, 1.084202e-18, 0, 0.125907, 3.326720e-02 
2.279676e-02, 6.939921e-05, 8.747799e-07, 5.423636e-05, 0, 8.747799e-07, 1.283011e-05, 5.831866e-07, 1.248938e-01, 2.016534e-04, 0.000000e+00, 0.000000, 1.084202e-18, 0, 0.121813, 3.344142e-02 
2.287258e-02, 7.581426e-05, 1.166373e-06, 5.977663e-05, 0, 8.747799e-07, 1.312170e-05, 8.747799e-07, 1.248938e-01, 2.016534e-04, 0.000000e+00, 0.000000, 5.421011e-19, 0, 0.126284, 3.260598e-02 
2.294139e-02, 6.881602e-05, 1.166373e-06, 5.365317e-05, 0, 5.831866e-07, 1.283011e-05, 5.831866e-07, 1.248938e-01, 2.016534e-04, 0.000000e+00, 0.000000, 5.421011e-19, 0, 0.125571, 3.296445e-02 
2.301021e-02, 6.881602e-05, 1.166373e-06, 5.365317e-05, 0, 8.747799e-07, 1.253851e-05, 5.831866e-07, 1.248938e-01, 2.016534e-04, 0.000000e+00, 0.000000, 5.421011e-19, 0, 0.125907, 3.326720e-02 
2.308019e-02, 6.998239e-05, 1.166373e-06, 5.452795e-05, 0, 8.747799e-07, 1.283011e-05, 5.831866e-07, 1.248938e-01, 2.016534e-04, 0.000000e+00, 0.000000, 2.710505e-19, 0, 0.121813, 3.344142e-02 
2.314901e-02, 6.881602e-05, 8.747799e-07, 5.365317e-05, 0, 8.747799e-07, 1.283011e-05, 5.831866e-07, 1.248938e-01, 2.016534e-04, 0.000000e+00, 0.000000, 2.710505e-19, 0, 0.126284, 3.260598e-02 
2.321783e-02, 6.881602e-05, 8.747799e-07, 5.423636e-05, 0, 5.831866e-07, 1.253851e-05, 5.831866e-07, 1.248938e-01, 2.016534e-04, 0.000000e+00, 0.000000, 2.710505e-19, 0, 0.125571, 3.296445e-02 
2.329510e-02, 7.727223e-05, 1.457967e-06, 6.152619e-05, 0, 5.831866e-07, 1.312170e-05, 5.831866e-07, 1.248938e-01, 2.016534e-04, 0.000000e+00, 0.000000, 1.355253e-19, 0, 0.125907, 3.326720e-02 
2.336479e-02, 6.969080e-05, 8.747799e-07, 5.452795e-05, 0, 8.747799e-07, 1.283011e-05, 5.831866e-07, 1.248938e-01, 2.016534e-04, 0.000000e+00, 0.000000, 1.355253e-19, 0, 0.121813, 3.344142e-02 
2.343448e-02, 6.969080e-05, 1.166373e-06, 5.423636e-05, 0, 8.747799e-07, 1.283011e-05, 5.831866e-07, 1.248938e-01, 2.016534e-04, 0.000000e+00, 0.000000, 1.355253e-19, 0, 0.126284, 3.260598e-02 
2.350534e-02, 7.085717e-05, 1.166373e-06, 5.511113e-05, 0, 8.747799e-07, 1.312170e-05, 5.831866e-07, 1.248938e-01, 2.016534e-04, 0.000000e+00, 0.000000, 1.355253e-19, 0, 0.125571, 3.296445e-02 
2.357561e-02, 7.027399e-05, 1.166373e-06, 5.511113e-05, 0, 5.831866e-07, 1.283011e-05, 5.831866e-07, 1.248938e-01, 2.016534e-04, 0.000000e+00, 0.000000, 1.355253e-19, 0, 0.125907, 3.326720e-02 
2.364588e-02, 7.027399e-05, 8.747799e-07, 5.569432e-05, 0, 8.747799e-07, 1.253851e-05, 2.915933e-07, 1.248938e-01, 2.016534e-04, 0.000000e+00, 0.000000, 1.355253e-19, 0, 0.121813, 3.344142e-02 
2.371499e-02, 6.910761e-05, 8.747799e-07, 5.394476e-05, 0, 5.831866e-07, 1.283011e-05, 8.747799e-07, 1.248938e-01, 2.016534e-04, 0.000000e+00, 0.000000, 6.776264e-20, 0, 0.126284, 3.260598e-02 
2.378410e-02, 6.910761e-05, 1.166373e-06, 5.394476e-05, 0, 8.747799e-07, 1.253851e-05, 5.831866e-07, 1.248938e-01, 2.016534e-04, 0.000000e+00, 0.000000, 6.776264e-20, 0, 0.125571, 3.296445e-02 
2.385262e-02, 6.852443e-05, 8.747799e-07, 5.365317e-05, 0, 5.831866e-07, 1.283011e-05, 5.831866e-07, 1.248938e-01, 2.016534e-04, 0.000000e+00, 0.000000, 6.776264e-20, 0, 0.125907, 3.326720e-02 
2.395847e-02, 1.058484e-04, 8.747799e-07, 9.068552e-05, 0, 5.831866e-07, 1.312170e-05, 5.831866e-07, 1.248938e-01, 2.016534e-04, 0.000000e+00, 0.000000, 6.776264e-20, 0, 0.121813, 3.344142e-02 
0.250000, 0, 0, 0, 0, 0, 0, 0, 0, 0, 0, 0, 0, 0, 0 ,0