TRM WS=1, MS=2, TRMstep=0: ub=0.800000, lb=0.200000, grow=2.000000,shrink=0.500000, b_w=2,b_m=4, lr=0.400000, lambda=0.000000, n=9, n0=2, n1=2, n2=1, sub_tol=0.001000, sub_maxit=1000, tol=1.000000e-08, m=4, nobias=0 
time, iter_t, subset_m_time, g_time, subset_w_time, p1_time, t2, t3, total error, total gmag, rho, sigma, gamma, step, approx error, approx gmag 
4.361069e-03, 4.361069e-03, 9.914172e-06, 8.776959e-05, 6.998239e-06, 4.237726e-03, 1.691241e-05, 1.749560e-06, 1.341348e-01, 9.727018e-03, 0.000000e+00, 0.000000, 4.000000e-01, 0, 0.134135, 9.727018e-03 
7.433297e-03, 3.072227e-03, 9.914172e-06, 7.639745e-05, 6.998239e-06, 2.961422e-03, 1.574604e-05, 1.749560e-06, 1.329970e-01, 9.178038e-03, 0.000000e+00, 0.000000, 4.000000e-01, 0, 0.132997, 9.178038e-03 
1.054081e-02, 3.107510e-03, 1.312170e-05, 9.651738e-05, 6.706646e-06, 2.976876e-03, 1.341329e-05, 8.747799e-07, 1.282452e-01, 6.067849e-03, 0.000000e+00, 0.000000, 4.000000e-01, 0, 0.128245, 6.067849e-03 
1.345353e-02, 2.912726e-03, 8.747799e-06, 7.523107e-05, 6.998239e-06, 2.807752e-03, 1.312170e-05, 8.747799e-07, 1.256043e-01, 2.654417e-03, 0.000000e+00, 0.000000, 4.000000e-01, 0, 0.125604, 2.654417e-03 
1.632923e-02, 2.875693e-03, 8.164613e-06, 7.552267e-05, 6.123459e-06, 2.771303e-03, 1.312170e-05, 1.457967e-06, 1.253877e-01, 2.198234e-03, 0.000000e+00, 0.000000, 2.000000e-01, 0, 0.125388, 2.198234e-03 
1.942157e-02, 3.092347e-03, 7.873019e-06, 7.523107e-05, 6.123459e-06, 2.989123e-03, 1.312170e-05, 8.747799e-07, 1.251188e-01, 1.448884e-03, 0.000000e+00, 0.000000, 1.000000e-01, 0, 0.125119, 1.448884e-03 
2.232613e-02, 2.904561e-03, 8.164613e-06, 7.435629e-05, 6.706646e-06, 2.801337e-03, 1.312170e-05, 8.747799e-07, 1.249627e-01, 8.921141e-05, 0.000000e+00, 0.000000, 5.000000e-02, 0, 0.124963, 8.921141e-05 
2.520270e-02, 2.876568e-03, 7.873019e-06, 7.377311e-05, 6.123459e-06, 2.774219e-03, 1.370489e-05, 8.747799e-07, 1.249593e-01, 1.239491e-04, 0.000000e+00, 0.000000, 5.000000e-02, 0, 0.124959, 1.239491e-04 
0.250000, 0, 0, 0, 0, 0, 0, 0, 0, 0, 0, 0, 0, 0, 0 ,0