TRM WS=1, MS=2, TRMstep=0: ub=0.800000, lb=0.200000, grow=2.000000,shrink=0.500000, b_w=2,b_m=4, lr=0.400000, lambda=0.000000, n=9, n0=2, n1=2, n2=1, sub_tol=0.001000, sub_maxit=1000, tol=1.000000e-08, m=4, nobias=0 
time, iter_t, subset_m_time, g_time, subset_w_time, p1_time, t2, t3, total error, total gmag, rho, sigma, gamma, step, approx error, approx gmag 
3.209276e-03, 3.209276e-03, 9.039393e-06, 8.135453e-05, 7.289833e-06, 3.078934e-03, 3.120048e-05, 1.457967e-06, 1.321186e-01, 8.385006e-03, 0.000000e+00, 0.000000, 4.000000e-01, 0, 0.132119, 8.385006e-03 
6.377437e-03, 3.168161e-03, 8.747799e-06, 8.222931e-05, 7.289833e-06, 3.051524e-03, 1.720401e-05, 1.166373e-06, 1.311788e-01, 7.613481e-03, 0.000000e+00, 0.000000, 2.000000e-01, 0, 0.131179, 7.613481e-03 
1.041892e-02, 4.041483e-03, 9.330986e-06, 8.222931e-05, 6.706646e-06, 3.925721e-03, 1.603763e-05, 1.457967e-06, 1.305509e-01, 6.935754e-03, 0.000000e+00, 0.000000, 1.000000e-01, 0, 0.130551, 6.935754e-03 
1.410583e-02, 3.686906e-03, 1.108055e-05, 8.543684e-05, 8.164613e-06, 3.564728e-03, 1.603763e-05, 1.457967e-06, 1.268080e-01, 3.741381e-03, 0.000000e+00, 0.000000, 1.000000e-01, 0, 0.126808, 3.741381e-03 
1.826424e-02, 4.158412e-03, 1.195533e-05, 1.116802e-04, 9.039393e-06, 4.003285e-03, 2.070312e-05, 1.749560e-06, 1.263344e-01, 3.075504e-03, 0.000000e+00, 0.000000, 5.000000e-02, 0, 0.126334, 3.075504e-03 
2.230601e-02, 4.041775e-03, 1.166373e-05, 9.768376e-05, 8.747799e-06, 3.905601e-03, 1.691241e-05, 1.166373e-06, 1.261832e-01, 2.769238e-03, 0.000000e+00, 0.000000, 2.500000e-02, 0, 0.126183, 2.769238e-03 
2.608273e-02, 3.776717e-03, 1.020577e-05, 9.301826e-05, 9.914172e-06, 3.647249e-03, 1.516285e-05, 1.166373e-06, 1.261141e-01, 2.621413e-03, 0.000000e+00, 0.000000, 1.250000e-02, 0, 0.126114, 2.621413e-03 
2.926285e-02, 3.180117e-03, 9.330986e-06, 9.272667e-05, 6.998239e-06, 3.055898e-03, 1.399648e-05, 1.166373e-06, 1.260214e-01, 2.443480e-03, 0.000000e+00, 0.000000, 1.250000e-02, 0, 0.126021, 2.443480e-03 
0.500000, 0, 0, 0, 0, 0, 0, 0, 0, 0, 0, 0, 0, 0, 0 ,0