TRM WS=1, MS=2, TRMstep=0: ub=0.800000, lb=0.200000, grow=2.000000,shrink=0.500000, b_w=2,b_m=4, lr=0.400000, lambda=0.000000, n=9, n0=2, n1=2, n2=1, sub_tol=0.001000, sub_maxit=1000, tol=1.000000e-08, m=4, nobias=0 
time, iter_t, subset_m_time, g_time, subset_w_time, p1_time, t2, t3, total error, total gmag, rho, sigma, gamma, step, approx error, approx gmag 
3.793046e-03, 3.793046e-03, 1.283011e-05, 1.020577e-04, 8.456206e-06, 3.648124e-03, 2.011994e-05, 1.457967e-06, 1.308984e-01, 8.243561e-03, 0.000000e+00, 0.000000, 4.000000e-01, 0, 0.130898, 8.243561e-03 
7.242886e-03, 3.449840e-03, 1.137214e-05, 8.981074e-05, 8.164613e-06, 3.322414e-03, 1.662082e-05, 1.457967e-06, 1.265754e-01, 4.379660e-03, 0.000000e+00, 0.000000, 4.000000e-01, 0, 0.126575, 4.379660e-03 
1.071955e-02, 3.476667e-03, 1.020577e-05, 9.272667e-05, 7.289833e-06, 3.348949e-03, 1.574604e-05, 1.749560e-06, 1.260835e-01, 3.480637e-03, 0.000000e+00, 0.000000, 2.000000e-01, 0, 0.126083, 3.480637e-03 
1.417785e-02, 3.458297e-03, 9.622579e-06, 9.010233e-05, 7.289833e-06, 3.334661e-03, 1.545445e-05, 1.166373e-06, 1.250333e-01, 2.093258e-04, 0.000000e+00, 0.000000, 2.000000e-01, 0, 0.125033, 2.093258e-04 
1.746673e-02, 3.288881e-03, 9.330986e-06, 8.922755e-05, 7.289833e-06, 3.166703e-03, 1.487126e-05, 1.457967e-06, 1.250041e-01, 3.740788e-05, 0.000000e+00, 0.000000, 1.000000e-01, 0, 0.125004, 3.740788e-05 
2.092299e-02, 3.456255e-03, 1.487126e-05, 1.052652e-04, 9.622579e-06, 3.310750e-03, 1.457967e-05, 1.166373e-06, 1.249972e-01, 3.852649e-05, 0.000000e+00, 0.000000, 5.000000e-02, 0, 0.124997, 3.852649e-05 
2.436699e-02, 3.444009e-03, 8.747799e-06, 8.339569e-05, 6.706646e-06, 3.329996e-03, 1.399648e-05, 1.166373e-06, 1.249914e-01, 8.146439e-05, 0.000000e+00, 0.000000, 2.500000e-02, 0, 0.124991, 8.146439e-05 
2.730626e-02, 2.939261e-03, 9.330986e-06, 8.047975e-05, 7.289833e-06, 2.826997e-03, 1.399648e-05, 1.166373e-06, 1.249869e-01, 3.899241e-05, 0.000000e+00, 0.000000, 2.500000e-02, 0, 0.124987, 3.899241e-05 
0.500000, 0, 0, 0, 0, 0, 0, 0, 0, 0, 0, 0, 0, 0, 0 ,0