TRM WS=1, MS=2, TRMstep=0: ub=0.800000, lb=0.200000, grow=2.000000,shrink=0.500000, b_w=2,b_m=4, lr=0.400000, lambda=0.000000, n=9, n0=2, n1=2, n2=1, sub_tol=0.001000, sub_maxit=1000, tol=1.000000e-08, m=4, nobias=0 
time, iter_t, subset_m_time, g_time, subset_w_time, p1_time, t2, t3, total error, total gmag, rho, sigma, gamma, step, approx error, approx gmag 
3.363237e-03, 3.363237e-03, 8.747799e-06, 8.193772e-05, 6.706646e-06, 3.206943e-03, 5.656910e-05, 2.332746e-06, 1.380491e-01, 1.112584e-02, 0.000000e+00, 0.000000, 4.000000e-01, 0, 0.138049, 1.112584e-02 
6.544520e-03, 3.181283e-03, 1.078895e-05, 8.572843e-05, 7.873019e-06, 3.060855e-03, 1.487126e-05, 1.166373e-06, 1.364580e-01, 1.036102e-02, 0.000000e+00, 0.000000, 4.000000e-01, 0, 0.136458, 1.036102e-02 
9.584964e-03, 3.040443e-03, 9.330986e-06, 8.193772e-05, 6.998239e-06, 2.927305e-03, 1.399648e-05, 8.747799e-07, 1.351107e-01, 9.659392e-03, 0.000000e+00, 0.000000, 4.000000e-01, 0, 0.135111, 9.659392e-03 
1.258342e-02, 2.998454e-03, 8.747799e-06, 8.164613e-05, 6.706646e-06, 2.886774e-03, 1.370489e-05, 8.747799e-07, 1.262514e-01, 3.254380e-03, 0.000000e+00, 0.000000, 4.000000e-01, 0, 0.126251, 3.254380e-03 
1.582798e-02, 3.244559e-03, 8.456206e-06, 8.164613e-05, 6.415053e-06, 3.129379e-03, 1.662082e-05, 2.041153e-06, 1.252942e-01, 3.133024e-04, 0.000000e+00, 0.000000, 2.000000e-01, 0, 0.125294, 3.133024e-04 
1.897135e-02, 3.143376e-03, 1.166373e-05, 8.602003e-05, 6.706646e-06, 3.023531e-03, 1.428807e-05, 1.166373e-06, 1.252785e-01, 2.929047e-04, 0.000000e+00, 0.000000, 1.000000e-01, 0, 0.125278, 2.929047e-04 
2.218938e-02, 3.218024e-03, 8.747799e-06, 8.310409e-05, 6.415053e-06, 3.104302e-03, 1.457967e-05, 8.747799e-07, 1.252581e-01, 3.086131e-04, 0.000000e+00, 0.000000, 5.000000e-02, 0, 0.125258, 3.086131e-04 
2.529689e-02, 3.107510e-03, 8.747799e-06, 8.368728e-05, 6.998239e-06, 2.992914e-03, 1.428807e-05, 8.747799e-07, 1.252234e-01, 4.863291e-04, 0.000000e+00, 0.000000, 5.000000e-02, 0, 0.125223, 4.863291e-04 
0.500000, 0, 0, 0, 0, 0, 0, 0, 0, 0, 0, 0, 0, 0, 0 ,0