TRM WS=1, MS=2, TRMstep=0: ub=0.800000, lb=0.200000, grow=2.000000,shrink=0.500000, b_w=2,b_m=4, lr=0.400000, lambda=0.000000, n=9, n0=2, n1=2, n2=1, sub_tol=0.001000, sub_maxit=1000, tol=1.000000e-08, m=4, nobias=0 
time, iter_t, subset_m_time, g_time, subset_w_time, p1_time, t2, t3, total error, total gmag, rho, sigma, gamma, step, approx error, approx gmag 
2.946259e-03, 2.946259e-03, 8.164613e-06, 7.639745e-05, 6.415053e-06, 2.827289e-03, 2.653499e-05, 1.457967e-06, 1.399581e-01, 1.249213e-02, 0.000000e+00, 0.000000, 4.000000e-01, 0, 0.139958, 1.249213e-02 
5.747887e-03, 2.801628e-03, 7.873019e-06, 7.581426e-05, 6.415053e-06, 2.697238e-03, 1.283011e-05, 1.457967e-06, 1.322145e-01, 9.186815e-03, 0.000000e+00, 0.000000, 4.000000e-01, 0, 0.132214, 9.186815e-03 
8.782207e-03, 3.034320e-03, 7.873019e-06, 7.406470e-05, 6.123459e-06, 2.929638e-03, 1.399648e-05, 2.624340e-06, 1.271030e-01, 5.138539e-03, 0.000000e+00, 0.000000, 4.000000e-01, 0, 0.127103, 5.138539e-03 
1.159462e-02, 2.812417e-03, 7.873019e-06, 7.348151e-05, 6.123459e-06, 2.711235e-03, 1.283011e-05, 8.747799e-07, 1.250243e-01, 2.342652e-04, 0.000000e+00, 0.000000, 4.000000e-01, 0, 0.125024, 2.342652e-04 
1.439188e-02, 2.797255e-03, 7.873019e-06, 7.377311e-05, 6.123459e-06, 2.695780e-03, 1.283011e-05, 8.747799e-07, 1.249997e-01, 1.830420e-05, 0.000000e+00, 0.000000, 2.000000e-01, 0, 0.125000, 1.830420e-05 
1.751630e-02, 3.124422e-03, 7.873019e-06, 7.406470e-05, 6.123459e-06, 3.021781e-03, 1.341329e-05, 1.166373e-06, 1.249995e-01, 1.760671e-05, 0.000000e+00, 0.000000, 1.000000e-01, 0, 0.124999, 1.760671e-05 
2.034009e-02, 2.823790e-03, 8.456206e-06, 7.493948e-05, 5.831866e-06, 2.720857e-03, 1.283011e-05, 8.747799e-07, 1.249963e-01, 1.516977e-05, 0.000000e+00, 0.000000, 5.000000e-02, 0, 0.124996, 1.516977e-05 
2.315222e-02, 2.812126e-03, 7.581426e-06, 7.377311e-05, 6.123459e-06, 2.710651e-03, 1.312170e-05, 8.747799e-07, 1.249968e-01, 1.329049e-05, 0.000000e+00, 0.000000, 5.000000e-02, 0, 0.124997, 1.329049e-05 
0.500000, 0, 0, 0, 0, 0, 0, 0, 0, 0, 0, 0, 0, 0, 0 ,0