TRM WS=1, MS=2, TRMstep=0: ub=0.800000, lb=0.200000, grow=2.000000,shrink=0.500000, b_w=2,b_m=4, lr=0.400000, lambda=0.000000, n=9, n0=2, n1=2, n2=1, sub_tol=0.001000, sub_maxit=1000, tol=1.000000e-08, m=4, nobias=0 
time, iter_t, subset_m_time, g_time, subset_w_time, p1_time, t2, t3, total error, total gmag, rho, sigma, gamma, step, approx error, approx gmag 
2.978626e-03, 2.978626e-03, 8.456206e-06, 7.610585e-05, 6.706646e-06, 2.870153e-03, 1.545445e-05, 1.749560e-06, 1.293736e-01, 6.918433e-03, 0.000000e+00, 0.000000, 4.000000e-01, 0, 0.129374, 6.918433e-03 
5.784920e-03, 2.806294e-03, 7.873019e-06, 7.581426e-05, 6.706646e-06, 2.701320e-03, 1.312170e-05, 1.457967e-06, 1.282826e-01, 5.923817e-03, 0.000000e+00, 0.000000, 4.000000e-01, 0, 0.128283, 5.923817e-03 
8.576342e-03, 2.791423e-03, 8.164613e-06, 7.464789e-05, 6.123459e-06, 2.688490e-03, 1.283011e-05, 1.166373e-06, 1.273597e-01, 4.789029e-03, 0.000000e+00, 0.000000, 2.000000e-01, 0, 0.127360, 4.789029e-03 
1.137331e-02, 2.796963e-03, 1.020577e-05, 7.464789e-05, 6.123459e-06, 2.692281e-03, 1.283011e-05, 8.747799e-07, 1.250145e-01, 3.593814e-04, 0.000000e+00, 0.000000, 2.000000e-01, 0, 0.125014, 3.593814e-04 
1.463565e-02, 3.262346e-03, 7.873019e-06, 7.493948e-05, 6.123459e-06, 3.158830e-03, 1.341329e-05, 1.166373e-06, 1.249944e-01, 4.278460e-04, 0.000000e+00, 0.000000, 1.000000e-01, 0, 0.124994, 4.278460e-04 
1.749531e-02, 2.859656e-03, 1.720401e-05, 8.018816e-05, 6.415053e-06, 2.741560e-03, 1.312170e-05, 1.166373e-06, 1.249714e-01, 4.409689e-04, 0.000000e+00, 0.000000, 5.000000e-02, 0, 0.124971, 4.409689e-04 
2.059174e-02, 3.096429e-03, 7.873019e-06, 7.552267e-05, 6.123459e-06, 2.987665e-03, 1.749560e-05, 1.749560e-06, 1.249384e-01, 4.162966e-04, 0.000000e+00, 0.000000, 2.500000e-02, 0, 0.124938, 4.162966e-04 
2.483150e-02, 4.239767e-03, 9.330986e-06, 9.156030e-05, 9.622579e-06, 4.114090e-03, 1.341329e-05, 1.749560e-06, 1.249106e-01, 4.161927e-04, 0.000000e+00, 0.000000, 2.500000e-02, 0, 0.124911, 4.161927e-04 
0.500000, 0, 0, 0, 0, 0, 0, 0, 0, 0, 0, 0, 0, 0, 0 ,0