TRM WS=0, MS=1, TRMstep=0: ub=0.800000, lb=0.200000, grow=2.000000,shrink=0.500000, b_w=3,b_m=3, lr=1.000000, lambda=0.000000, n=9, n0=2, n1=2, n2=1, sub_tol=0.001000, sub_maxit=1000, tol=1.000000e-08, m=4, nobias=0 
time, iter_t, subset_m_time, g_time, subset_w_time, p1_time, t2, t3, total error, total gmag, rho, sigma, gamma, step, approx error, approx gmag 
7.056850e-03, 7.056850e-03, 2.915933e-06, 7.814701e-05, 0, 6.778378e-03, 1.160541e-04, 8.135453e-05, 1.390250e-01, 1.091447e-02, 0.000000e+00, 0.000000, 1.000000e+00, 0, 0.231396, 4.534121e-02 
1.502347e-02, 7.966621e-03, 8.543684e-05, 2.338578e-04, 0, 7.628081e-03, 1.807879e-05, 1.166373e-06, 1.315137e-01, 7.788667e-03, 0.000000e+00, 0.000000, 1.000000e+00, 0, 0.190713, 4.166442e-02 
2.313822e-02, 8.114750e-03, 3.324164e-05, 1.000165e-04, 0, 7.714976e-03, 1.749560e-05, 2.490207e-04, 1.389648e-01, 1.119493e-02, 0.000000e+00, 0.000000, 1.000000e+00, 0, 0.055279, 2.221832e-02 
3.088556e-02, 7.747343e-03, 2.332746e-06, 7.318992e-05, 0, 7.653450e-03, 1.749560e-05, 8.747799e-07, 1.841952e-01, 1.519092e-02, 0.000000e+00, 0.000000, 1.000000e+00, 0, 0.345040, 3.897766e-02 
3.840838e-02, 7.522816e-03, 1.749560e-06, 7.289833e-05, 0, 7.430964e-03, 1.662082e-05, 5.831866e-07, 1.301674e-01, 7.560487e-03, 0.000000e+00, 0.000000, 1.000000e+00, 0, 0.193851, 4.857546e-02 
4.637004e-02, 7.961664e-03, 1.457967e-06, 7.114877e-05, 0, 7.869229e-03, 1.778719e-05, 2.041153e-06, 1.441276e-01, 1.273503e-02, 0.000000e+00, 0.000000, 5.000000e-01, 0, 0.244665, 4.498763e-02 
5.401183e-02, 7.641786e-03, 2.041153e-06, 7.756382e-05, 0, 7.544394e-03, 1.691241e-05, 8.747799e-07, 1.304123e-01, 7.989287e-03, 0.000000e+00, 0.000000, 5.000000e-01, 0, 0.078537, 3.048101e-02 
6.203764e-02, 8.025814e-03, 2.332746e-06, 7.173195e-05, 0, 7.932504e-03, 1.837038e-05, 8.747799e-07, 1.547310e-01, 1.541417e-02, 0.000000e+00, 0.000000, 5.000000e-01, 0, 0.261367, 4.712177e-02 
7.087059e-02, 8.832944e-03, 2.041153e-06, 8.660321e-05, 0, 8.725055e-03, 1.778719e-05, 1.457967e-06, 1.303600e-01, 7.937227e-03, 0.000000e+00, 0.000000, 5.000000e-01, 0, 0.195862, 5.013875e-02 
7.877918e-02, 7.908594e-03, 1.749560e-06, 8.310409e-05, 0, 7.805953e-03, 1.691241e-05, 8.747799e-07, 1.265710e-01, 4.289883e-03, 0.000000e+00, 0.000000, 5.000000e-01, 0, 0.155952, 4.411991e-02 
8.915203e-02, 1.037285e-02, 1.457967e-06, 7.377311e-05, 0, 1.027954e-02, 1.720401e-05, 8.747799e-07, 1.303069e-01, 8.006196e-03, 0.000000e+00, 0.000000, 5.000000e-01, 0, 0.079100, 3.092598e-02 
9.819638e-02, 9.044350e-03, 2.332746e-06, 7.814701e-05, 0, 8.942584e-03, 1.982834e-05, 1.457967e-06, 1.548540e-01, 1.558767e-02, 0.000000e+00, 0.000000, 5.000000e-01, 0, 0.260777, 4.761542e-02 
1.077291e-01, 9.532768e-03, 2.332746e-06, 8.864437e-05, 0, 9.421671e-03, 1.895356e-05, 1.166373e-06, 1.302539e-01, 7.952342e-03, 0.000000e+00, 0.000000, 5.000000e-01, 0, 0.196247, 5.078840e-02 
1.153485e-01, 7.619333e-03, 1.749560e-06, 7.785541e-05, 0, 7.522233e-03, 1.662082e-05, 8.747799e-07, 1.267136e-01, 4.541943e-03, 0.000000e+00, 0.000000, 5.000000e-01, 0, 0.157260, 4.482912e-02 
1.224954e-01, 7.146952e-03, 1.457967e-06, 7.231514e-05, 0, 7.056558e-03, 1.545445e-05, 1.166373e-06, 1.302061e-01, 8.025672e-03, 0.000000e+00, 0.000000, 5.000000e-01, 0, 0.079606, 3.135520e-02 
1.290755e-01, 6.580095e-03, 2.332746e-06, 6.852443e-05, 0, 6.494075e-03, 1.457967e-05, 5.831866e-07, 1.549806e-01, 1.575652e-02, 0.000000e+00, 0.000000, 5.000000e-01, 0, 0.260203, 4.809248e-02 
1.359029e-01, 6.827366e-03, 1.457967e-06, 6.094300e-05, 0, 6.746011e-03, 1.778719e-05, 1.166373e-06, 1.301518e-01, 7.970513e-03, 0.000000e+00, 0.000000, 5.000000e-01, 0, 0.196698, 5.142345e-02 
1.424602e-01, 6.557350e-03, 1.457967e-06, 6.298415e-05, 0, 6.476871e-03, 1.457967e-05, 1.457967e-06, 1.268504e-01, 4.787789e-03, 0.000000e+00, 0.000000, 2.500000e-01, 0, 0.158498, 4.552427e-02 
1.490640e-01, 6.603714e-03, 1.457967e-06, 6.094300e-05, 0, 6.523817e-03, 1.662082e-05, 8.747799e-07, 1.301094e-01, 8.048285e-03, 0.000000e+00, 0.000000, 2.500000e-01, 0, 0.080049, 3.176579e-02 
1.568186e-01, 7.754632e-03, 2.041153e-06, 7.260673e-05, 0, 7.662489e-03, 1.662082e-05, 8.747799e-07, 1.407043e-01, 1.303476e-02, 0.000000e+00, 0.000000, 2.500000e-01, 0, 0.212580, 4.846675e-02 
1.643131e-01, 7.494531e-03, 1.749560e-06, 7.231514e-05, 0, 7.404720e-03, 1.487126e-05, 8.747799e-07, 1.301184e-01, 8.035203e-03, 0.000000e+00, 0.000000, 2.500000e-01, 0, 0.196222, 5.177315e-02 
1.708116e-01, 6.498448e-03, 1.457967e-06, 6.210937e-05, 0, 6.419718e-03, 1.428807e-05, 8.747799e-07, 1.252424e-01, 1.652659e-03, 0.000000e+00, 0.000000, 2.500000e-01, 0, 0.115540, 4.046831e-02 
1.771050e-01, 6.293458e-03, 1.166373e-06, 5.977663e-05, 0, 6.217936e-03, 1.399648e-05, 5.831866e-07, 1.301096e-01, 8.068737e-03, 0.000000e+00, 0.000000, 2.500000e-01, 0, 0.080032, 3.182226e-02 
1.835612e-01, 6.456167e-03, 2.041153e-06, 5.948503e-05, 0, 6.379478e-03, 1.428807e-05, 8.747799e-07, 1.407335e-01, 1.307045e-02, 0.000000e+00, 0.000000, 2.500000e-01, 0, 0.212400, 4.854366e-02 
1.900419e-01, 6.480661e-03, 1.457967e-06, 6.152619e-05, 0, 6.401348e-03, 1.574604e-05, 5.831866e-07, 1.301189e-01, 8.055732e-03, 0.000000e+00, 0.000000, 2.500000e-01, 0, 0.196575, 5.192465e-02 
1.974702e-01, 7.428339e-03, 1.457967e-06, 6.298415e-05, 0, 7.345235e-03, 1.778719e-05, 8.747799e-07, 1.252350e-01, 1.648929e-03, 0.000000e+00, 0.000000, 2.500000e-01, 0, 0.115535, 4.057052e-02 
2.051126e-01, 7.642369e-03, 1.749560e-06, 7.406470e-05, 0, 7.549059e-03, 1.632923e-05, 1.166373e-06, 1.301106e-01, 8.090072e-03, 0.000000e+00, 0.000000, 2.500000e-01, 0, 0.080009, 3.187688e-02 
2.127506e-01, 7.637995e-03, 2.041153e-06, 7.202355e-05, 0, 7.546435e-03, 1.691241e-05, 5.831866e-07, 1.407641e-01, 1.310659e-02, 0.000000e+00, 0.000000, 2.500000e-01, 0, 0.212223, 4.862004e-02 
2.204186e-01, 7.668029e-03, 1.457967e-06, 7.231514e-05, 0, 7.576469e-03, 1.720401e-05, 5.831866e-07, 1.301201e-01, 8.077151e-03, 0.000000e+00, 0.000000, 2.500000e-01, 0, 0.196941, 5.207627e-02 
2.279933e-01, 7.574719e-03, 1.457967e-06, 7.231514e-05, 0, 7.483159e-03, 1.632923e-05, 1.457967e-06, 1.252273e-01, 1.646385e-03, 0.000000e+00, 0.000000, 1.250000e-01, 0, 0.115521, 4.067107e-02 
2.357191e-01, 7.725765e-03, 1.457967e-06, 7.231514e-05, 0, 7.634496e-03, 1.662082e-05, 8.747799e-07, 1.301123e-01, 8.112319e-03, 0.000000e+00, 0.000000, 1.250000e-01, 0, 0.079978, 3.192959e-02 
2.433533e-01, 7.634204e-03, 2.041153e-06, 7.144036e-05, 0, 7.542936e-03, 1.691241e-05, 8.747799e-07, 1.348336e-01, 1.087045e-02, 0.000000e+00, 0.000000, 1.250000e-01, 0, 0.188595, 4.750049e-02 
2.509181e-01, 7.564805e-03, 1.749560e-06, 7.260673e-05, 0, 7.472662e-03, 1.662082e-05, 1.166373e-06, 1.301181e-01, 8.104939e-03, 0.000000e+00, 0.000000, 1.250000e-01, 0, 0.196656, 5.215408e-02 
2.578714e-01, 6.953334e-03, 1.749560e-06, 7.202355e-05, 0, 6.864690e-03, 1.428807e-05, 5.831866e-07, 1.268625e-01, 4.980057e-03, 0.000000e+00, 0.000000, 1.250000e-01, 0, 0.096059, 3.701786e-02 
2.642206e-01, 6.349153e-03, 1.457967e-06, 6.210937e-05, 0, 6.270714e-03, 1.428807e-05, 5.831866e-07, 1.301187e-01, 8.122466e-03, 0.000000e+00, 0.000000, 1.250000e-01, 0, 0.079929, 3.193173e-02 
2.708873e-01, 6.666698e-03, 2.041153e-06, 5.977663e-05, 0, 6.589717e-03, 1.428807e-05, 8.747799e-07, 1.348454e-01, 1.088165e-02, 0.000000e+00, 0.000000, 1.250000e-01, 0, 0.188538, 4.751011e-02 
2.772746e-01, 6.387351e-03, 1.457967e-06, 6.181778e-05, 0, 6.309204e-03, 1.399648e-05, 8.747799e-07, 1.301247e-01, 8.115122e-03, 0.000000e+00, 0.000000, 1.250000e-01, 0, 0.196842, 5.219952e-02 
2.836185e-01, 6.343904e-03, 1.457967e-06, 6.035981e-05, 0, 6.266923e-03, 1.428807e-05, 8.747799e-07, 1.268646e-01, 4.988522e-03, 0.000000e+00, 0.000000, 1.250000e-01, 0, 0.096014, 3.702883e-02 
2.899178e-01, 6.299290e-03, 1.749560e-06, 6.123459e-05, 0, 6.220852e-03, 1.399648e-05, 1.457967e-06, 1.301254e-01, 8.132822e-03, 0.000000e+00, 0.000000, 6.250000e-02, 0, 0.079879, 3.193360e-02 
2.962530e-01, 6.335156e-03, 1.457967e-06, 6.094300e-05, 0, 6.257884e-03, 1.428807e-05, 5.831866e-07, 1.348576e-01, 1.089302e-02, 0.000000e+00, 0.000000, 6.250000e-02, 0, 0.188482, 4.751976e-02 
3.026762e-01, 6.423217e-03, 1.457967e-06, 6.065141e-05, 0, 6.346528e-03, 1.399648e-05, 5.831866e-07, 1.323238e-01, 9.562777e-03, 0.000000e+00, 0.000000, 6.250000e-02, 0, 0.209674, 5.276620e-02 
3.091122e-01, 6.436047e-03, 1.457967e-06, 6.123459e-05, 0, 6.358192e-03, 1.399648e-05, 1.166373e-06, 1.301311e-01, 8.128749e-03, 0.000000e+00, 0.000000, 3.125000e-02, 0, 0.078747, 3.292648e-02 
3.155929e-01, 6.480661e-03, 1.457967e-06, 6.094300e-05, 0, 6.403389e-03, 1.428807e-05, 5.831866e-07, 1.323259e-01, 9.573035e-03, 0.000000e+00, 0.000000, 3.125000e-02, 0, 0.072125, 2.986610e-02 
3.220097e-01, 6.416802e-03, 1.749560e-06, 6.152619e-05, 0, 6.338655e-03, 1.399648e-05, 8.747799e-07, 1.335541e-01, 1.024994e-02, 0.000000e+00, 0.000000, 3.125000e-02, 0, 0.182691, 4.710076e-02 
3.286478e-01, 6.638122e-03, 1.457967e-06, 6.181778e-05, 0, 6.557350e-03, 1.662082e-05, 8.747799e-07, 1.323274e-01, 9.570094e-03, 0.000000e+00, 0.000000, 3.125000e-02, 0, 0.209596, 5.277244e-02 
3.363535e-01, 7.705645e-03, 1.749560e-06, 7.318992e-05, 0, 7.612043e-03, 1.778719e-05, 8.747799e-07, 1.311861e-01, 8.865378e-03, 0.000000e+00, 0.000000, 3.125000e-02, 0, 0.074686, 3.185834e-02 
3.444084e-01, 8.054974e-03, 1.457967e-06, 7.581426e-05, 0, 7.959622e-03, 1.720401e-05, 8.747799e-07, 1.323287e-01, 9.575208e-03, 0.000000e+00, 0.000000, 3.125000e-02, 0, 0.072109, 2.986302e-02 
3.522987e-01, 7.890223e-03, 2.332746e-06, 7.960497e-05, 0, 7.788749e-03, 1.807879e-05, 1.457967e-06, 1.335572e-01, 1.025206e-02, 0.000000e+00, 0.000000, 3.125000e-02, 0, 0.182682, 4.709953e-02 
3.603399e-01, 8.041269e-03, 2.041153e-06, 7.727223e-05, 0, 7.942418e-03, 1.866197e-05, 8.747799e-07, 1.323303e-01, 9.572268e-03, 0.000000e+00, 0.000000, 3.125000e-02, 0, 0.209643, 5.277836e-02 
3.682529e-01, 7.912968e-03, 2.041153e-06, 8.047975e-05, 0, 7.812951e-03, 1.691241e-05, 5.831866e-07, 1.311886e-01, 8.867615e-03, 0.000000e+00, 0.000000, 3.125000e-02, 0, 0.074675, 3.185655e-02 
3.761379e-01, 7.884975e-03, 1.749560e-06, 7.698063e-05, 0, 7.786416e-03, 1.807879e-05, 1.749560e-06, 1.323316e-01, 9.577393e-03, 0.000000e+00, 0.000000, 1.562500e-02, 0, 0.072093, 2.985993e-02 
3.833638e-01, 7.225974e-03, 2.332746e-06, 7.960497e-05, 0, 7.123041e-03, 1.982834e-05, 1.166373e-06, 1.335603e-01, 1.025418e-02, 0.000000e+00, 0.000000, 1.562500e-02, 0, 0.182674, 4.709831e-02 
3.918472e-01, 8.483324e-03, 2.624340e-06, 9.476782e-05, 0, 8.368436e-03, 1.662082e-05, 8.747799e-07, 1.329362e-01, 9.917780e-03, 0.000000e+00, 0.000000, 1.562500e-02, 0, 0.212863, 5.287447e-02 
3.985588e-01, 6.711603e-03, 2.041153e-06, 6.969080e-05, 0, 6.623250e-03, 1.487126e-05, 1.749560e-06, 1.323331e-01, 9.575595e-03, 0.000000e+00, 0.000000, 7.812500e-03, 0, 0.070816, 3.078533e-02 
4.060061e-01, 7.447293e-03, 1.457967e-06, 6.298415e-05, 0, 7.363314e-03, 1.866197e-05, 8.747799e-07, 1.329370e-01, 9.920420e-03, 0.000000e+00, 0.000000, 7.812500e-03, 0, 0.070235, 2.933962e-02 
4.148862e-01, 8.880183e-03, 2.915933e-06, 8.193772e-05, 0, 8.774043e-03, 2.011994e-05, 1.166373e-06, 1.332469e-01, 1.008872e-02, 0.000000e+00, 0.000000, 7.812500e-03, 0, 0.181235, 4.698548e-02 
4.226493e-01, 7.763089e-03, 2.332746e-06, 8.310409e-05, 0, 7.658990e-03, 1.691241e-05, 1.749560e-06, 1.329374e-01, 9.919612e-03, 0.000000e+00, 0.000000, 3.906250e-03, 0, 0.212843, 5.287544e-02 
4.292860e-01, 6.636664e-03, 1.749560e-06, 6.939921e-05, 0, 6.550060e-03, 1.457967e-05, 8.747799e-07, 1.326331e-01, 9.749370e-03, 0.000000e+00, 0.000000, 3.906250e-03, 0, 0.069856, 3.051470e-02 
4.365779e-01, 7.291874e-03, 1.457967e-06, 6.181778e-05, 0, 7.209936e-03, 1.778719e-05, 8.747799e-07, 1.327848e-01, 9.835365e-03, 0.000000e+00, 0.000000, 3.906250e-03, 0, 0.070675, 2.946418e-02 
4.445547e-01, 7.976826e-03, 2.624340e-06, 7.493948e-05, 0, 7.880601e-03, 1.720401e-05, 1.457967e-06, 1.329377e-01, 9.920173e-03, 0.000000e+00, 0.000000, 3.906250e-03, 0, 0.179797, 4.686719e-02 
4.524662e-01, 7.911510e-03, 1.749560e-06, 7.260673e-05, 0, 7.817908e-03, 1.837038e-05, 8.747799e-07, 1.327850e-01, 9.834965e-03, 0.000000e+00, 0.000000, 3.906250e-03, 0, 0.212023, 5.285147e-02 
4.592647e-01, 6.798498e-03, 1.749560e-06, 7.727223e-05, 0, 6.703439e-03, 1.516285e-05, 8.747799e-07, 1.326335e-01, 9.749625e-03, 0.000000e+00, 0.000000, 3.906250e-03, 0, 0.069854, 3.051438e-02 
4.672176e-01, 7.952916e-03, 1.457967e-06, 6.444212e-05, 0, 7.867187e-03, 1.807879e-05, 1.749560e-06, 1.327852e-01, 9.835619e-03, 0.000000e+00, 0.000000, 1.953125e-03, 0, 0.070673, 2.946370e-02 
4.751577e-01, 7.940086e-03, 2.332746e-06, 7.785541e-05, 0, 7.842402e-03, 1.691241e-05, 5.831866e-07, 1.329381e-01, 9.920426e-03, 0.000000e+00, 0.000000, 1.953125e-03, 0, 0.179796, 4.686694e-02 
4.829777e-01, 7.819949e-03, 1.749560e-06, 7.231514e-05, 0, 7.728097e-03, 1.691241e-05, 8.747799e-07, 1.328616e-01, 9.877877e-03, 0.000000e+00, 0.000000, 1.953125e-03, 0, 0.212426, 5.286273e-02 
4.910979e-01, 8.120290e-03, 1.749560e-06, 7.377311e-05, 0, 8.024648e-03, 1.807879e-05, 2.041153e-06, 1.327853e-01, 9.835371e-03, 0.000000e+00, 0.000000, 9.765625e-04, 0, 0.069386, 3.037994e-02 
4.989958e-01, 7.897805e-03, 2.041153e-06, 7.843860e-05, 0, 7.798663e-03, 1.807879e-05, 5.831866e-07, 1.328617e-01, 9.878205e-03, 0.000000e+00, 0.000000, 9.765625e-04, 0, 0.070442, 2.939862e-02 
5.064742e-01, 7.478494e-03, 2.915933e-06, 7.727223e-05, 0, 7.379352e-03, 1.778719e-05, 1.166373e-06, 1.329000e-01, 9.899392e-03, 0.000000e+00, 0.000000, 9.765625e-04, 0, 0.179617, 4.685225e-02 
5.146561e-01, 8.181817e-03, 2.624340e-06, 7.785541e-05, 0, 8.081508e-03, 1.807879e-05, 1.749560e-06, 1.328617e-01, 9.878104e-03, 0.000000e+00, 0.000000, 4.882813e-04, 0, 0.212423, 5.286283e-02 
5.236567e-01, 9.000611e-03, 2.041153e-06, 7.027399e-05, 0, 8.905843e-03, 2.128631e-05, 1.166373e-06, 1.328236e-01, 9.856864e-03, 0.000000e+00, 0.000000, 4.882813e-04, 0, 0.069267, 3.034606e-02 
5.314422e-01, 7.785541e-03, 2.332746e-06, 8.572843e-05, 0, 7.679693e-03, 1.720401e-05, 5.831866e-07, 1.328427e-01, 9.867569e-03, 0.000000e+00, 0.000000, 4.882813e-04, 0, 0.070497, 2.941418e-02 
5.394319e-01, 7.989657e-03, 2.332746e-06, 7.260673e-05, 0, 7.895472e-03, 1.778719e-05, 1.457967e-06, 1.328618e-01, 9.878173e-03, 0.000000e+00, 0.000000, 4.882813e-04, 0, 0.179437, 4.683721e-02 
5.479187e-01, 8.486823e-03, 2.041153e-06, 7.552267e-05, 0, 8.388556e-03, 1.953675e-05, 1.166373e-06, 1.328427e-01, 9.867519e-03, 0.000000e+00, 0.000000, 4.882813e-04, 0, 0.212321, 5.285982e-02 
5.558445e-01, 7.925798e-03, 2.624340e-06, 8.193772e-05, 0, 7.821699e-03, 1.866197e-05, 8.747799e-07, 1.328236e-01, 9.856896e-03, 0.000000e+00, 0.000000, 4.882813e-04, 0, 0.069266, 3.034602e-02 
5.635379e-01, 7.693398e-03, 1.749560e-06, 7.698063e-05, 0, 7.594256e-03, 1.837038e-05, 2.041153e-06, 1.328427e-01, 9.867601e-03, 0.000000e+00, 0.000000, 2.441406e-04, 0, 0.070497, 2.941412e-02 
5.713876e-01, 7.849692e-03, 2.915933e-06, 7.493948e-05, 0, 7.751425e-03, 1.924516e-05, 1.166373e-06, 1.328618e-01, 9.878205e-03, 0.000000e+00, 0.000000, 2.441406e-04, 0, 0.179437, 4.683718e-02 
5.816610e-01, 1.027342e-02, 2.332746e-06, 9.039393e-05, 0, 1.016057e-02, 1.895356e-05, 1.166373e-06, 1.328523e-01, 9.872878e-03, 0.000000e+00, 0.000000, 2.441406e-04, 0, 0.212371, 5.286121e-02 
5.896369e-01, 7.975952e-03, 2.041153e-06, 8.281250e-05, 0, 7.868937e-03, 1.982834e-05, 2.332746e-06, 1.328427e-01, 9.867569e-03, 0.000000e+00, 0.000000, 1.220703e-04, 0, 0.069208, 3.032920e-02 
5.971423e-01, 7.505320e-03, 1.749560e-06, 8.077135e-05, 0, 7.404720e-03, 1.691241e-05, 1.166373e-06, 1.328523e-01, 9.872919e-03, 0.000000e+00, 0.000000, 1.220703e-04, 0, 0.070468, 2.940599e-02 
6.052060e-01, 8.063721e-03, 2.624340e-06, 7.085717e-05, 0, 7.970120e-03, 1.895356e-05, 1.166373e-06, 1.328571e-01, 9.875570e-03, 0.000000e+00, 0.000000, 1.220703e-04, 0, 0.179415, 4.683533e-02 
6.139561e-01, 8.750132e-03, 2.332746e-06, 7.960497e-05, 0, 8.647783e-03, 1.866197e-05, 1.749560e-06, 1.328523e-01, 9.872907e-03, 0.000000e+00, 0.000000, 6.103516e-05, 0, 0.212371, 5.286123e-02 
6.222149e-01, 8.258797e-03, 3.790713e-06, 1.245103e-04, 0, 8.110668e-03, 1.895356e-05, 8.747799e-07, 1.328475e-01, 9.870253e-03, 0.000000e+00, 0.000000, 6.103516e-05, 0, 0.069193, 3.032497e-02 
6.304731e-01, 8.258214e-03, 1.749560e-06, 8.047975e-05, 0, 8.154698e-03, 2.041153e-05, 8.747799e-07, 1.328499e-01, 9.871590e-03, 0.000000e+00, 0.000000, 6.103516e-05, 0, 0.070475, 2.940793e-02 
6.378294e-01, 7.356316e-03, 2.332746e-06, 6.998239e-05, 0, 7.266505e-03, 1.603763e-05, 1.457967e-06, 1.328523e-01, 9.872915e-03, 0.000000e+00, 0.000000, 6.103516e-05, 0, 0.179393, 4.683345e-02 
6.446574e-01, 6.827949e-03, 2.332746e-06, 7.114877e-05, 0, 6.737555e-03, 1.574604e-05, 1.166373e-06, 1.328499e-01, 9.871584e-03, 0.000000e+00, 0.000000, 6.103516e-05, 0, 0.212358, 5.286085e-02 
6.513958e-01, 6.738430e-03, 1.749560e-06, 6.764965e-05, 0, 6.653576e-03, 1.457967e-05, 8.747799e-07, 1.328475e-01, 9.870256e-03, 0.000000e+00, 0.000000, 6.103516e-05, 0, 0.069193, 3.032496e-02 
6.595660e-01, 8.170153e-03, 1.457967e-06, 6.152619e-05, 0, 8.089382e-03, 1.545445e-05, 2.332746e-06, 1.328499e-01, 9.871594e-03, 0.000000e+00, 0.000000, 3.051758e-05, 0, 0.070475, 2.940792e-02 
6.670089e-01, 7.442919e-03, 2.332746e-06, 6.735805e-05, 0, 7.357482e-03, 1.516285e-05, 5.831866e-07, 1.328523e-01, 9.872919e-03, 0.000000e+00, 0.000000, 3.051758e-05, 0, 0.179393, 4.683344e-02 
6.735986e-01, 6.589717e-03, 1.749560e-06, 6.590009e-05, 0, 6.506613e-03, 1.487126e-05, 5.831866e-07, 1.328511e-01, 9.872253e-03, 0.000000e+00, 0.000000, 3.051758e-05, 0, 0.212364, 5.286102e-02 
6.803513e-01, 6.752718e-03, 1.457967e-06, 6.939921e-05, 0, 6.664948e-03, 1.516285e-05, 1.749560e-06, 1.328499e-01, 9.871590e-03, 0.000000e+00, 0.000000, 1.525879e-05, 0, 0.069186, 3.032286e-02 
6.871175e-01, 6.766131e-03, 1.749560e-06, 6.415053e-05, 0, 6.685068e-03, 1.428807e-05, 8.747799e-07, 1.328511e-01, 9.872259e-03, 0.000000e+00, 0.000000, 1.525879e-05, 0, 0.070471, 2.940691e-02 
6.943044e-01, 7.186900e-03, 2.332746e-06, 6.123459e-05, 0, 7.107587e-03, 1.487126e-05, 8.747799e-07, 1.328517e-01, 9.872590e-03, 0.000000e+00, 0.000000, 1.525879e-05, 0, 0.179390, 4.683321e-02 
7.007941e-01, 6.489701e-03, 1.166373e-06, 6.444212e-05, 0, 6.407763e-03, 1.487126e-05, 1.457967e-06, 1.328511e-01, 9.872257e-03, 0.000000e+00, 0.000000, 7.629395e-06, 0, 0.212364, 5.286102e-02 
7.097343e-01, 8.940251e-03, 1.457967e-06, 6.444212e-05, 0, 8.855689e-03, 1.778719e-05, 8.747799e-07, 1.328505e-01, 9.871925e-03, 0.000000e+00, 0.000000, 7.629395e-06, 0, 0.069184, 3.032233e-02 
7.173907e-01, 7.656365e-03, 2.041153e-06, 7.727223e-05, 0, 7.558973e-03, 1.720401e-05, 8.747799e-07, 1.328508e-01, 9.872092e-03, 0.000000e+00, 0.000000, 7.629395e-06, 0, 0.070472, 2.940715e-02 
7.252856e-01, 7.894889e-03, 2.624340e-06, 7.231514e-05, 0, 7.801287e-03, 1.749560e-05, 1.166373e-06, 1.328511e-01, 9.872258e-03, 0.000000e+00, 0.000000, 7.629395e-06, 0, 0.179387, 4.683298e-02 
7.327515e-01, 7.465955e-03, 1.749560e-06, 7.318992e-05, 0, 7.375561e-03, 1.487126e-05, 5.831866e-07, 1.328508e-01, 9.872092e-03, 0.000000e+00, 0.000000, 7.629395e-06, 0, 0.212362, 5.286098e-02 
7.402251e-01, 7.473536e-03, 1.457967e-06, 6.298415e-05, 0, 7.392182e-03, 1.632923e-05, 5.831866e-07, 1.328505e-01, 9.871926e-03, 0.000000e+00, 0.000000, 7.629395e-06, 0, 0.069184, 3.032233e-02 
7.478916e-01, 7.666571e-03, 1.457967e-06, 7.377311e-05, 0, 7.574428e-03, 1.516285e-05, 1.749560e-06, 1.328508e-01, 9.872093e-03, 0.000000e+00, 0.000000, 3.814697e-06, 0, 0.070472, 2.940715e-02 
7.562531e-01, 8.361438e-03, 2.041153e-06, 6.298415e-05, 0, 8.276293e-03, 1.924516e-05, 8.747799e-07, 1.328511e-01, 9.872259e-03, 0.000000e+00, 0.000000, 3.814697e-06, 0, 0.179387, 4.683298e-02 
7.639296e-01, 7.676485e-03, 2.332746e-06, 7.639745e-05, 0, 7.579385e-03, 1.749560e-05, 8.747799e-07, 1.328510e-01, 9.872175e-03, 0.000000e+00, 0.000000, 3.814697e-06, 0, 0.212363, 5.286100e-02 
7.719297e-01, 8.000154e-03, 1.749560e-06, 7.377311e-05, 0, 7.904803e-03, 1.807879e-05, 1.749560e-06, 1.328508e-01, 9.872092e-03, 0.000000e+00, 0.000000, 1.907349e-06, 0, 0.069183, 3.032207e-02 
7.796806e-01, 7.750842e-03, 1.749560e-06, 7.639745e-05, 0, 7.655199e-03, 1.662082e-05, 8.747799e-07, 1.328510e-01, 9.872176e-03, 0.000000e+00, 0.000000, 1.907349e-06, 0, 0.070472, 2.940702e-02 
7.872188e-01, 7.538270e-03, 2.624340e-06, 7.231514e-05, 0, 7.446127e-03, 1.632923e-05, 8.747799e-07, 1.328510e-01, 9.872217e-03, 0.000000e+00, 0.000000, 1.907349e-06, 0, 0.179387, 4.683295e-02 
7.947766e-01, 7.557807e-03, 1.457967e-06, 7.144036e-05, 0, 7.463622e-03, 1.632923e-05, 4.957086e-06, 1.328510e-01, 9.872176e-03, 0.000000e+00, 0.000000, 9.536743e-07, 0, 0.212363, 5.286100e-02 
8.013564e-01, 6.579803e-03, 2.332746e-06, 6.706646e-05, 0, 6.494075e-03, 1.545445e-05, 8.747799e-07, 1.328509e-01, 9.872134e-03, 0.000000e+00, 0.000000, 9.536743e-07, 0, 0.069183, 3.032200e-02 
8.077957e-01, 6.439255e-03, 1.457967e-06, 6.065141e-05, 0, 6.360816e-03, 1.545445e-05, 8.747799e-07, 1.328509e-01, 9.872155e-03, 0.000000e+00, 0.000000, 9.536743e-07, 0, 0.070472, 2.940705e-02 
8.153491e-01, 7.553433e-03, 1.749560e-06, 6.415053e-05, 0, 7.469454e-03, 1.720401e-05, 8.747799e-07, 1.328510e-01, 9.872176e-03, 0.000000e+00, 0.000000, 9.536743e-07, 0, 0.179386, 4.683292e-02 
8.229836e-01, 7.634496e-03, 1.457967e-06, 7.348151e-05, 0, 7.541769e-03, 1.720401e-05, 5.831866e-07, 1.328509e-01, 9.872155e-03, 0.000000e+00, 0.000000, 9.536743e-07, 0, 0.212363, 5.286099e-02 
8.307718e-01, 7.788166e-03, 1.457967e-06, 7.523107e-05, 0, 7.693689e-03, 1.691241e-05, 8.747799e-07, 1.328509e-01, 9.872134e-03, 0.000000e+00, 0.000000, 9.536743e-07, 0, 0.069183, 3.032200e-02 
8.383847e-01, 7.612918e-03, 1.457967e-06, 7.289833e-05, 0, 7.520191e-03, 1.720401e-05, 1.166373e-06, 1.328509e-01, 9.872155e-03, 0.000000e+00, 0.000000, 4.768372e-07, 0, 0.070472, 2.940705e-02 
8.460906e-01, 7.705936e-03, 1.749560e-06, 7.552267e-05, 0, 7.611460e-03, 1.662082e-05, 5.831866e-07, 1.328510e-01, 9.872176e-03, 0.000000e+00, 0.000000, 4.768372e-07, 0, 0.179386, 4.683292e-02 
8.537292e-01, 7.638578e-03, 2.041153e-06, 8.222931e-05, 0, 7.535937e-03, 1.749560e-05, 8.747799e-07, 1.328509e-01, 9.872166e-03, 0.000000e+00, 0.000000, 4.768372e-07, 0, 0.212363, 5.286100e-02 
8.614110e-01, 7.681734e-03, 1.457967e-06, 7.552267e-05, 0, 7.586675e-03, 1.662082e-05, 1.457967e-06, 1.328509e-01, 9.872155e-03, 0.000000e+00, 0.000000, 2.384186e-07, 0, 0.069183, 3.032197e-02 
8.689935e-01, 7.582592e-03, 1.749560e-06, 7.173195e-05, 0, 7.491907e-03, 1.632923e-05, 8.747799e-07, 1.328509e-01, 9.872166e-03, 0.000000e+00, 0.000000, 2.384186e-07, 0, 0.070472, 2.940704e-02 
8.767788e-01, 7.785250e-03, 1.749560e-06, 7.581426e-05, 0, 7.690190e-03, 1.691241e-05, 5.831866e-07, 1.328510e-01, 9.872171e-03, 0.000000e+00, 0.000000, 2.384186e-07, 0, 0.179386, 4.683291e-02 
8.843900e-01, 7.611168e-03, 1.457967e-06, 7.231514e-05, 0, 7.519608e-03, 1.662082e-05, 1.166373e-06, 1.328509e-01, 9.872166e-03, 0.000000e+00, 0.000000, 1.192093e-07, 0, 0.212363, 5.286100e-02 
8.911590e-01, 6.769047e-03, 1.749560e-06, 7.523107e-05, 0, 6.676612e-03, 1.457967e-05, 8.747799e-07, 1.328509e-01, 9.872160e-03, 0.000000e+00, 0.000000, 1.192093e-07, 0, 0.069183, 3.032196e-02 
8.976126e-01, 6.453543e-03, 1.457967e-06, 6.152619e-05, 0, 6.374521e-03, 1.516285e-05, 8.747799e-07, 1.328509e-01, 9.872163e-03, 0.000000e+00, 0.000000, 1.192093e-07, 0, 0.070472, 2.940704e-02 
9.041148e-01, 6.502239e-03, 1.457967e-06, 6.327575e-05, 0, 6.422051e-03, 1.428807e-05, 1.166373e-06, 1.328509e-01, 9.872166e-03, 0.000000e+00, 0.000000, 1.192093e-07, 0, 0.179386, 4.683291e-02 
9.104978e-01, 6.382977e-03, 1.457967e-06, 6.123459e-05, 0, 6.305122e-03, 1.428807e-05, 8.747799e-07, 1.328509e-01, 9.872163e-03, 0.000000e+00, 0.000000, 1.192093e-07, 0, 0.212363, 5.286100e-02 
9.172668e-01, 6.769047e-03, 1.457967e-06, 6.094300e-05, 0, 6.689150e-03, 1.662082e-05, 8.747799e-07, 1.328509e-01, 9.872160e-03, 0.000000e+00, 0.000000, 1.192093e-07, 0, 0.069183, 3.032196e-02 
9.248605e-01, 7.593673e-03, 1.457967e-06, 7.173195e-05, 0, 7.502404e-03, 1.662082e-05, 1.457967e-06, 1.328509e-01, 9.872163e-03, 0.000000e+00, 0.000000, 5.960464e-08, 0, 0.070472, 2.940704e-02 
9.323967e-01, 7.536229e-03, 1.749560e-06, 7.260673e-05, 0, 7.444960e-03, 1.603763e-05, 8.747799e-07, 1.328509e-01, 9.872166e-03, 0.000000e+00, 0.000000, 5.960464e-08, 0, 0.179386, 4.683291e-02 
9.388745e-01, 6.477745e-03, 1.457967e-06, 6.677487e-05, 0, 6.394933e-03, 1.399648e-05, 5.831866e-07, 1.328509e-01, 9.872164e-03, 0.000000e+00, 0.000000, 5.960464e-08, 0, 0.212363, 5.286100e-02 
9.453825e-01, 6.508071e-03, 1.166373e-06, 6.006822e-05, 0, 6.430507e-03, 1.516285e-05, 1.166373e-06, 1.328509e-01, 9.872163e-03, 0.000000e+00, 0.000000, 2.980232e-08, 0, 0.069183, 3.032196e-02 
9.518760e-01, 6.493491e-03, 2.332746e-06, 8.281250e-05, 0, 6.393183e-03, 1.428807e-05, 8.747799e-07, 1.328509e-01, 9.872164e-03, 0.000000e+00, 0.000000, 2.980232e-08, 0, 0.070472, 2.940704e-02 
9.582441e-01, 6.368106e-03, 1.457967e-06, 6.065141e-05, 0, 6.290834e-03, 1.428807e-05, 8.747799e-07, 1.328509e-01, 9.872165e-03, 0.000000e+00, 0.000000, 2.980232e-08, 0, 0.179386, 4.683291e-02 
9.657028e-01, 7.458665e-03, 1.166373e-06, 6.035981e-05, 0, 7.378185e-03, 1.749560e-05, 1.457967e-06, 1.328509e-01, 9.872164e-03, 0.000000e+00, 0.000000, 1.490116e-08, 0, 0.212363, 5.286100e-02 
9.733154e-01, 7.612626e-03, 1.457967e-06, 7.435629e-05, 0, 7.519317e-03, 1.662082e-05, 8.747799e-07, 1.328509e-01, 9.872164e-03, 0.000000e+00, 0.000000, 1.490116e-08, 0, 0.069183, 3.032196e-02 
9.811004e-01, 7.784958e-03, 1.457967e-06, 7.144036e-05, 0, 7.693981e-03, 1.720401e-05, 8.747799e-07, 1.328509e-01, 9.872164e-03, 0.000000e+00, 0.000000, 1.490116e-08, 0, 0.070472, 2.940704e-02 
9.886973e-01, 7.596880e-03, 2.041153e-06, 7.202355e-05, 0, 7.504737e-03, 1.691241e-05, 1.166373e-06, 1.328509e-01, 9.872164e-03, 0.000000e+00, 0.000000, 1.490116e-08, 0, 0.179386, 4.683291e-02 
9.960839e-01, 7.386642e-03, 1.457967e-06, 7.231514e-05, 0, 7.291291e-03, 2.041153e-05, 1.166373e-06, 1.328509e-01, 9.872164e-03, 0.000000e+00, 0.000000, 1.490116e-08, 0, 0.212363, 5.286100e-02 
1.002874e+00, 6.790042e-03, 2.332746e-06, 9.126870e-05, 0, 6.680694e-03, 1.487126e-05, 8.747799e-07, 1.328509e-01, 9.872164e-03, 0.000000e+00, 0.000000, 1.490116e-08, 0, 0.069183, 3.032196e-02 
1.009455e+00, 6.581553e-03, 1.457967e-06, 6.152619e-05, 0, 6.502531e-03, 1.487126e-05, 1.166373e-06, 1.328509e-01, 9.872164e-03, 0.000000e+00, 0.000000, 7.450581e-09, 0, 0.070472, 2.940704e-02 
1.015869e+00, 6.413886e-03, 2.041153e-06, 6.210937e-05, 0, 6.334865e-03, 1.428807e-05, 5.831866e-07, 1.328509e-01, 9.872164e-03, 0.000000e+00, 0.000000, 7.450581e-09, 0, 0.179386, 4.683291e-02 
1.022622e+00, 6.752426e-03, 1.457967e-06, 6.094300e-05, 0, 6.674279e-03, 1.516285e-05, 5.831866e-07, 1.328509e-01, 9.872164e-03, 0.000000e+00, 0.000000, 7.450581e-09, 0, 0.212363, 5.286100e-02 
1.029096e+00, 6.474246e-03, 1.457967e-06, 6.502531e-05, 0, 6.392308e-03, 1.457967e-05, 8.747799e-07, 1.328509e-01, 9.872164e-03, 0.000000e+00, 0.000000, 3.725290e-09, 0, 0.069183, 3.032196e-02 
1.035505e+00, 6.408638e-03, 1.457967e-06, 6.035981e-05, 0, 6.331949e-03, 1.428807e-05, 5.831866e-07, 1.328509e-01, 9.872164e-03, 0.000000e+00, 0.000000, 3.725290e-09, 0, 0.070472, 2.940704e-02 
1.042038e+00, 6.533731e-03, 1.749560e-06, 6.181778e-05, 0, 6.455584e-03, 1.399648e-05, 5.831866e-07, 1.328509e-01, 9.872164e-03, 0.000000e+00, 0.000000, 3.725290e-09, 0, 0.179386, 4.683291e-02 
1.048375e+00, 6.336906e-03, 1.166373e-06, 6.035981e-05, 0, 6.259925e-03, 1.428807e-05, 1.166373e-06, 1.328509e-01, 9.872164e-03, 0.000000e+00, 0.000000, 1.862645e-09, 0, 0.212363, 5.286100e-02 
1.055883e+00, 7.507944e-03, 1.457967e-06, 6.123459e-05, 0, 7.427465e-03, 1.691241e-05, 8.747799e-07, 1.328509e-01, 9.872164e-03, 0.000000e+00, 0.000000, 1.862645e-09, 0, 0.069183, 3.032196e-02 
1.063483e+00, 7.599505e-03, 1.749560e-06, 7.348151e-05, 0, 7.507070e-03, 1.632923e-05, 8.747799e-07, 1.328509e-01, 9.872164e-03, 0.000000e+00, 0.000000, 1.862645e-09, 0, 0.070472, 2.940704e-02 
1.070851e+00, 7.368563e-03, 2.041153e-06, 7.202355e-05, 0, 7.278169e-03, 1.516285e-05, 1.166373e-06, 1.328509e-01, 9.872164e-03, 0.000000e+00, 0.000000, 1.862645e-09, 0, 0.179386, 4.683291e-02 
1.077474e+00, 6.622959e-03, 1.457967e-06, 6.415053e-05, 0, 6.541021e-03, 1.574604e-05, 5.831866e-07, 1.328509e-01, 9.872164e-03, 0.000000e+00, 0.000000, 1.862645e-09, 0, 0.212363, 5.286100e-02 
1.084682e+00, 7.207603e-03, 1.457967e-06, 6.181778e-05, 0, 7.125957e-03, 1.749560e-05, 8.747799e-07, 1.328509e-01, 9.872164e-03, 0.000000e+00, 0.000000, 1.862645e-09, 0, 0.069183, 3.032196e-02 
1.092348e+00, 7.666571e-03, 1.749560e-06, 7.231514e-05, 0, 7.573553e-03, 1.720401e-05, 1.749560e-06, 1.328509e-01, 9.872164e-03, 0.000000e+00, 0.000000, 9.313226e-10, 0, 0.070472, 2.940704e-02 
1.100028e+00, 7.679401e-03, 2.332746e-06, 7.318992e-05, 0, 7.586091e-03, 1.720401e-05, 5.831866e-07, 1.328509e-01, 9.872164e-03, 0.000000e+00, 0.000000, 9.313226e-10, 0, 0.179386, 4.683291e-02 
1.107962e+00, 7.934545e-03, 3.207526e-06, 9.214348e-05, 0, 7.820824e-03, 1.749560e-05, 8.747799e-07, 1.328509e-01, 9.872164e-03, 0.000000e+00, 0.000000, 9.313226e-10, 0, 0.212363, 5.286100e-02 
1.115354e+00, 7.391890e-03, 1.749560e-06, 7.464789e-05, 0, 7.299164e-03, 1.516285e-05, 1.166373e-06, 1.328509e-01, 9.872164e-03, 0.000000e+00, 0.000000, 4.656613e-10, 0, 0.069183, 3.032196e-02 
1.122162e+00, 6.808121e-03, 1.749560e-06, 7.348151e-05, 0, 6.717143e-03, 1.487126e-05, 8.747799e-07, 1.328509e-01, 9.872164e-03, 0.000000e+00, 0.000000, 4.656613e-10, 0, 0.070472, 2.940704e-02 
1.128986e+00, 6.823575e-03, 2.624340e-06, 6.210937e-05, 0, 6.743678e-03, 1.428807e-05, 8.747799e-07, 1.328509e-01, 9.872164e-03, 0.000000e+00, 0.000000, 4.656613e-10, 0, 0.179386, 4.683291e-02 
1.136043e+00, 7.056850e-03, 1.457967e-06, 6.152619e-05, 0, 6.975495e-03, 1.691241e-05, 1.457967e-06, 1.328509e-01, 9.872164e-03, 0.000000e+00, 0.000000, 2.328306e-10, 0, 0.212363, 5.286100e-02 
1.143756e+00, 7.713518e-03, 1.457967e-06, 7.173195e-05, 0, 7.622249e-03, 1.720401e-05, 8.747799e-07, 1.328509e-01, 9.872164e-03, 0.000000e+00, 0.000000, 2.328306e-10, 0, 0.069183, 3.032196e-02 
1.151439e+00, 7.682900e-03, 1.457967e-06, 7.173195e-05, 0, 7.591923e-03, 1.691241e-05, 8.747799e-07, 1.328509e-01, 9.872164e-03, 0.000000e+00, 0.000000, 2.328306e-10, 0, 0.070472, 2.940704e-02 
1.159355e+00, 7.915300e-03, 2.041153e-06, 7.173195e-05, 0, 7.822865e-03, 1.749560e-05, 1.166373e-06, 1.328509e-01, 9.872164e-03, 0.000000e+00, 0.000000, 2.328306e-10, 0, 0.179386, 4.683291e-02 
1.167281e+00, 7.926672e-03, 1.457967e-06, 7.377311e-05, 0, 7.833071e-03, 1.749560e-05, 8.747799e-07, 1.328509e-01, 9.872164e-03, 0.000000e+00, 0.000000, 2.328306e-10, 0, 0.212363, 5.286100e-02 
1.174873e+00, 7.592215e-03, 1.457967e-06, 7.318992e-05, 0, 7.500363e-03, 1.662082e-05, 5.831866e-07, 1.328509e-01, 9.872164e-03, 0.000000e+00, 0.000000, 2.328306e-10, 0, 0.069183, 3.032196e-02 
1.182644e+00, 7.770670e-03, 1.457967e-06, 7.348151e-05, 0, 7.676777e-03, 1.749560e-05, 1.457967e-06, 1.328509e-01, 9.872164e-03, 0.000000e+00, 0.000000, 1.164153e-10, 0, 0.070472, 2.940704e-02 
1.190430e+00, 7.785541e-03, 2.041153e-06, 7.348151e-05, 0, 7.692523e-03, 1.662082e-05, 8.747799e-07, 1.328509e-01, 9.872164e-03, 0.000000e+00, 0.000000, 1.164153e-10, 0, 0.179386, 4.683291e-02 
1.198229e+00, 7.799246e-03, 1.457967e-06, 7.348151e-05, 0, 7.706811e-03, 1.662082e-05, 8.747799e-07, 1.328509e-01, 9.872164e-03, 0.000000e+00, 0.000000, 1.164153e-10, 0, 0.212363, 5.286100e-02 
1.205943e+00, 7.714101e-03, 1.457967e-06, 7.202355e-05, 0, 7.622249e-03, 1.691241e-05, 1.457967e-06, 1.328509e-01, 9.872164e-03, 0.000000e+00, 0.000000, 5.820766e-11, 0, 0.069183, 3.032196e-02 
1.212702e+00, 6.759424e-03, 1.749560e-06, 7.231514e-05, 0, 6.670780e-03, 1.399648e-05, 5.831866e-07, 1.328509e-01, 9.872164e-03, 0.000000e+00, 0.000000, 5.820766e-11, 0, 0.070472, 2.940704e-02 
1.219936e+00, 7.233847e-03, 1.749560e-06, 6.065141e-05, 0, 7.153367e-03, 1.720401e-05, 8.747799e-07, 1.328509e-01, 9.872164e-03, 0.000000e+00, 0.000000, 5.820766e-11, 0, 0.179386, 4.683291e-02 
1.227503e+00, 7.566555e-03, 1.749560e-06, 7.260673e-05, 0, 7.474411e-03, 1.632923e-05, 1.457967e-06, 1.328509e-01, 9.872164e-03, 0.000000e+00, 0.000000, 2.910383e-11, 0, 0.212363, 5.286100e-02 
1.234675e+00, 7.172612e-03, 1.457967e-06, 7.144036e-05, 0, 7.084551e-03, 1.428807e-05, 8.747799e-07, 1.328509e-01, 9.872164e-03, 0.000000e+00, 0.000000, 2.910383e-11, 0, 0.069183, 3.032196e-02 
1.241054e+00, 6.378895e-03, 1.457967e-06, 6.035981e-05, 0, 6.302206e-03, 1.428807e-05, 5.831866e-07, 1.328509e-01, 9.872164e-03, 0.000000e+00, 0.000000, 2.910383e-11, 0, 0.070472, 2.940704e-02 
1.247659e+00, 6.604297e-03, 1.457967e-06, 6.123459e-05, 0, 6.523234e-03, 1.720401e-05, 1.166373e-06, 1.328509e-01, 9.872164e-03, 0.000000e+00, 0.000000, 2.910383e-11, 0, 0.179386, 4.683291e-02 
1.255312e+00, 7.652866e-03, 1.749560e-06, 7.435629e-05, 0, 7.559556e-03, 1.662082e-05, 5.831866e-07, 1.328509e-01, 9.872164e-03, 0.000000e+00, 0.000000, 2.910383e-11, 0, 0.212363, 5.286100e-02 
1.263034e+00, 7.722266e-03, 1.457967e-06, 7.202355e-05, 0, 7.630414e-03, 1.749560e-05, 8.747799e-07, 1.328509e-01, 9.872164e-03, 0.000000e+00, 0.000000, 2.910383e-11, 0, 0.069183, 3.032196e-02 
1.270803e+00, 7.769212e-03, 1.749560e-06, 7.435629e-05, 0, 7.674444e-03, 1.749560e-05, 1.166373e-06, 1.328509e-01, 9.872164e-03, 0.000000e+00, 0.000000, 1.455192e-11, 0, 0.070472, 2.940704e-02 
1.278807e+00, 8.004236e-03, 1.749560e-06, 7.493948e-05, 0, 7.909760e-03, 1.691241e-05, 8.747799e-07, 1.328509e-01, 9.872164e-03, 0.000000e+00, 0.000000, 1.455192e-11, 0, 0.179386, 4.683291e-02 
1.286433e+00, 7.625748e-03, 1.457967e-06, 7.289833e-05, 0, 7.533896e-03, 1.662082e-05, 8.747799e-07, 1.328509e-01, 9.872164e-03, 0.000000e+00, 0.000000, 1.455192e-11, 0, 0.212363, 5.286100e-02 
1.294406e+00, 7.973036e-03, 1.457967e-06, 7.231514e-05, 0, 7.881184e-03, 1.662082e-05, 1.457967e-06, 1.328509e-01, 9.872164e-03, 0.000000e+00, 0.000000, 7.275958e-12, 0, 0.069183, 3.032196e-02 
1.302058e+00, 7.652283e-03, 1.749560e-06, 7.318992e-05, 0, 7.560140e-03, 1.632923e-05, 8.747799e-07, 1.328509e-01, 9.872164e-03, 0.000000e+00, 0.000000, 7.275958e-12, 0, 0.070472, 2.940704e-02 
1.309538e+00, 7.479368e-03, 2.041153e-06, 7.231514e-05, 0, 7.389849e-03, 1.428807e-05, 8.747799e-07, 1.328509e-01, 9.872164e-03, 0.000000e+00, 0.000000, 7.275958e-12, 0, 0.179386, 4.683291e-02 
1.315925e+00, 6.387060e-03, 1.457967e-06, 6.123459e-05, 0, 6.308913e-03, 1.428807e-05, 1.166373e-06, 1.328509e-01, 9.872164e-03, 0.000000e+00, 0.000000, 3.637979e-12, 0, 0.212363, 5.286100e-02 
1.322505e+00, 6.580095e-03, 1.457967e-06, 6.094300e-05, 0, 6.502822e-03, 1.428807e-05, 5.831866e-07, 1.328509e-01, 9.872164e-03, 0.000000e+00, 0.000000, 3.637979e-12, 0, 0.069183, 3.032196e-02 
1.328886e+00, 6.380936e-03, 1.166373e-06, 6.152619e-05, 0, 6.303081e-03, 1.428807e-05, 8.747799e-07, 1.328509e-01, 9.872164e-03, 0.000000e+00, 0.000000, 3.637979e-12, 0, 0.070472, 2.940704e-02 
1.336164e+00, 7.277877e-03, 1.457967e-06, 6.065141e-05, 0, 7.197106e-03, 1.749560e-05, 1.166373e-06, 1.328509e-01, 9.872164e-03, 0.000000e+00, 0.000000, 3.637979e-12, 0, 0.179386, 4.683291e-02 
1.343837e+00, 7.673569e-03, 1.749560e-06, 7.289833e-05, 0, 7.581134e-03, 1.691241e-05, 8.747799e-07, 1.328509e-01, 9.872164e-03, 0.000000e+00, 0.000000, 3.637979e-12, 0, 0.212363, 5.286100e-02 
1.351419e+00, 7.582009e-03, 1.457967e-06, 7.260673e-05, 0, 7.490157e-03, 1.691241e-05, 8.747799e-07, 1.328509e-01, 9.872164e-03, 0.000000e+00, 0.000000, 3.637979e-12, 0, 0.069183, 3.032196e-02 
1.359306e+00, 7.886433e-03, 1.749560e-06, 7.027399e-05, 0, 7.796330e-03, 1.662082e-05, 1.457967e-06, 1.328509e-01, 9.872164e-03, 0.000000e+00, 0.000000, 1.818989e-12, 0, 0.070472, 2.940704e-02 
1.366898e+00, 7.592798e-03, 1.749560e-06, 7.114877e-05, 0, 7.502113e-03, 1.691241e-05, 8.747799e-07, 1.328509e-01, 9.872164e-03, 0.000000e+00, 0.000000, 1.818989e-12, 0, 0.179386, 4.683291e-02 
1.374546e+00, 7.647326e-03, 2.332746e-06, 7.931338e-05, 0, 7.547601e-03, 1.720401e-05, 8.747799e-07, 1.328509e-01, 9.872164e-03, 0.000000e+00, 0.000000, 1.818989e-12, 0, 0.212363, 5.286100e-02 
1.381490e+00, 6.944586e-03, 1.749560e-06, 7.202355e-05, 0, 6.855359e-03, 1.428807e-05, 1.166373e-06, 1.328509e-01, 9.872164e-03, 0.000000e+00, 0.000000, 9.094947e-13, 0, 0.069183, 3.032196e-02 
1.389127e+00, 7.636537e-03, 1.166373e-06, 6.094300e-05, 0, 7.556641e-03, 1.691241e-05, 8.747799e-07, 1.328509e-01, 9.872164e-03, 0.000000e+00, 0.000000, 9.094947e-13, 0, 0.070472, 2.940704e-02 
1.396693e+00, 7.566555e-03, 1.749560e-06, 7.318992e-05, 0, 7.474703e-03, 1.632923e-05, 5.831866e-07, 1.328509e-01, 9.872164e-03, 0.000000e+00, 0.000000, 9.094947e-13, 0, 0.179386, 4.683291e-02 
1.403663e+00, 6.969080e-03, 1.749560e-06, 7.114877e-05, 0, 6.878103e-03, 1.662082e-05, 1.457967e-06, 1.328509e-01, 9.872164e-03, 0.000000e+00, 0.000000, 4.547474e-13, 0, 0.212363, 5.286100e-02 
1.411293e+00, 7.630705e-03, 1.457967e-06, 7.173195e-05, 0, 7.540311e-03, 1.632923e-05, 8.747799e-07, 1.328509e-01, 9.872164e-03, 0.000000e+00, 0.000000, 4.547474e-13, 0, 0.069183, 3.032196e-02 
1.419021e+00, 7.727806e-03, 1.457967e-06, 7.260673e-05, 0, 7.636246e-03, 1.691241e-05, 5.831866e-07, 1.328509e-01, 9.872164e-03, 0.000000e+00, 0.000000, 4.547474e-13, 0, 0.070472, 2.940704e-02 
1.426294e+00, 7.273212e-03, 1.749560e-06, 7.318992e-05, 0, 7.183110e-03, 1.428807e-05, 8.747799e-07, 1.328509e-01, 9.872164e-03, 0.000000e+00, 0.000000, 4.547474e-13, 0, 0.179386, 4.683291e-02 
1.433920e+00, 7.625457e-03, 1.457967e-06, 6.065141e-05, 0, 7.546143e-03, 1.662082e-05, 5.831866e-07, 1.328509e-01, 9.872164e-03, 0.000000e+00, 0.000000, 4.547474e-13, 0, 0.212363, 5.286100e-02 
1.441629e+00, 7.709727e-03, 1.749560e-06, 7.231514e-05, 0, 7.617875e-03, 1.720401e-05, 5.831866e-07, 1.328509e-01, 9.872164e-03, 0.000000e+00, 0.000000, 4.547474e-13, 0, 0.069183, 3.032196e-02 
1.448794e+00, 7.164448e-03, 1.457967e-06, 7.202355e-05, 0, 7.075512e-03, 1.428807e-05, 1.166373e-06, 1.328509e-01, 9.872164e-03, 0.000000e+00, 0.000000, 2.273737e-13, 0, 0.070472, 2.940704e-02 
1.455175e+00, 6.381520e-03, 1.457967e-06, 6.065141e-05, 0, 6.304539e-03, 1.428807e-05, 5.831866e-07, 1.328509e-01, 9.872164e-03, 0.000000e+00, 0.000000, 2.273737e-13, 0, 0.179386, 4.683291e-02 
1.462834e+00, 7.658115e-03, 1.749560e-06, 7.202355e-05, 0, 7.567138e-03, 1.632923e-05, 8.747799e-07, 1.328509e-01, 9.872164e-03, 0.000000e+00, 0.000000, 2.273737e-13, 0, 0.212363, 5.286100e-02 
1.470052e+00, 7.218975e-03, 1.749560e-06, 7.056558e-05, 0, 7.128873e-03, 1.662082e-05, 1.166373e-06, 1.328509e-01, 9.872164e-03, 0.000000e+00, 0.000000, 1.136868e-13, 0, 0.069183, 3.032196e-02 
1.477531e+00, 7.478494e-03, 1.749560e-06, 7.348151e-05, 0, 7.385767e-03, 1.662082e-05, 8.747799e-07, 1.328509e-01, 9.872164e-03, 0.000000e+00, 0.000000, 1.136868e-13, 0, 0.070472, 2.940704e-02 
1.485074e+00, 7.542936e-03, 2.041153e-06, 7.114877e-05, 0, 7.453417e-03, 1.574604e-05, 5.831866e-07, 1.328509e-01, 9.872164e-03, 0.000000e+00, 0.000000, 1.136868e-13, 0, 0.179386, 4.683291e-02 
1.492616e+00, 7.542061e-03, 2.041153e-06, 7.173195e-05, 0, 7.447876e-03, 1.866197e-05, 1.749560e-06, 1.328509e-01, 9.872164e-03, 0.000000e+00, 0.000000, 5.684342e-14, 0, 0.212363, 5.286100e-02 
1.500806e+00, 8.190273e-03, 1.749560e-06, 7.581426e-05, 0, 8.092006e-03, 1.982834e-05, 8.747799e-07, 1.328509e-01, 9.872164e-03, 0.000000e+00, 0.000000, 5.684342e-14, 0, 0.069183, 3.032196e-02 
1.508867e+00, 8.060805e-03, 2.332746e-06, 9.156030e-05, 0, 7.949417e-03, 1.662082e-05, 8.747799e-07, 1.328509e-01, 9.872164e-03, 0.000000e+00, 0.000000, 5.684342e-14, 0, 0.070472, 2.940704e-02 
1.516748e+00, 7.880892e-03, 2.332746e-06, 7.902179e-05, 0, 7.778835e-03, 1.924516e-05, 1.457967e-06, 1.328509e-01, 9.872164e-03, 0.000000e+00, 0.000000, 5.684342e-14, 0, 0.179386, 4.683291e-02 
1.524899e+00, 8.150616e-03, 1.749560e-06, 7.435629e-05, 0, 8.055848e-03, 1.778719e-05, 8.747799e-07, 1.328509e-01, 9.872164e-03, 0.000000e+00, 0.000000, 5.684342e-14, 0, 0.212363, 5.286100e-02 
1.532579e+00, 7.680276e-03, 1.749560e-06, 7.610585e-05, 0, 7.583467e-03, 1.778719e-05, 1.166373e-06, 1.328509e-01, 9.872164e-03, 0.000000e+00, 0.000000, 5.684342e-14, 0, 0.069183, 3.032196e-02 
1.540674e+00, 8.094922e-03, 2.041153e-06, 6.910761e-05, 0, 8.003653e-03, 1.837038e-05, 1.749560e-06, 1.328509e-01, 9.872164e-03, 0.000000e+00, 0.000000, 2.842171e-14, 0, 0.070472, 2.940704e-02 
1.548674e+00, 7.999862e-03, 2.041153e-06, 7.727223e-05, 0, 7.902179e-03, 1.749560e-05, 8.747799e-07, 1.328509e-01, 9.872164e-03, 0.000000e+00, 0.000000, 2.842171e-14, 0, 0.179386, 4.683291e-02 
1.556492e+00, 7.817908e-03, 1.749560e-06, 7.318992e-05, 0, 7.725765e-03, 1.632923e-05, 8.747799e-07, 1.328509e-01, 9.872164e-03, 0.000000e+00, 0.000000, 2.842171e-14, 0, 0.212363, 5.286100e-02 
1.565147e+00, 8.655947e-03, 1.749560e-06, 7.202355e-05, 0, 8.562054e-03, 1.837038e-05, 1.749560e-06, 1.328509e-01, 9.872164e-03, 0.000000e+00, 0.000000, 1.421085e-14, 0, 0.069183, 3.032196e-02 
1.573112e+00, 7.964580e-03, 2.041153e-06, 9.272667e-05, 0, 7.854066e-03, 1.487126e-05, 8.747799e-07, 1.328509e-01, 9.872164e-03, 0.000000e+00, 0.000000, 1.421085e-14, 0, 0.070472, 2.940704e-02 
1.580214e+00, 7.102338e-03, 2.915933e-06, 6.385893e-05, 0, 7.017776e-03, 1.691241e-05, 8.747799e-07, 1.328509e-01, 9.872164e-03, 0.000000e+00, 0.000000, 1.421085e-14, 0, 0.179386, 4.683291e-02 
1.588187e+00, 7.972453e-03, 1.457967e-06, 7.318992e-05, 0, 7.879726e-03, 1.720401e-05, 8.747799e-07, 1.328509e-01, 9.872164e-03, 0.000000e+00, 0.000000, 1.421085e-14, 0, 0.212363, 5.286100e-02 
0.500000, 0, 0, 0, 0, 0, 0, 0, 0, 0, 0, 0, 0, 0, 0 ,0