TRM WS=1, MS=2, TRMstep=0: ub=0.800000, lb=0.200000, grow=2.000000,shrink=0.500000, b_w=2,b_m=4, lr=0.400000, lambda=0.000000, n=9, n0=2, n1=2, n2=1, sub_tol=0.001000, sub_maxit=1000, tol=1.000000e-08, m=4, nobias=0 
time, iter_t, subset_m_time, g_time, subset_w_time, p1_time, t2, t3, total error, total gmag, rho, sigma, gamma, step, approx error, approx gmag 
3.463545e-03, 3.463545e-03, 9.330986e-06, 8.222931e-05, 6.998239e-06, 3.341076e-03, 2.245268e-05, 1.457967e-06, 1.383285e-01, 1.163052e-02, 0.000000e+00, 0.000000, 4.000000e-01, 0, 0.138328, 1.163052e-02 
6.595841e-03, 3.132295e-03, 9.039393e-06, 8.368728e-05, 7.289833e-06, 3.015658e-03, 1.545445e-05, 1.166373e-06, 1.368200e-01, 1.100658e-02, 0.000000e+00, 0.000000, 4.000000e-01, 0, 0.136820, 1.100658e-02 
1.038130e-02, 3.785464e-03, 8.747799e-06, 8.135453e-05, 6.415053e-06, 3.670868e-03, 1.691241e-05, 1.166373e-06, 1.340620e-01, 9.720003e-03, 0.000000e+00, 0.000000, 4.000000e-01, 0, 0.134062, 9.720003e-03 
1.388830e-02, 3.506993e-03, 1.049736e-05, 1.151794e-04, 8.164613e-06, 3.355947e-03, 1.603763e-05, 1.166373e-06, 1.275607e-01, 5.581925e-03, 0.000000e+00, 0.000000, 4.000000e-01, 0, 0.127561, 5.581925e-03 
1.742620e-02, 3.537902e-03, 9.622579e-06, 1.049736e-04, 7.873019e-06, 3.398228e-03, 1.574604e-05, 1.457967e-06, 1.265913e-01, 4.500350e-03, 0.000000e+00, 0.000000, 2.000000e-01, 0, 0.126591, 4.500350e-03 
2.084017e-02, 3.413974e-03, 1.020577e-05, 9.301826e-05, 7.289833e-06, 3.286840e-03, 1.545445e-05, 1.166373e-06, 1.259531e-01, 3.651746e-03, 0.000000e+00, 0.000000, 1.000000e-01, 0, 0.125953, 3.651746e-03 
2.420895e-02, 3.368777e-03, 9.914172e-06, 9.360145e-05, 7.289833e-06, 3.241643e-03, 1.457967e-05, 1.749560e-06, 1.258650e-01, 3.609147e-03, 0.000000e+00, 0.000000, 5.000000e-02, 0, 0.125865, 3.609147e-03 
2.707298e-02, 2.864029e-03, 1.108055e-05, 8.339569e-05, 6.998239e-06, 2.747975e-03, 1.283011e-05, 1.749560e-06, 1.251940e-01, 2.296007e-03, 0.000000e+00, 0.000000, 5.000000e-02, 0, 0.125194, 2.296007e-03 
0.500000, 0, 0, 0, 0, 0, 0, 0, 0, 0, 0, 0, 0, 0, 0 ,0