TRM WS=1, MS=2, TRMstep=0: ub=0.800000, lb=0.200000, grow=2.000000,shrink=0.500000, b_w=2,b_m=4, lr=0.400000, lambda=0.000000, n=9, n0=2, n1=2, n2=1, sub_tol=0.001000, sub_maxit=1000, tol=1.000000e-08, m=4, nobias=0 
time, iter_t, subset_m_time, g_time, subset_w_time, p1_time, t2, t3, total error, total gmag, rho, sigma, gamma, step, approx error, approx gmag 
3.130837e-03, 3.130837e-03, 8.456206e-06, 7.610585e-05, 6.706646e-06, 3.022656e-03, 1.574604e-05, 1.166373e-06, 1.429211e-01, 1.259957e-02, 0.000000e+00, 0.000000, 4.000000e-01, 0, 0.142921, 1.259957e-02 
5.988743e-03, 2.857906e-03, 8.456206e-06, 7.581426e-05, 6.415053e-06, 2.745351e-03, 2.099472e-05, 8.747799e-07, 1.362758e-01, 1.049297e-02, 0.000000e+00, 0.000000, 4.000000e-01, 0, 0.136276, 1.049297e-02 
8.837610e-03, 2.848867e-03, 7.873019e-06, 7.464789e-05, 8.164613e-06, 2.744768e-03, 1.283011e-05, 5.831866e-07, 1.298959e-01, 7.264992e-03, 0.000000e+00, 0.000000, 4.000000e-01, 0, 0.129896, 7.264992e-03 
1.165790e-02, 2.820290e-03, 8.164613e-06, 7.377311e-05, 6.123459e-06, 2.718524e-03, 1.312170e-05, 5.831866e-07, 1.249901e-01, 3.247160e-05, 0.000000e+00, 0.000000, 4.000000e-01, 0, 0.124990, 3.247160e-05 
1.459337e-02, 2.935470e-03, 7.873019e-06, 7.552267e-05, 6.123459e-06, 2.831663e-03, 1.283011e-05, 1.457967e-06, 1.249653e-01, 6.209069e-05, 0.000000e+00, 0.000000, 2.000000e-01, 0, 0.124965, 6.209069e-05 
1.741774e-02, 2.824373e-03, 7.873019e-06, 7.581426e-05, 6.123459e-06, 2.720566e-03, 1.312170e-05, 8.747799e-07, 1.249240e-01, 1.351869e-04, 0.000000e+00, 0.000000, 1.000000e-01, 0, 0.124924, 1.351869e-04 
2.024066e-02, 2.822915e-03, 8.164613e-06, 7.523107e-05, 6.123459e-06, 2.719399e-03, 1.312170e-05, 8.747799e-07, 1.249201e-01, 2.485205e-04, 0.000000e+00, 0.000000, 5.000000e-02, 0, 0.124920, 2.485205e-04 
2.328256e-02, 3.041901e-03, 7.873019e-06, 7.523107e-05, 5.831866e-06, 2.939261e-03, 1.283011e-05, 8.747799e-07, 1.249092e-01, 1.832926e-04, 0.000000e+00, 0.000000, 5.000000e-02, 0, 0.124909, 1.832926e-04 
0.500000, 0, 0, 0, 0, 0, 0, 0, 0, 0, 0, 0, 0, 0, 0 ,0