TRM WS=1, MS=2, TRMstep=0: ub=0.800000, lb=0.200000, grow=2.000000,shrink=0.500000, b_w=2,b_m=4, lr=0.400000, lambda=0.000000, n=9, n0=2, n1=2, n2=1, sub_tol=0.001000, sub_maxit=1000, tol=1.000000e-08, m=4, nobias=0 
time, iter_t, subset_m_time, g_time, subset_w_time, p1_time, t2, t3, total error, total gmag, rho, sigma, gamma, step, approx error, approx gmag 
2.981250e-03, 2.981250e-03, 8.456206e-06, 7.639745e-05, 6.415053e-06, 2.872777e-03, 1.574604e-05, 1.457967e-06, 1.361772e-01, 1.058914e-02, 0.000000e+00, 0.000000, 4.000000e-01, 0, 0.136177, 1.058914e-02 
5.810871e-03, 2.829621e-03, 8.456206e-06, 7.610585e-05, 6.415053e-06, 2.724065e-03, 1.341329e-05, 1.166373e-06, 1.304211e-01, 7.614099e-03, 0.000000e+00, 0.000000, 4.000000e-01, 0, 0.130421, 7.614099e-03 
8.665570e-03, 2.854698e-03, 8.164613e-06, 7.639745e-05, 6.123459e-06, 2.750016e-03, 1.283011e-05, 1.166373e-06, 1.298728e-01, 7.080181e-03, 0.000000e+00, 0.000000, 2.000000e-01, 0, 0.129873, 7.080181e-03 
1.165323e-02, 2.987665e-03, 1.049736e-05, 7.698063e-05, 6.706646e-06, 2.879192e-03, 1.341329e-05, 8.747799e-07, 1.263844e-01, 3.840400e-03, 0.000000e+00, 0.000000, 2.000000e-01, 0, 0.126384, 3.840400e-03 
1.455371e-02, 2.900479e-03, 9.622579e-06, 7.639745e-05, 6.415053e-06, 2.794339e-03, 1.253851e-05, 1.166373e-06, 1.261904e-01, 3.652760e-03, 0.000000e+00, 0.000000, 1.000000e-01, 0, 0.126190, 3.652760e-03 
1.743261e-02, 2.878901e-03, 7.873019e-06, 7.493948e-05, 5.831866e-06, 2.775093e-03, 1.428807e-05, 8.747799e-07, 1.259657e-01, 3.363317e-03, 0.000000e+00, 0.000000, 5.000000e-02, 0, 0.125966, 3.363317e-03 
2.032493e-02, 2.892314e-03, 8.456206e-06, 8.193772e-05, 6.706646e-06, 2.781217e-03, 1.283011e-05, 1.166373e-06, 1.255613e-01, 2.576683e-03, 0.000000e+00, 0.000000, 2.500000e-02, 0, 0.125561, 2.576683e-03 
2.329306e-02, 2.968128e-03, 7.873019e-06, 7.493948e-05, 6.123459e-06, 2.864904e-03, 1.312170e-05, 1.166373e-06, 1.253998e-01, 2.184009e-03, 0.000000e+00, 0.000000, 2.500000e-02, 0, 0.125400, 2.184009e-03 
0.500000, 0, 0, 0, 0, 0, 0, 0, 0, 0, 0, 0, 0, 0, 0 ,0