TRM WS=1, MS=2, TRMstep=0: ub=0.800000, lb=0.200000, grow=2.000000,shrink=0.500000, b_w=2,b_m=4, lr=0.400000, lambda=0.000000, n=9, n0=2, n1=2, n2=1, sub_tol=0.001000, sub_maxit=1000, tol=1.000000e-08, m=4, nobias=0 
time, iter_t, subset_m_time, g_time, subset_w_time, p1_time, t2, t3, total error, total gmag, rho, sigma, gamma, step, approx error, approx gmag 
3.016533e-03, 3.016533e-03, 9.039393e-06, 7.727223e-05, 6.706646e-06, 2.905727e-03, 1.662082e-05, 1.166373e-06, 1.394585e-01, 1.167346e-02, 0.000000e+00, 0.000000, 4.000000e-01, 0, 0.139459, 1.167346e-02 
5.827492e-03, 2.810959e-03, 8.456206e-06, 7.493948e-05, 6.706646e-06, 2.706569e-03, 1.312170e-05, 1.166373e-06, 1.321673e-01, 8.658233e-03, 0.000000e+00, 0.000000, 4.000000e-01, 0, 0.132167, 8.658233e-03 
8.652157e-03, 2.824664e-03, 7.873019e-06, 7.523107e-05, 5.831866e-06, 2.721732e-03, 1.312170e-05, 8.747799e-07, 1.272465e-01, 5.044127e-03, 0.000000e+00, 0.000000, 4.000000e-01, 0, 0.127247, 5.044127e-03 
1.174450e-02, 3.092347e-03, 8.747799e-06, 8.106294e-05, 6.706646e-06, 2.980958e-03, 1.399648e-05, 8.747799e-07, 1.249895e-01, 1.510380e-04, 0.000000e+00, 0.000000, 4.000000e-01, 0, 0.124989, 1.510380e-04 
1.537513e-02, 3.630628e-03, 7.873019e-06, 7.493948e-05, 6.415053e-06, 3.524488e-03, 1.545445e-05, 1.457967e-06, 1.249677e-01, 6.118373e-05, 0.000000e+00, 0.000000, 2.000000e-01, 0, 0.124968, 6.118373e-05 
1.876869e-02, 3.393563e-03, 9.622579e-06, 9.214348e-05, 7.581426e-06, 3.267595e-03, 1.545445e-05, 1.166373e-06, 1.249291e-01, 1.502503e-04, 0.000000e+00, 0.000000, 1.000000e-01, 0, 0.124929, 1.502503e-04 
2.239961e-02, 3.630920e-03, 9.330986e-06, 9.126870e-05, 7.289833e-06, 3.505826e-03, 1.574604e-05, 1.457967e-06, 1.248868e-01, 1.335598e-04, 0.000000e+00, 0.000000, 5.000000e-02, 0, 0.124887, 1.335598e-04 
2.560597e-02, 3.206360e-03, 9.914172e-06, 7.814701e-05, 6.415053e-06, 3.093222e-03, 1.720401e-05, 1.457967e-06, 1.248487e-01, 1.695854e-04, 0.000000e+00, 0.000000, 5.000000e-02, 0, 0.124849, 1.695854e-04 
0.500000, 0, 0, 0, 0, 0, 0, 0, 0, 0, 0, 0, 0, 0, 0 ,0