TRM WS=1, MS=2, TRMstep=0: ub=0.800000, lb=0.200000, grow=2.000000,shrink=0.500000, b_w=2,b_m=4, lr=0.400000, lambda=0.000000, n=9, n0=2, n1=2, n2=1, sub_tol=0.001000, sub_maxit=1000, tol=1.000000e-08, m=4, nobias=0 
time, iter_t, subset_m_time, g_time, subset_w_time, p1_time, t2, t3, total error, total gmag, rho, sigma, gamma, step, approx error, approx gmag 
2.969003e-03, 2.969003e-03, 8.456206e-06, 7.639745e-05, 6.415053e-06, 2.861114e-03, 1.516285e-05, 1.457967e-06, 1.398789e-01, 1.217359e-02, 0.000000e+00, 0.000000, 4.000000e-01, 0, 0.139879, 1.217359e-02 
5.801832e-03, 2.832829e-03, 8.456206e-06, 7.581426e-05, 6.415053e-06, 2.728147e-03, 1.283011e-05, 1.166373e-06, 1.334337e-01, 9.596492e-03, 0.000000e+00, 0.000000, 4.000000e-01, 0, 0.133434, 9.596492e-03 
8.635536e-03, 2.833704e-03, 8.164613e-06, 7.493948e-05, 6.123459e-06, 2.730480e-03, 1.283011e-05, 1.166373e-06, 1.328280e-01, 9.073627e-03, 0.000000e+00, 0.000000, 2.000000e-01, 0, 0.132828, 9.073627e-03 
1.143921e-02, 2.803670e-03, 7.873019e-06, 7.493948e-05, 6.123459e-06, 2.701320e-03, 1.283011e-05, 5.831866e-07, 1.253739e-01, 2.139294e-03, 0.000000e+00, 0.000000, 2.000000e-01, 0, 0.125374, 2.139294e-03 
1.426824e-02, 2.829038e-03, 7.581426e-06, 7.493948e-05, 5.831866e-06, 2.726981e-03, 1.283011e-05, 8.747799e-07, 1.252963e-01, 1.816637e-03, 0.000000e+00, 0.000000, 1.000000e-01, 0, 0.125296, 1.816637e-03 
1.707570e-02, 2.807460e-03, 7.873019e-06, 7.493948e-05, 6.415053e-06, 2.704236e-03, 1.283011e-05, 1.166373e-06, 1.249496e-01, 1.554498e-04, 0.000000e+00, 0.000000, 5.000000e-02, 0, 0.124950, 1.554498e-04 
1.988316e-02, 2.807460e-03, 7.873019e-06, 7.435629e-05, 5.831866e-06, 2.705403e-03, 1.283011e-05, 1.166373e-06, 1.249059e-01, 1.976607e-04, 0.000000e+00, 0.000000, 2.500000e-02, 0, 0.124906, 1.976607e-04 
2.358203e-02, 3.698861e-03, 7.873019e-06, 7.493948e-05, 6.123459e-06, 3.590097e-03, 1.866197e-05, 1.166373e-06, 1.248898e-01, 2.388036e-04, 0.000000e+00, 0.000000, 2.500000e-02, 0, 0.124890, 2.388036e-04 
0.750000, 0, 0, 0, 0, 0, 0, 0, 0, 0, 0, 0, 0, 0, 0 ,0