TRM WS=1, MS=2, TRMstep=0: ub=0.800000, lb=0.200000, grow=2.000000,shrink=0.500000, b_w=2,b_m=4, lr=0.400000, lambda=0.000000, n=9, n0=2, n1=2, n2=1, sub_tol=0.001000, sub_maxit=1000, tol=1.000000e-08, m=4, nobias=0 
time, iter_t, subset_m_time, g_time, subset_w_time, p1_time, t2, t3, total error, total gmag, rho, sigma, gamma, step, approx error, approx gmag 
3.151249e-03, 3.151249e-03, 8.747799e-06, 7.639745e-05, 7.289833e-06, 3.041027e-03, 1.632923e-05, 1.457967e-06, 1.386638e-01, 1.123981e-02, 0.000000e+00, 0.000000, 4.000000e-01, 0, 0.138664, 1.123981e-02 
6.343029e-03, 3.191780e-03, 8.747799e-06, 7.610585e-05, 6.706646e-06, 3.085640e-03, 1.341329e-05, 1.166373e-06, 1.304721e-01, 7.560489e-03, 0.000000e+00, 0.000000, 4.000000e-01, 0, 0.130472, 7.560489e-03 
9.452289e-03, 3.109259e-03, 1.020577e-05, 7.610585e-05, 6.123459e-06, 3.002245e-03, 1.312170e-05, 1.457967e-06, 1.302593e-01, 7.706845e-03, 0.000000e+00, 0.000000, 2.000000e-01, 0, 0.130259, 7.706845e-03 
1.227462e-02, 2.822332e-03, 8.164613e-06, 7.289833e-05, 6.415053e-06, 2.721440e-03, 1.253851e-05, 8.747799e-07, 1.250505e-01, 8.200299e-04, 0.000000e+00, 0.000000, 2.000000e-01, 0, 0.125050, 8.200299e-04 
1.508266e-02, 2.808044e-03, 8.164613e-06, 7.289833e-05, 6.123459e-06, 2.706861e-03, 1.283011e-05, 1.166373e-06, 1.250203e-01, 6.037826e-04, 0.000000e+00, 0.000000, 1.000000e-01, 0, 0.125020, 6.037826e-04 
1.810532e-02, 3.022656e-03, 7.873019e-06, 7.377311e-05, 5.831866e-06, 2.920599e-03, 1.312170e-05, 1.457967e-06, 1.249745e-01, 8.872632e-05, 0.000000e+00, 0.000000, 5.000000e-02, 0, 0.124975, 8.872632e-05 
2.100930e-02, 2.903978e-03, 9.330986e-06, 7.902179e-05, 6.415053e-06, 2.795213e-03, 1.312170e-05, 8.747799e-07, 1.249728e-01, 9.224617e-05, 0.000000e+00, 0.000000, 2.500000e-02, 0, 0.124973, 9.224617e-05 
2.380364e-02, 2.794339e-03, 8.164613e-06, 7.406470e-05, 6.123459e-06, 2.692281e-03, 1.283011e-05, 8.747799e-07, 1.249603e-01, 1.596735e-04, 0.000000e+00, 0.000000, 2.500000e-02, 0, 0.124960, 1.596735e-04 
0.500000, 0, 0, 0, 0, 0, 0, 0, 0, 0, 0, 0, 0, 0, 0 ,0