TRM WS=1, MS=2, TRMstep=0: ub=0.800000, lb=0.200000, grow=2.000000,shrink=0.500000, b_w=2,b_m=4, lr=0.400000, lambda=0.000000, n=9, n0=2, n1=2, n2=1, sub_tol=0.001000, sub_maxit=1000, tol=1.000000e-08, m=4, nobias=0 
time, iter_t, subset_m_time, g_time, subset_w_time, p1_time, t2, t3, total error, total gmag, rho, sigma, gamma, step, approx error, approx gmag 
3.309876e-03, 3.309876e-03, 1.049736e-05, 8.397887e-05, 7.873019e-06, 3.186240e-03, 1.953675e-05, 1.749560e-06, 1.296488e-01, 7.176834e-03, 0.000000e+00, 0.000000, 4.000000e-01, 0, 0.129649, 7.176834e-03 
6.610420e-03, 3.300545e-03, 1.137214e-05, 9.185189e-05, 8.164613e-06, 3.170494e-03, 1.720401e-05, 1.457967e-06, 1.280820e-01, 5.751852e-03, 0.000000e+00, 0.000000, 4.000000e-01, 0, 0.128082, 5.751852e-03 
9.704517e-03, 3.094097e-03, 9.330986e-06, 8.718640e-05, 6.706646e-06, 2.976001e-03, 1.341329e-05, 1.457967e-06, 1.274252e-01, 5.040356e-03, 0.000000e+00, 0.000000, 2.000000e-01, 0, 0.127425, 5.040356e-03 
1.317943e-02, 3.474917e-03, 7.581426e-06, 7.464789e-05, 6.123459e-06, 3.371402e-03, 1.428807e-05, 8.747799e-07, 1.251100e-01, 3.701015e-04, 0.000000e+00, 0.000000, 2.000000e-01, 0, 0.125110, 3.701015e-04 
1.639163e-02, 3.212192e-03, 8.164613e-06, 7.493948e-05, 6.123459e-06, 3.107801e-03, 1.370489e-05, 1.457967e-06, 1.250357e-01, 1.231019e-04, 0.000000e+00, 0.000000, 1.000000e-01, 0, 0.125036, 1.231019e-04 
1.918217e-02, 2.790548e-03, 8.164613e-06, 7.464789e-05, 6.706646e-06, 2.687324e-03, 1.283011e-05, 8.747799e-07, 1.250140e-01, 6.932467e-05, 0.000000e+00, 0.000000, 5.000000e-02, 0, 0.125014, 6.932467e-05 
2.213077e-02, 2.948592e-03, 7.581426e-06, 7.260673e-05, 5.831866e-06, 2.848575e-03, 1.283011e-05, 1.166373e-06, 1.250126e-01, 6.228627e-05, 0.000000e+00, 0.000000, 2.500000e-02, 0, 0.125013, 6.228627e-05 
2.490469e-02, 2.773927e-03, 7.873019e-06, 7.435629e-05, 6.123459e-06, 2.671869e-03, 1.253851e-05, 1.166373e-06, 1.250086e-01, 4.699999e-05, 0.000000e+00, 0.000000, 2.500000e-02, 0, 0.125009, 4.699999e-05 
0.500000, 0, 0, 0, 0, 0, 0, 0, 0, 0, 0, 0, 0, 0, 0 ,0