TRM WS=1, MS=2, TRMstep=0: ub=0.800000, lb=0.200000, grow=2.000000,shrink=0.500000, b_w=2,b_m=4, lr=0.400000, lambda=0.000000, n=9, n0=2, n1=2, n2=1, sub_tol=0.001000, sub_maxit=1000, tol=1.000000e-08, m=4, nobias=0 
time, iter_t, subset_m_time, g_time, subset_w_time, p1_time, t2, t3, total error, total gmag, rho, sigma, gamma, step, approx error, approx gmag 
3.961878e-03, 3.961878e-03, 9.039393e-06, 7.727223e-05, 6.706646e-06, 3.847865e-03, 1.953675e-05, 1.457967e-06, 1.356529e-01, 1.074710e-02, 0.000000e+00, 0.000000, 4.000000e-01, 0, 0.135653, 1.074710e-02 
7.661906e-03, 3.700027e-03, 1.224692e-05, 9.010233e-05, 7.873019e-06, 3.572018e-03, 1.632923e-05, 1.457967e-06, 1.342779e-01, 1.002544e-02, 0.000000e+00, 0.000000, 4.000000e-01, 0, 0.134278, 1.002544e-02 
1.108900e-02, 3.427096e-03, 1.049736e-05, 9.010233e-05, 7.581426e-06, 3.302294e-03, 1.545445e-05, 1.166373e-06, 1.282439e-01, 5.887549e-03, 0.000000e+00, 0.000000, 4.000000e-01, 0, 0.128244, 5.887549e-03 
1.407229e-02, 2.983291e-03, 1.108055e-05, 7.639745e-05, 6.415053e-06, 2.875402e-03, 1.312170e-05, 8.747799e-07, 1.257253e-01, 1.319657e-03, 0.000000e+00, 0.000000, 4.000000e-01, 0, 0.125725, 1.319657e-03 
1.718476e-02, 3.112467e-03, 8.456206e-06, 7.464789e-05, 6.123459e-06, 3.009243e-03, 1.283011e-05, 1.166373e-06, 1.254903e-01, 5.247706e-04, 0.000000e+00, 0.000000, 2.000000e-01, 0, 0.125490, 5.247706e-04 
1.998901e-02, 2.804253e-03, 8.164613e-06, 7.464789e-05, 6.123459e-06, 2.701320e-03, 1.283011e-05, 1.166373e-06, 1.250656e-01, 7.870936e-04, 0.000000e+00, 0.000000, 1.000000e-01, 0, 0.125066, 7.870936e-04 
2.277752e-02, 2.788507e-03, 7.873019e-06, 7.435629e-05, 5.831866e-06, 2.686741e-03, 1.283011e-05, 8.747799e-07, 1.250086e-01, 5.474803e-04, 0.000000e+00, 0.000000, 5.000000e-02, 0, 0.125009, 5.474803e-04 
2.556544e-02, 2.787924e-03, 7.873019e-06, 7.493948e-05, 5.831866e-06, 2.685866e-03, 1.253851e-05, 8.747799e-07, 1.249955e-01, 4.975193e-04, 0.000000e+00, 0.000000, 5.000000e-02, 0, 0.124996, 4.975193e-04 
0.500000, 0, 0, 0, 0, 0, 0, 0, 0, 0, 0, 0, 0, 0, 0 ,0