TRM WS=1, MS=2, TRMstep=0: ub=0.800000, lb=0.200000, grow=2.000000,shrink=0.500000, b_w=2,b_m=4, lr=0.400000, lambda=0.000000, n=9, n0=2, n1=2, n2=1, sub_tol=0.001000, sub_maxit=1000, tol=1.000000e-08, m=4, nobias=0 
time, iter_t, subset_m_time, g_time, subset_w_time, p1_time, t2, t3, total error, total gmag, rho, sigma, gamma, step, approx error, approx gmag 
3.699736e-03, 3.699736e-03, 9.914172e-06, 9.272667e-05, 8.456206e-06, 3.568519e-03, 1.837038e-05, 1.749560e-06, 1.412756e-01, 1.219461e-02, 0.000000e+00, 0.000000, 4.000000e-01, 0, 0.141276, 1.219461e-02 
8.019399e-03, 4.319663e-03, 1.078895e-05, 1.032240e-04, 7.873019e-06, 4.179407e-03, 1.662082e-05, 1.749560e-06, 1.319428e-01, 8.563801e-03, 0.000000e+00, 0.000000, 4.000000e-01, 0, 0.131943, 8.563801e-03 
1.161824e-02, 3.598845e-03, 1.049736e-05, 9.301826e-05, 8.456206e-06, 3.470252e-03, 1.545445e-05, 1.166373e-06, 1.275391e-01, 5.306708e-03, 0.000000e+00, 0.000000, 4.000000e-01, 0, 0.127539, 5.306708e-03 
1.514040e-02, 3.522156e-03, 9.914172e-06, 9.185189e-05, 7.289833e-06, 3.395896e-03, 1.603763e-05, 1.166373e-06, 1.252697e-01, 1.754690e-03, 0.000000e+00, 0.000000, 4.000000e-01, 0, 0.125270, 1.754690e-03 
1.867918e-02, 3.538776e-03, 1.020577e-05, 9.476782e-05, 7.289833e-06, 3.411642e-03, 1.370489e-05, 1.166373e-06, 1.251595e-01, 1.125904e-03, 0.000000e+00, 0.000000, 2.000000e-01, 0, 0.125159, 1.125904e-03 
2.166013e-02, 2.980958e-03, 1.253851e-05, 1.172205e-04, 7.873019e-06, 2.828747e-03, 1.341329e-05, 1.166373e-06, 1.250517e-01, 5.221183e-04, 0.000000e+00, 0.000000, 1.000000e-01, 0, 0.125052, 5.221183e-04 
2.473907e-02, 3.078934e-03, 1.020577e-05, 7.756382e-05, 6.706646e-06, 2.969878e-03, 1.341329e-05, 1.166373e-06, 1.250334e-01, 8.334922e-05, 0.000000e+00, 0.000000, 5.000000e-02, 0, 0.125033, 8.334922e-05 
2.756898e-02, 2.829913e-03, 8.164613e-06, 7.493948e-05, 6.123459e-06, 2.726397e-03, 1.312170e-05, 1.166373e-06, 1.250333e-01, 8.546133e-05, 0.000000e+00, 0.000000, 5.000000e-02, 0, 0.125033, 8.546133e-05 
0.500000, 0, 0, 0, 0, 0, 0, 0, 0, 0, 0, 0, 0, 0, 0 ,0