TRM WS=1, MS=2, TRMstep=0: ub=0.800000, lb=0.200000, grow=2.000000,shrink=0.500000, b_w=2,b_m=4, lr=0.400000, lambda=0.000000, n=9, n0=2, n1=2, n2=1, sub_tol=0.001000, sub_maxit=1000, tol=1.000000e-08, m=4, nobias=0 
time, iter_t, subset_m_time, g_time, subset_w_time, p1_time, t2, t3, total error, total gmag, rho, sigma, gamma, step, approx error, approx gmag 
3.075435e-03, 3.075435e-03, 9.330986e-06, 8.572843e-05, 7.289833e-06, 2.956465e-03, 1.545445e-05, 1.166373e-06, 1.398789e-01, 1.217359e-02, 0.000000e+00, 0.000000, 4.000000e-01, 0, 0.139879, 1.217359e-02 
5.902432e-03, 2.826997e-03, 8.164613e-06, 7.610585e-05, 6.415053e-06, 2.722607e-03, 1.283011e-05, 8.747799e-07, 1.318260e-01, 8.783388e-03, 0.000000e+00, 0.000000, 4.000000e-01, 0, 0.131826, 8.783388e-03 
8.823030e-03, 2.920599e-03, 7.873019e-06, 7.289833e-05, 6.123459e-06, 2.819999e-03, 1.283011e-05, 8.747799e-07, 1.275608e-01, 5.500486e-03, 0.000000e+00, 0.000000, 4.000000e-01, 0, 0.127561, 5.500486e-03 
1.168210e-02, 2.859072e-03, 8.164613e-06, 7.552267e-05, 6.123459e-06, 2.755265e-03, 1.312170e-05, 8.747799e-07, 1.251552e-01, 7.844212e-04, 0.000000e+00, 0.000000, 4.000000e-01, 0, 0.125155, 7.844212e-04 
1.444991e-02, 2.767804e-03, 8.164613e-06, 7.523107e-05, 6.123459e-06, 2.664288e-03, 1.283011e-05, 1.166373e-06, 1.250989e-01, 5.187189e-04, 0.000000e+00, 0.000000, 2.000000e-01, 0, 0.125099, 5.187189e-04 
1.722296e-02, 2.773052e-03, 7.873019e-06, 7.464789e-05, 6.415053e-06, 2.670412e-03, 1.283011e-05, 8.747799e-07, 1.249673e-01, 9.042051e-05, 0.000000e+00, 0.000000, 1.000000e-01, 0, 0.124967, 9.042051e-05 
2.002663e-02, 2.803670e-03, 8.164613e-06, 7.435629e-05, 6.123459e-06, 2.701320e-03, 1.253851e-05, 1.166373e-06, 1.249059e-01, 2.303601e-04, 0.000000e+00, 0.000000, 5.000000e-02, 0, 0.124906, 2.303601e-04 
2.302158e-02, 2.994955e-03, 8.164613e-06, 7.406470e-05, 6.123459e-06, 2.892606e-03, 1.283011e-05, 1.166373e-06, 1.248969e-01, 1.424193e-04, 0.000000e+00, 0.000000, 5.000000e-02, 0, 0.124897, 1.424193e-04 
0.750000, 0, 0, 0, 0, 0, 0, 0, 0, 0, 0, 0, 0, 0, 0 ,0