TRM WS=1, MS=2, TRMstep=0: ub=0.800000, lb=0.200000, grow=2.000000,shrink=0.500000, b_w=2,b_m=4, lr=0.400000, lambda=0.000000, n=9, n0=2, n1=2, n2=1, sub_tol=0.001000, sub_maxit=1000, tol=1.000000e-08, m=4, nobias=0 
time, iter_t, subset_m_time, g_time, subset_w_time, p1_time, t2, t3, total error, total gmag, rho, sigma, gamma, step, approx error, approx gmag 
4.556145e-03, 4.556145e-03, 1.457967e-05, 1.245103e-04, 8.747799e-06, 4.390520e-03, 1.662082e-05, 1.166373e-06, 1.461250e-01, 1.380990e-02, 0.000000e+00, 0.000000, 4.000000e-01, 0, 0.146125, 1.380990e-02 
7.496281e-03, 2.940135e-03, 9.330986e-06, 7.668904e-05, 6.998239e-06, 2.833121e-03, 1.312170e-05, 8.747799e-07, 1.315786e-01, 8.718407e-03, 0.000000e+00, 0.000000, 4.000000e-01, 0, 0.131579, 8.718407e-03 
1.027137e-02, 2.775093e-03, 7.581426e-06, 7.406470e-05, 5.831866e-06, 2.673911e-03, 1.283011e-05, 8.747799e-07, 1.305502e-01, 7.890469e-03, 0.000000e+00, 0.000000, 4.000000e-01, 0, 0.130550, 7.890469e-03 
1.309808e-02, 2.826706e-03, 7.873019e-06, 7.377311e-05, 5.831866e-06, 2.725231e-03, 1.312170e-05, 8.747799e-07, 1.265926e-01, 4.299496e-03, 0.000000e+00, 0.000000, 4.000000e-01, 0, 0.126593, 4.299496e-03 
1.586063e-02, 2.762555e-03, 8.164613e-06, 7.406470e-05, 6.123459e-06, 2.660497e-03, 1.253851e-05, 1.166373e-06, 1.263711e-01, 3.854407e-03, 0.000000e+00, 0.000000, 2.000000e-01, 0, 0.126371, 3.854407e-03 
1.930406e-02, 3.443425e-03, 7.581426e-06, 7.377311e-05, 5.831866e-06, 3.335536e-03, 1.924516e-05, 1.457967e-06, 1.257813e-01, 2.857346e-03, 0.000000e+00, 0.000000, 1.000000e-01, 0, 0.125781, 2.857346e-03 
2.383396e-02, 4.529902e-03, 1.312170e-05, 1.143046e-04, 9.330986e-06, 4.373316e-03, 1.807879e-05, 1.749560e-06, 1.252057e-01, 1.467940e-03, 0.000000e+00, 0.000000, 5.000000e-02, 0, 0.125206, 1.467940e-03 
2.779555e-02, 3.961587e-03, 1.078895e-05, 9.535101e-05, 9.039393e-06, 3.830661e-03, 1.399648e-05, 1.749560e-06, 1.251628e-01, 1.345618e-03, 0.000000e+00, 0.000000, 5.000000e-02, 0, 0.125163, 1.345618e-03 
0.500000, 0, 0, 0, 0, 0, 0, 0, 0, 0, 0, 0, 0, 0, 0 ,0