TRM WS=1, MS=2, TRMstep=0: ub=0.800000, lb=0.200000, grow=2.000000,shrink=0.500000, b_w=2,b_m=4, lr=0.400000, lambda=0.000000, n=9, n0=2, n1=2, n2=1, sub_tol=0.001000, sub_maxit=1000, tol=1.000000e-08, m=4, nobias=0 
time, iter_t, subset_m_time, g_time, subset_w_time, p1_time, t2, t3, total error, total gmag, rho, sigma, gamma, step, approx error, approx gmag 
3.303461e-03, 3.303461e-03, 9.330986e-06, 8.164613e-05, 6.998239e-06, 3.187990e-03, 1.603763e-05, 1.457967e-06, 1.298118e-01, 7.250801e-03, 0.000000e+00, 0.000000, 4.000000e-01, 0, 0.129812, 7.250801e-03 
6.164574e-03, 2.861114e-03, 8.456206e-06, 7.581426e-05, 6.415053e-06, 2.756140e-03, 1.312170e-05, 1.166373e-06, 1.286478e-01, 6.290740e-03, 0.000000e+00, 0.000000, 4.000000e-01, 0, 0.128648, 6.290740e-03 
8.967952e-03, 2.803378e-03, 8.164613e-06, 7.581426e-05, 6.123459e-06, 2.698988e-03, 1.312170e-05, 1.166373e-06, 1.278842e-01, 5.669617e-03, 0.000000e+00, 0.000000, 2.000000e-01, 0, 0.127884, 5.669617e-03 
1.183519e-02, 2.867237e-03, 8.164613e-06, 7.581426e-05, 6.123459e-06, 2.761972e-03, 1.428807e-05, 8.747799e-07, 1.252668e-01, 2.306859e-03, 0.000000e+00, 0.000000, 2.000000e-01, 0, 0.125267, 2.306859e-03 
1.464731e-02, 2.812126e-03, 8.456206e-06, 8.193772e-05, 6.706646e-06, 2.701029e-03, 1.283011e-05, 1.166373e-06, 1.248781e-01, 9.857018e-04, 0.000000e+00, 0.000000, 1.000000e-01, 0, 0.124878, 9.857018e-04 
1.757491e-02, 2.927597e-03, 8.164613e-06, 7.581426e-05, 6.123459e-06, 2.822332e-03, 1.399648e-05, 1.166373e-06, 1.245428e-01, 5.067623e-04, 0.000000e+00, 0.000000, 5.000000e-02, 0, 0.124543, 5.067623e-04 
2.053925e-02, 2.964338e-03, 8.747799e-06, 8.193772e-05, 6.706646e-06, 2.852949e-03, 1.312170e-05, 8.747799e-07, 1.244775e-01, 5.139784e-04, 0.000000e+00, 0.000000, 2.500000e-02, 0, 0.124477, 5.139784e-04 
2.342923e-02, 2.889981e-03, 9.039393e-06, 8.164613e-05, 6.415053e-06, 2.779176e-03, 1.283011e-05, 8.747799e-07, 1.244704e-01, 4.919618e-04, 0.000000e+00, 0.000000, 2.500000e-02, 0, 0.124470, 4.919618e-04 
0.500000, 0, 0, 0, 0, 0, 0, 0, 0, 0, 0, 0, 0, 0, 0 ,0