TRM WS=1, MS=2, TRMstep=0: ub=0.800000, lb=0.200000, grow=2.000000,shrink=0.500000, b_w=2,b_m=4, lr=0.400000, lambda=0.000000, n=9, n0=2, n1=2, n2=1, sub_tol=0.001000, sub_maxit=1000, tol=1.000000e-08, m=4, nobias=0 
time, iter_t, subset_m_time, g_time, subset_w_time, p1_time, t2, t3, total error, total gmag, rho, sigma, gamma, step, approx error, approx gmag 
3.282466e-03, 3.282466e-03, 9.039393e-06, 8.193772e-05, 5.073724e-05, 3.123256e-03, 1.632923e-05, 1.166373e-06, 1.313065e-01, 8.247303e-03, 0.000000e+00, 0.000000, 4.000000e-01, 0, 0.131307, 8.247303e-03 
6.158742e-03, 2.876276e-03, 8.456206e-06, 7.493948e-05, 6.415053e-06, 2.771011e-03, 1.399648e-05, 1.457967e-06, 1.295489e-01, 6.854952e-03, 0.000000e+00, 0.000000, 4.000000e-01, 0, 0.129549, 6.854952e-03 
9.605375e-03, 3.446633e-03, 8.164613e-06, 7.493948e-05, 6.123459e-06, 3.341951e-03, 1.399648e-05, 1.457967e-06, 1.290208e-01, 6.614170e-03, 0.000000e+00, 0.000000, 2.000000e-01, 0, 0.129021, 6.614170e-03 
1.248136e-02, 2.875985e-03, 9.039393e-06, 7.581426e-05, 6.706646e-06, 2.770428e-03, 1.312170e-05, 8.747799e-07, 1.260576e-01, 3.443910e-03, 0.000000e+00, 0.000000, 2.000000e-01, 0, 0.126058, 3.443910e-03 
1.532789e-02, 2.846534e-03, 7.873019e-06, 7.464789e-05, 6.123459e-06, 2.743310e-03, 1.370489e-05, 8.747799e-07, 1.259563e-01, 3.249520e-03, 0.000000e+00, 0.000000, 1.000000e-01, 0, 0.125956, 3.249520e-03 
1.812252e-02, 2.794630e-03, 8.456206e-06, 7.493948e-05, 6.415053e-06, 2.690823e-03, 1.312170e-05, 8.747799e-07, 1.249990e-01, 6.935002e-05, 0.000000e+00, 0.000000, 5.000000e-02, 0, 0.124999, 6.935002e-05 
2.090403e-02, 2.781509e-03, 8.164613e-06, 7.435629e-05, 5.831866e-06, 2.679451e-03, 1.283011e-05, 8.747799e-07, 1.249979e-01, 1.067492e-05, 0.000000e+00, 0.000000, 2.500000e-02, 0, 0.124998, 1.067492e-05 
2.398967e-02, 3.085640e-03, 7.873019e-06, 7.348151e-05, 5.831866e-06, 2.984166e-03, 1.341329e-05, 8.747799e-07, 1.249979e-01, 4.209052e-05, 0.000000e+00, 0.000000, 2.500000e-02, 0, 0.124998, 4.209052e-05 
0.500000, 0, 0, 0, 0, 0, 0, 0, 0, 0, 0, 0, 0, 0, 0 ,0