TRM WS=1, MS=2, TRMstep=0: ub=0.800000, lb=0.200000, grow=2.000000,shrink=0.500000, b_w=2,b_m=4, lr=0.400000, lambda=0.000000, n=9, n0=2, n1=2, n2=1, sub_tol=0.001000, sub_maxit=1000, tol=1.000000e-08, m=4, nobias=0 
time, iter_t, subset_m_time, g_time, subset_w_time, p1_time, t2, t3, total error, total gmag, rho, sigma, gamma, step, approx error, approx gmag 
3.338743e-03, 3.338743e-03, 9.330986e-06, 9.097711e-05, 7.581426e-06, 3.211317e-03, 1.807879e-05, 1.457967e-06, 1.433315e-01, 1.324567e-02, 0.000000e+00, 0.000000, 4.000000e-01, 0, 0.143331, 1.324567e-02 
6.441296e-03, 3.102553e-03, 9.330986e-06, 8.951915e-05, 7.581426e-06, 2.981542e-03, 1.312170e-05, 1.457967e-06, 1.349858e-01, 1.047007e-02, 0.000000e+00, 0.000000, 4.000000e-01, 0, 0.134986, 1.047007e-02 
9.595461e-03, 3.154165e-03, 7.581426e-06, 7.406470e-05, 5.831866e-06, 3.051816e-03, 1.399648e-05, 8.747799e-07, 1.288766e-01, 6.904943e-03, 0.000000e+00, 0.000000, 4.000000e-01, 0, 0.128877, 6.904943e-03 
1.245599e-02, 2.860530e-03, 9.330986e-06, 8.106294e-05, 6.415053e-06, 2.750016e-03, 1.283011e-05, 8.747799e-07, 1.255447e-01, 2.613750e-03, 0.000000e+00, 0.000000, 4.000000e-01, 0, 0.125545, 2.613750e-03 
1.525266e-02, 2.796671e-03, 7.873019e-06, 7.552267e-05, 6.123459e-06, 2.692864e-03, 1.283011e-05, 1.457967e-06, 1.255042e-01, 2.476666e-03, 0.000000e+00, 0.000000, 2.000000e-01, 0, 0.125504, 2.476666e-03 
1.803709e-02, 2.784424e-03, 7.873019e-06, 7.581426e-05, 6.123459e-06, 2.681200e-03, 1.253851e-05, 8.747799e-07, 1.249728e-01, 1.249335e-04, 0.000000e+00, 0.000000, 1.000000e-01, 0, 0.124973, 1.249335e-04 
2.091657e-02, 2.879484e-03, 8.456206e-06, 8.106294e-05, 6.706646e-06, 2.769553e-03, 1.283011e-05, 8.747799e-07, 1.249596e-01, 1.311288e-04, 0.000000e+00, 0.000000, 5.000000e-02, 0, 0.124960, 1.311288e-04 
2.370537e-02, 2.788798e-03, 7.873019e-06, 7.493948e-05, 6.123459e-06, 2.686158e-03, 1.283011e-05, 8.747799e-07, 1.249375e-01, 1.584626e-04, 0.000000e+00, 0.000000, 5.000000e-02, 0, 0.124937, 1.584626e-04 
0.500000, 0, 0, 0, 0, 0, 0, 0, 0, 0, 0, 0, 0, 0, 0 ,0