TRM WS=1, MS=2, TRMstep=0: ub=0.800000, lb=0.200000, grow=2.000000,shrink=0.500000, b_w=2,b_m=4, lr=0.400000, lambda=0.000000, n=9, n0=2, n1=2, n2=1, sub_tol=0.001000, sub_maxit=1000, tol=1.000000e-08, m=4, nobias=0 
time, iter_t, subset_m_time, g_time, subset_w_time, p1_time, t2, t3, total error, total gmag, rho, sigma, gamma, step, approx error, approx gmag 
3.150666e-03, 3.150666e-03, 9.622579e-06, 7.960497e-05, 6.998239e-06, 3.036361e-03, 1.691241e-05, 1.166373e-06, 1.280605e-01, 6.416921e-03, 0.000000e+00, 0.000000, 4.000000e-01, 0, 0.128061, 6.416921e-03 
6.027234e-03, 2.876568e-03, 8.456206e-06, 7.581426e-05, 7.289833e-06, 2.769553e-03, 1.428807e-05, 1.166373e-06, 1.269980e-01, 5.064628e-03, 0.000000e+00, 0.000000, 4.000000e-01, 0, 0.126998, 5.064628e-03 
8.892138e-03, 2.864904e-03, 8.747799e-06, 8.077135e-05, 6.706646e-06, 2.754682e-03, 1.283011e-05, 1.166373e-06, 1.263064e-01, 3.962838e-03, 0.000000e+00, 0.000000, 2.000000e-01, 0, 0.126306, 3.962838e-03 
1.168764e-02, 2.795505e-03, 8.164613e-06, 7.406470e-05, 6.123459e-06, 2.693447e-03, 1.283011e-05, 8.747799e-07, 1.250030e-01, 4.692829e-05, 0.000000e+00, 0.000000, 2.000000e-01, 0, 0.125003, 4.692829e-05 
1.464469e-02, 2.957048e-03, 8.164613e-06, 7.377311e-05, 6.123459e-06, 2.852366e-03, 1.545445e-05, 1.166373e-06, 1.249977e-01, 3.098432e-05, 0.000000e+00, 0.000000, 1.000000e-01, 0, 0.124998, 3.098432e-05 
1.783122e-02, 3.186532e-03, 1.078895e-05, 9.535101e-05, 8.164613e-06, 3.057939e-03, 1.312170e-05, 1.166373e-06, 1.249902e-01, 3.073989e-04, 0.000000e+00, 0.000000, 5.000000e-02, 0, 0.124990, 3.073989e-04 
2.063023e-02, 2.799004e-03, 8.164613e-06, 7.435629e-05, 6.415053e-06, 2.696363e-03, 1.283011e-05, 8.747799e-07, 1.249751e-01, 5.253223e-05, 0.000000e+00, 0.000000, 2.500000e-02, 0, 0.124975, 5.253223e-05 
2.340270e-02, 2.772469e-03, 7.873019e-06, 7.377311e-05, 6.123459e-06, 2.671286e-03, 1.253851e-05, 8.747799e-07, 1.249742e-01, 5.602541e-05, 0.000000e+00, 0.000000, 2.500000e-02, 0, 0.124974, 5.602541e-05 
0.500000, 0, 0, 0, 0, 0, 0, 0, 0, 0, 0, 0, 0, 0, 0 ,0