TRM WS=1, MS=2, TRMstep=0: ub=0.800000, lb=0.200000, grow=2.000000,shrink=0.500000, b_w=2,b_m=4, lr=0.400000, lambda=0.000000, n=9, n0=2, n1=2, n2=1, sub_tol=0.001000, sub_maxit=1000, tol=1.000000e-08, m=4, nobias=0 
time, iter_t, subset_m_time, g_time, subset_w_time, p1_time, t2, t3, total error, total gmag, rho, sigma, gamma, step, approx error, approx gmag 
3.009535e-03, 3.009535e-03, 8.456206e-06, 7.610585e-05, 6.415053e-06, 2.901062e-03, 1.574604e-05, 1.749560e-06, 1.291256e-01, 6.840433e-03, 0.000000e+00, 0.000000, 4.000000e-01, 0, 0.129126, 6.840433e-03 
5.865108e-03, 2.855573e-03, 8.456206e-06, 7.610585e-05, 6.415053e-06, 2.750308e-03, 1.312170e-05, 1.166373e-06, 1.274780e-01, 5.150030e-03, 0.000000e+00, 0.000000, 4.000000e-01, 0, 0.127478, 5.150030e-03 
8.835277e-03, 2.970169e-03, 8.164613e-06, 7.435629e-05, 6.123459e-06, 2.866945e-03, 1.341329e-05, 1.166373e-06, 1.267377e-01, 4.263487e-03, 0.000000e+00, 0.000000, 2.000000e-01, 0, 0.126738, 4.263487e-03 
1.166869e-02, 2.833412e-03, 8.164613e-06, 7.464789e-05, 6.415053e-06, 2.729605e-03, 1.370489e-05, 8.747799e-07, 1.249900e-01, 2.050146e-04, 0.000000e+00, 0.000000, 2.000000e-01, 0, 0.124990, 2.050146e-04 
1.457908e-02, 2.910393e-03, 8.456206e-06, 8.047975e-05, 6.706646e-06, 2.801045e-03, 1.283011e-05, 8.747799e-07, 1.249782e-01, 5.025597e-05, 0.000000e+00, 0.000000, 1.000000e-01, 0, 0.124978, 5.025597e-05 
1.757170e-02, 2.992622e-03, 7.873019e-06, 7.493948e-05, 6.123459e-06, 2.889398e-03, 1.312170e-05, 1.166373e-06, 1.249574e-01, 8.225128e-05, 0.000000e+00, 0.000000, 5.000000e-02, 0, 0.124957, 8.225128e-05 
2.072179e-02, 3.150082e-03, 1.283011e-05, 1.148878e-04, 8.456206e-06, 2.999037e-03, 1.370489e-05, 1.166373e-06, 1.249514e-01, 1.210197e-04, 0.000000e+00, 0.000000, 2.500000e-02, 0, 0.124951, 1.210197e-04 
2.365434e-02, 2.932554e-03, 1.078895e-05, 8.164613e-05, 1.049736e-05, 2.815625e-03, 1.283011e-05, 1.166373e-06, 1.249455e-01, 1.364330e-04, 0.000000e+00, 0.000000, 2.500000e-02, 0, 0.124945, 1.364330e-04 
0.500000, 0, 0, 0, 0, 0, 0, 0, 0, 0, 0, 0, 0, 0, 0 ,0