TRM WS=0, MS=2, TRMstep=1: ub=0.800000, lb=0.200000, grow=2.000000,shrink=0.500000, b_w=2,b_m=2, lr=1.000000, lambda=0.000000, n=9, n0=2, n1=2, n2=1, sub_tol=0.001000, sub_maxit=1000, tol=1.000000e-08, m=4 
time, iter_t, subset_m_time, g_time, subset_w_time, p1_time, t2, t3, total error, total gmag, rho, sigma, gamma, step, approx error, approx gmag 
4.402388e-02, 4.402388e-02, 1.110970e-03, 9.861686e-04, 0, 3.173031e-02, 6.287335e-03, 3.909100e-03, 1.300610e-01, 7.439318e-03, 9.295126e-01, -0.068177, 2.000000e+00, 1, 0.079826, 2.955362e-02 
5.594597e-02, 1.192208e-02, 5.181613e-04, 1.510453e-04, 0, 8.862979e-03, 2.215526e-03, 1.743728e-04, 1.764845e-01, 1.596972e-02, 1.964192e-01, -0.168955, 1.000000e+00, 1, 0.179776, 1.614427e-02 
6.620422e-02, 1.025825e-02, 3.382482e-05, 9.010233e-05, 0, 9.125996e-03, 8.957746e-04, 1.125550e-04, 1.764845e-01, 1.596972e-02, 7.148613e-01, -0.078189, 1.000000e+00, 1, 0.176851, 1.702035e-02 
7.732821e-02, 1.112399e-02, 4.869608e-05, 1.288842e-04, 0, 9.823195e-03, 1.010371e-03, 1.128466e-04, 1.266267e-01, 4.422019e-03, 9.116795e-01, -0.020702, 2.000000e+00, 1, 0.126431, 6.234308e-03 
8.749432e-02, 1.016611e-02, 4.257262e-05, 1.067232e-04, 0, 8.872893e-03, 1.038364e-03, 1.055568e-04, 1.262567e-01, 9.841136e-04, 6.207343e-01, -0.072843, 2.000000e+00, 1, 0.117796, 6.781258e-03 
9.720292e-02, 9.708599e-03, 5.161202e-05, 1.291758e-04, 0, 8.444251e-03, 9.628411e-04, 1.207196e-04, 1.384823e-01, 8.469167e-03, 6.022552e-01, -0.336458, 2.000000e+00, 1, 0.211592, 4.389848e-02 
1.074416e-01, 1.023872e-02, 5.744388e-05, 1.332581e-04, 0, 9.183440e-03, 7.278169e-04, 1.367573e-04, 1.984505e-01, 1.430812e-02, 6.393411e-01, -0.528279, 2.000000e+00, 1, 0.387943, 3.417907e-02 
1.167817e-01, 9.340025e-03, 4.082306e-05, 9.622579e-05, 0, 8.160239e-03, 9.220180e-04, 1.207196e-04, 1.480011e-01, 1.379657e-02, 3.455739e-01, -0.128629, 2.000000e+00, 1, 0.108570, 2.066336e-02 
1.270670e-01, 1.028537e-02, 6.648327e-05, 8.864437e-05, 0, 9.058638e-03, 9.648823e-04, 1.067232e-04, 1.553194e-01, 1.104774e-02, 5.924153e-01, -0.295725, 2.000000e+00, 1, 0.180286, 5.086358e-02 
1.374909e-01, 1.042388e-02, 7.260673e-05, 1.332581e-04, 0, 9.426920e-03, 7.006987e-04, 9.039393e-05, 1.837034e-01, 1.692692e-02, 7.257779e-01, -0.093501, 2.000000e+00, 1, 0.233110, 5.492821e-03 
1.483988e-01, 1.090792e-02, 5.073724e-05, 1.099307e-04, 0, 9.397177e-03, 1.180953e-03, 1.691241e-04, 1.421198e-01, 1.207144e-02, 8.256873e-01, -0.092829, 4.000000e+00, 1, 0.183315, 1.183870e-02 
1.585209e-01, 1.012208e-02, 5.511113e-05, 1.250935e-04, 0, 9.198602e-03, 6.884518e-04, 5.481954e-05, 1.353794e-01, 1.075803e-02, -1.958661e-02, -0.469395, 2.000000e+00, 1, 0.174296, 1.357686e-02 
1.682149e-01, 9.694019e-03, 4.869608e-05, 1.003081e-04, 0, 8.357647e-03, 1.072772e-03, 1.145962e-04, 1.353794e-01, 1.075803e-02, 7.454018e-01, -0.082170, 2.000000e+00, 1, 0.096462, 1.350450e-02 
1.777806e-01, 9.565718e-03, 3.411642e-05, 1.038072e-04, 0, 8.527938e-03, 7.977993e-04, 1.020577e-04, 1.488750e-01, 7.658813e-03, 3.880899e-01, -0.413388, 2.000000e+00, 1, 0.161973, 3.556854e-02 
1.876280e-01, 9.847398e-03, 5.569432e-05, 9.389304e-05, 0, 8.834694e-03, 7.663072e-04, 9.680898e-05, 2.197529e-01, 1.101952e-02, 7.546079e-01, -0.092136, 2.000000e+00, 1, 0.235231, 5.115101e-03 
1.970853e-01, 9.457246e-03, 6.094300e-05, 8.106294e-05, 0, 8.108627e-03, 1.114761e-03, 9.185189e-05, 1.262827e-01, 2.659559e-03, 4.738397e-01, -0.122335, 2.000000e+00, 1, 0.137918, 1.577443e-02 
2.064139e-01, 9.328653e-03, 3.819872e-05, 1.373404e-04, 0, 8.230513e-03, 8.357064e-04, 8.689481e-05, 1.400521e-01, 1.253284e-02, 5.963671e-01, -0.379666, 2.000000e+00, 1, 0.234686, 4.796595e-02 
2.156691e-01, 9.255172e-03, 3.469960e-05, 1.306338e-04, 0, 8.301661e-03, 7.097381e-04, 7.843860e-05, 2.002393e-01, 1.563046e-02, 3.809764e-01, -0.179076, 2.000000e+00, 1, 0.203941, 1.291622e-02 
2.247872e-01, 9.118123e-03, 9.622579e-06, 1.134298e-04, 0, 7.841236e-03, 1.057026e-03, 9.680898e-05, 1.350379e-01, 1.126502e-02, 6.562839e-01, -0.117436, 2.000000e+00, 1, 0.156065, 1.375745e-02 
2.334957e-01, 8.708434e-03, 4.286422e-05, 1.390900e-04, 0, 7.708269e-03, 7.059474e-04, 1.122634e-04, 1.340708e-01, 8.457130e-03, 4.593612e-01, -0.283403, 2.000000e+00, 1, 0.132847, 3.956947e-02 
2.425686e-01, 9.072926e-03, 5.715229e-05, 1.350077e-04, 0, 8.190856e-03, 5.683154e-04, 1.215944e-04, 2.138776e-01, 1.238961e-02, 4.597686e-01, -0.220118, 2.000000e+00, 1, 0.226257, 1.013384e-02 
2.520151e-01, 9.446457e-03, 9.301826e-05, 1.533781e-04, 0, 8.281833e-03, 7.884683e-04, 1.297590e-04, 1.444465e-01, 1.626595e-02, 3.828582e-01, -0.182063, 2.000000e+00, 1, 0.163839, 1.784163e-02 
2.613271e-01, 9.312032e-03, 1.084727e-04, 1.000165e-04, 0, 8.125539e-03, 8.613666e-04, 1.166373e-04, 1.581517e-01, 1.479672e-02, 4.239178e-03, -0.448669, 1.000000e+00, 1, 0.153397, 3.255503e-02 
2.709365e-01, 9.609457e-03, 1.140130e-04, 1.087643e-04, 0, 8.419174e-03, 7.893431e-04, 1.781635e-04, 1.581517e-01, 1.479672e-02, 6.928182e-01, -0.287311, 1.000000e+00, 1, 0.235418, 6.185402e-02 
2.803232e-01, 9.386680e-03, 7.873019e-05, 1.630007e-04, 0, 8.251507e-03, 6.869938e-04, 2.064481e-04, 1.423515e-01, 1.229846e-02, 8.503916e-01, -0.085904, 2.000000e+00, 1, 0.206633, 1.383965e-02 
2.900324e-01, 9.709182e-03, 6.502531e-05, 7.814701e-05, 0, 8.290289e-03, 1.120593e-03, 1.551276e-04, 1.348645e-01, 9.808554e-03, 7.947491e-01, -0.077657, 2.000000e+00, 1, 0.079969, 1.545585e-02 
2.991074e-01, 9.074967e-03, 5.598591e-05, 9.330986e-05, 0, 7.994322e-03, 7.269421e-04, 2.044069e-04, 1.708205e-01, 9.296806e-03, 1.262038e-01, -0.424304, 1.000000e+00, 1, 0.183227, 2.507134e-02 
3.081054e-01, 8.997986e-03, 9.039393e-06, 7.814701e-05, 0, 7.970411e-03, 7.199439e-04, 2.204445e-04, 1.708205e-01, 9.296806e-03, 3.900693e-01, -0.193008, 1.000000e+00, 1, 0.158414, 3.440387e-02 
3.176860e-01, 9.580590e-03, 1.078895e-05, 1.481294e-04, 0, 7.926089e-03, 1.126425e-03, 3.691571e-04, 1.570546e-01, 1.632263e-02, 8.650062e-01, -0.061548, 2.000000e+00, 1, 0.083128, 2.853109e-02 
3.277946e-01, 1.010867e-02, 1.049736e-05, 1.942011e-04, 0, 7.957581e-03, 1.644586e-03, 3.017991e-04, 1.336775e-01, 2.907347e-03, 9.386615e-01, -0.016358, 4.000000e+00, 1, 0.019672, 1.066845e-02 
3.369725e-01, 9.177899e-03, 8.456206e-06, 1.143046e-04, 0, 7.849400e-03, 1.098432e-03, 1.073063e-04, 1.451485e-01, 1.719424e-02, 8.292241e-02, -0.475959, 2.000000e+00, 1, 0.285980, 3.629677e-02 
3.460828e-01, 9.110250e-03, 4.723812e-05, 1.008913e-04, 0, 8.007735e-03, 7.814701e-04, 1.729148e-04, 1.451485e-01, 1.719424e-02, 2.534872e+00, -0.074526, 4.000000e+00, 1, 0.245610, 5.814025e-03 
3.553350e-01, 9.252256e-03, 8.951915e-05, 8.397887e-05, 0, 8.005986e-03, 9.747964e-04, 9.797535e-05, 1.727745e-01, 1.292633e-02, 2.182276e-01, -0.236967, 4.000000e+00, 1, 0.071990, 3.409335e-02 
3.640099e-01, 8.674901e-03, 7.727223e-05, 7.814701e-05, 0, 7.573845e-03, 8.561179e-04, 8.951915e-05, 1.781471e-01, 2.456988e-02, 1.615408e-01, -0.115288, 2.000000e+00, 1, 0.020278, 1.777268e-02 
3.725626e-01, 8.552723e-03, 7.989657e-05, 7.814701e-05, 0, 7.617584e-03, 7.100297e-04, 6.706646e-05, 1.781471e-01, 2.456988e-02, 2.114811e-01, -0.571849, 2.000000e+00, 1, 0.121055, 7.210238e-02 
3.813647e-01, 8.802036e-03, 5.336158e-05, 7.727223e-05, 0, 8.047975e-03, 5.688985e-04, 5.452795e-05, 2.351350e-01, 6.582235e-03, 7.825938e-01, -0.297705, 2.000000e+00, 1, 0.470151, 1.324110e-02 
3.901393e-01, 8.774626e-03, 1.049736e-05, 8.047975e-05, 0, 7.782042e-03, 7.030315e-04, 1.985750e-04, 1.379754e-01, 8.681925e-03, 1.134136e+00, -0.154431, 4.000000e+00, 1, 0.237169, 1.668084e-02 
3.990425e-01, 8.903218e-03, 1.078895e-05, 9.797535e-05, 0, 7.972744e-03, 8.167529e-04, 4.957086e-06, 1.824721e-01, 1.279577e-02, 6.596479e-02, -0.930397, 2.000000e+00, 1, 0.254327, 1.849428e-02 
4.079548e-01, 8.912258e-03, 8.456206e-06, 7.727223e-05, 0, 7.824323e-03, 8.841109e-04, 1.180953e-04, 1.824721e-01, 1.279577e-02, 8.278937e-01, -0.119757, 4.000000e+00, 1, 0.169403, 1.221085e-02 
4.170096e-01, 9.054847e-03, 1.020577e-05, 9.826694e-05, 0, 7.854940e-03, 1.072189e-03, 1.924516e-05, 1.570280e-01, 7.113164e-03, 2.931848e-01, -0.206262, 4.000000e+00, 1, 0.070257, 1.460342e-02 
4.261266e-01, 9.116956e-03, 8.456206e-06, 7.698063e-05, 0, 7.730722e-03, 1.280386e-03, 2.041153e-05, 1.301817e-01, 3.444044e-03, 5.693267e-01, -0.014250, 4.000000e+00, 1, 0.009784, 7.912123e-03 
4.348400e-01, 8.713391e-03, 1.049736e-05, 9.855854e-05, 0, 7.833654e-03, 7.079885e-04, 6.269256e-05, 1.266330e-01, 2.167376e-03, 1.387487e+00, -0.128211, 8.000000e+00, 1, 0.249828, 2.384929e-03 
4.431930e-01, 8.352982e-03, 8.456206e-06, 7.727223e-05, 0, 7.700396e-03, 5.616087e-04, 5.248680e-06, 1.690051e-01, 1.339416e-02, -6.307423e-03, -7.190067, 4.000000e+00, 1, 0.204563, 2.716951e-02 
4.526665e-01, 9.473575e-03, 1.370489e-05, 1.148878e-04, 0, 8.046517e-03, 1.277762e-03, 2.070312e-05, 1.690051e-01, 1.339416e-02, 7.507999e-01, -0.076494, 4.000000e+00, 1, 0.061620, 2.689124e-02 
4.616289e-01, 8.962412e-03, 1.049736e-05, 9.797535e-05, 0, 8.108918e-03, 7.243178e-04, 2.070312e-05, 1.585136e-01, 2.424433e-02, 2.105645e-01, -0.953883, 4.000000e+00, 1, 0.200872, 1.866535e-02 
4.702091e-01, 8.580133e-03, 8.456206e-06, 7.668904e-05, 0, 7.751133e-03, 7.222766e-04, 2.157790e-05, 2.478495e-01, 9.154592e-04, 3.885732e-01, -0.112024, 4.000000e+00, 1, 0.246213, 1.610412e-03 
4.793759e-01, 9.166819e-03, 1.078895e-05, 1.005997e-04, 0, 7.926672e-03, 1.107763e-03, 2.099472e-05, 1.441245e-01, 2.055387e-02, 5.388569e-01, -0.158851, 4.000000e+00, 1, 0.086265, 5.150921e-02 
4.916639e-01, 1.228803e-02, 1.020577e-05, 9.855854e-05, 0, 8.265212e-03, 3.793337e-03, 1.207196e-04, 1.367692e-01, 1.669960e-02, 9.177224e-01, -0.000475, 8.000000e+00, 1, 0.000668, 6.529753e-04 
5.001992e-01, 8.535228e-03, 9.330986e-06, 7.902179e-05, 0, 7.712351e-03, 7.281085e-04, 6.415053e-06, 1.502125e-01, 2.361623e-02, -1.036236e-02, -0.476728, 4.000000e+00, 1, 0.245021, 2.046437e-03 
5.087350e-01, 8.535811e-03, 1.049736e-05, 1.052652e-04, 0, 7.700688e-03, 7.033231e-04, 1.603763e-05, 1.502125e-01, 2.361623e-02, 2.522552e-01, -0.208989, 4.000000e+00, 1, 0.055570, 4.615007e-02 
5.177018e-01, 8.966786e-03, 9.330986e-06, 7.814701e-05, 0, 8.138952e-03, 7.330656e-04, 7.289833e-06, 1.264084e-01, 1.634478e-03, -1.423238e+01, -0.001117, 2.000000e+00, 1, 0.249965, 1.529453e-05 
5.271255e-01, 9.423712e-03, 1.108055e-05, 9.855854e-05, 0, 8.322948e-03, 9.695477e-04, 2.157790e-05, 1.264084e-01, 1.634478e-03, 1.455410e+00, -0.000866, 4.000000e+00, 1, 0.251162, 1.149426e-03 
5.363109e-01, 9.185481e-03, 8.747799e-06, 7.785541e-05, 0, 7.785250e-03, 1.288842e-03, 2.478543e-05, 1.450456e-01, 2.690877e-02, 1.010857e+00, -0.000266, 8.000000e+00, 1, 0.000385, 3.778127e-04 
5.452544e-01, 8.943458e-03, 1.166373e-05, 8.164613e-05, 0, 7.924923e-03, 9.185189e-04, 6.706646e-06, 1.559896e-01, 4.101181e-02, 8.882717e-02, -0.625639, 4.000000e+00, 1, 0.062016, 8.204134e-02 
5.537587e-01, 8.504319e-03, 1.020577e-05, 9.768376e-05, 0, 7.815284e-03, 5.639415e-04, 1.720401e-05, 1.559896e-01, 4.101181e-02, 2.355443e-01, -0.002514, 4.000000e+00, 1, 0.249963, 2.289159e-05 
5.627095e-01, 8.950748e-03, 8.456206e-06, 7.698063e-05, 0, 8.104836e-03, 7.330656e-04, 2.740977e-05, 2.495793e-01, 1.947340e-04, 1.080694e+01, -0.004653, 8.000000e+00, 1, 0.249788, 7.554679e-05 
5.715853e-01, 8.875809e-03, 1.108055e-05, 9.885013e-05, 0, 8.036312e-03, 7.219850e-04, 7.581426e-06, 1.575543e-01, 2.334798e-02, -2.922296e-02, -1.727252, 4.000000e+00, 1, 0.199505, 1.379259e-02 
5.805136e-01, 8.928295e-03, 1.108055e-05, 9.885013e-05, 0, 8.256173e-03, 5.572348e-04, 4.957086e-06, 1.575543e-01, 2.334798e-02, -4.841094e-02, -1.745660, 2.000000e+00, 1, 0.106953, 4.529593e-02 
5.897696e-01, 9.256046e-03, 1.137214e-05, 9.914172e-05, 0, 8.226430e-03, 9.129786e-04, 6.123459e-06, 1.575543e-01, 2.334798e-02, -2.271218e-01, -0.419850, 1.000000e+00, 1, 0.115604, 3.771042e-02 
5.983340e-01, 8.564387e-03, 1.049736e-05, 9.680898e-05, 0, 7.707686e-03, 6.974912e-04, 5.190361e-05, 1.575543e-01, 2.334798e-02, 1.155992e+00, 0.052278, 5.000000e-01, 1, 0.106953, 4.529593e-02 
6.067112e-01, 8.377184e-03, 8.747799e-06, 7.873019e-05, 0, 7.710893e-03, 5.586928e-04, 2.011994e-05, 1.575543e-01, 2.334798e-02, 9.826513e-01, -0.024468, 1.000000e+00, 1, 0.208156, 1.071445e-02 
6.150852e-01, 8.373977e-03, 8.747799e-06, 7.785541e-05, 0, 7.557224e-03, 7.135288e-04, 1.662082e-05, 1.396562e-01, 1.881444e-02, 4.527051e-01, -0.108281, 1.000000e+00, 1, 0.104783, 2.684090e-02 
6.244923e-01, 9.407092e-03, 8.456206e-06, 8.689481e-05, 0, 7.904220e-03, 1.385943e-03, 2.157790e-05, 1.227914e-01, 1.517066e-02, 1.163376e+00, -0.011264, 2.000000e+00, 1, 0.016963, 6.988082e-03 
6.338644e-01, 9.372100e-03, 9.622579e-06, 7.989657e-05, 0, 7.913551e-03, 1.341038e-03, 2.799296e-05, 1.421530e-01, 3.190522e-02, 9.350890e-01, -0.068726, 4.000000e+00, 1, 0.068940, 7.091923e-02 
6.432650e-01, 9.400677e-03, 1.020577e-05, 8.193772e-05, 0, 7.852025e-03, 1.365823e-03, 9.068552e-05, 1.238403e-01, 1.657096e-03, 1.216797e+00, -0.003444, 7.556420e+00, 0, 0.005713, 4.240207e-03 
6.523864e-01, 9.121330e-03, 9.622579e-06, 7.843860e-05, 0, 7.719058e-03, 1.257934e-03, 5.627751e-05, 1.239682e-01, 5.530129e-04, 1.220940e+00, -0.000385, 7.556420e+00, 0, 0.000648, 1.365544e-03 
6.612698e-01, 8.883390e-03, 9.039393e-06, 7.727223e-05, 0, 7.543519e-03, 1.234023e-03, 1.953675e-05, 1.246547e-01, 4.058299e-04, 1.240895e+00, -0.000099, 7.556420e+00, 0, 0.000177, 3.857894e-04 
6.701543e-01, 8.884556e-03, 8.747799e-06, 7.756382e-05, 0, 7.620791e-03, 1.117386e-03, 6.006822e-05, 1.248900e-01, 3.839050e-04, 8.552434e-01, -0.000301, 1.511284e+01, 1, 0.000378, 8.876677e-04 
6.785849e-01, 8.430546e-03, 8.747799e-06, 7.756382e-05, 0, 7.618458e-03, 7.190691e-04, 6.706646e-06, 1.248451e-01, 7.269708e-05, -2.941408e-03, -0.146482, 7.556420e+00, 1, 0.249569, 1.713135e-04 
6.870300e-01, 8.445125e-03, 8.747799e-06, 7.814701e-05, 0, 7.623124e-03, 7.155700e-04, 1.953675e-05, 1.248451e-01, 7.269708e-05, 1.792203e+00, -0.026117, 1.511284e+01, 1, 0.249636, 1.859948e-04 
6.953139e-01, 8.283874e-03, 8.747799e-06, 7.756382e-05, 0, 7.630122e-03, 5.624835e-04, 4.957086e-06, 2.266989e-01, 8.644227e-03, -5.052360e-03, -9.336686, 7.556420e+00, 1, 0.202828, 1.786334e-02 
7.035741e-01, 8.260255e-03, 8.747799e-06, 7.727223e-05, 0, 7.565388e-03, 6.038897e-04, 4.957086e-06, 2.266989e-01, 8.644227e-03, -1.982177e-02, -2.332700, 3.778210e+00, 1, 0.203641, 1.712983e-02 
7.118003e-01, 8.226139e-03, 8.456206e-06, 7.843860e-05, 0, 7.568887e-03, 5.653994e-04, 4.957086e-06, 2.266989e-01, 8.644227e-03, -3.567373e-02, -0.707679, 1.889105e+00, 1, 0.203641, 1.712983e-02 
7.200914e-01, 8.291164e-03, 8.747799e-06, 7.756382e-05, 0, 7.631872e-03, 5.566516e-04, 1.632923e-05, 2.266989e-01, 8.644227e-03, 3.892670e-01, -0.239600, 1.889105e+00, 1, 0.203641, 1.712983e-02 
7.292387e-01, 9.147282e-03, 8.747799e-06, 7.639745e-05, 0, 8.132246e-03, 9.088963e-04, 2.099472e-05, 1.888313e-01, 1.390960e-02, 2.369419e-01, -0.154329, 1.889105e+00, 1, 0.059985, 1.822571e-02 
7.383799e-01, 9.141159e-03, 1.108055e-05, 9.826694e-05, 0, 8.293205e-03, 7.321908e-04, 6.415053e-06, 1.952569e-01, 1.332106e-02, -5.389121e-01, -0.105479, 9.445525e-01, 1, 0.117201, 4.333829e-02 
7.471070e-01, 8.727096e-03, 1.078895e-05, 9.885013e-05, 0, 7.885849e-03, 7.251926e-04, 6.415053e-06, 1.952569e-01, 1.332106e-02, 1.249905e+00, 0.052388, 4.722762e-01, 1, 0.367096, 4.321135e-02 
7.559242e-01, 8.817198e-03, 1.078895e-05, 9.710057e-05, 0, 7.983825e-03, 7.190691e-04, 6.415053e-06, 1.952569e-01, 1.332106e-02, 1.102475e+00, 0.025978, 2.361381e-01, 1, 0.117201, 4.333829e-02 
7.645078e-01, 8.583632e-03, 1.078895e-05, 9.855854e-05, 0, 7.747634e-03, 7.199439e-04, 6.706646e-06, 1.952569e-01, 1.332106e-02, 1.016705e+00, 0.018228, 1.180691e-01, 1, 0.117201, 4.333829e-02 
7.735393e-01, 9.031519e-03, 1.049736e-05, 9.768376e-05, 0, 8.179775e-03, 7.176111e-04, 2.595180e-05, 1.952569e-01, 1.332106e-02, 9.961738e-01, -0.011645, 2.361381e-01, 1, 0.140619, 2.675928e-02 
7.822623e-01, 8.723014e-03, 1.078895e-05, 9.797535e-05, 0, 7.885558e-03, 7.222766e-04, 6.415053e-06, 1.894774e-01, 1.402106e-02, 1.003173e+00, 0.021201, 1.180691e-01, 1, 0.102007, 4.691648e-02 
7.911839e-01, 8.921589e-03, 1.253851e-05, 9.914172e-05, 0, 8.088215e-03, 7.167363e-04, 4.957086e-06, 1.894774e-01, 1.402106e-02, 9.997147e-01, 0.011902, 5.903453e-02, 1, 0.351943, 4.683648e-02 
7.995112e-01, 8.327322e-03, 8.747799e-06, 7.785541e-05, 0, 7.679401e-03, 5.563600e-04, 4.957086e-06, 1.894774e-01, 1.402106e-02, 9.998185e-01, 0.006239, 2.951727e-02, 1, 0.351943, 4.683648e-02 
8.082815e-01, 8.770252e-03, 9.039393e-06, 8.077135e-05, 0, 7.749092e-03, 9.062720e-04, 2.507702e-05, 1.894774e-01, 1.402106e-02, 9.996618e-01, -0.002958, 5.903453e-02, 1, 0.129018, 2.811463e-02 
8.169969e-01, 8.715432e-03, 1.253851e-05, 8.106294e-05, 0, 7.692231e-03, 9.045224e-04, 2.507702e-05, 1.880027e-01, 1.416228e-02, 9.984638e-01, -0.006046, 1.180691e-01, 1, 0.126062, 2.838911e-02 
8.260308e-01, 9.033852e-03, 3.265845e-05, 1.332581e-04, 0, 8.139827e-03, 7.216934e-04, 6.415053e-06, 1.849904e-01, 1.436008e-02, 9.968222e-01, 0.013035, 5.903453e-02, 1, 0.340685, 4.883433e-02 
8.356496e-01, 9.618788e-03, 1.108055e-05, 9.914172e-05, 0, 8.378642e-03, 1.105139e-03, 2.478543e-05, 1.849904e-01, 1.436008e-02, 1.005956e+00, -0.005685, 1.180691e-01, 1, 0.279251, 2.740494e-02 
8.442163e-01, 8.566720e-03, 8.456206e-06, 7.698063e-05, 0, 7.755799e-03, 7.190691e-04, 6.415053e-06, 1.871377e-01, 1.551589e-02, 9.993184e-01, 0.012273, 5.903453e-02, 1, 0.100743, 4.825557e-02 
8.528582e-01, 8.641951e-03, 1.078895e-05, 9.943332e-05, 0, 7.804495e-03, 7.205271e-04, 6.706646e-06, 1.871377e-01, 1.551589e-02, 9.996630e-01, 0.006493, 2.951727e-02, 1, 0.350686, 4.818322e-02 
8.618136e-01, 8.955414e-03, 1.078895e-05, 9.826694e-05, 0, 7.891973e-03, 9.281415e-04, 2.624340e-05, 1.871377e-01, 1.551589e-02, 1.001703e+00, -0.002429, 5.903453e-02, 1, 0.023589, 2.204464e-02 
8.703996e-01, 8.585965e-03, 1.049736e-05, 9.797535e-05, 0, 7.897513e-03, 5.604423e-04, 1.953675e-05, 1.883933e-01, 1.598080e-02, 1.025280e+00, -0.000034, 1.180691e-01, 1, 0.249936, 1.180514e-04 
8.787704e-01, 8.370769e-03, 9.330986e-06, 7.698063e-05, 0, 7.546143e-03, 7.184859e-04, 1.982834e-05, 1.909045e-01, 1.602564e-02, 1.031335e+00, -0.006253, 2.361381e-01, 1, 0.018639, 1.716981e-02 
8.872511e-01, 8.480700e-03, 8.747799e-06, 7.639745e-05, 0, 7.800996e-03, 5.747304e-04, 1.982834e-05, 1.968825e-01, 1.647145e-02, 1.318935e+00, -0.000470, 4.722762e-01, 1, 0.249845, 2.762252e-04 
8.956793e-01, 8.428213e-03, 8.747799e-06, 7.814701e-05, 0, 7.776210e-03, 5.601507e-04, 4.957086e-06, 2.062632e-01, 1.376777e-02, 1.146506e+00, 0.022563, 2.361381e-01, 1, 0.163301, 2.834537e-02 
9.039200e-01, 8.240718e-03, 8.747799e-06, 7.727223e-05, 0, 7.588133e-03, 5.616087e-04, 4.957086e-06, 2.062632e-01, 1.376777e-02, 1.026817e+00, 0.015621, 1.180691e-01, 1, 0.163301, 2.834537e-02 
9.122628e-01, 8.342776e-03, 8.747799e-06, 7.698063e-05, 0, 7.679110e-03, 5.592760e-04, 1.866197e-05, 2.062632e-01, 1.376777e-02, 1.005357e+00, 0.010096, 5.903453e-02, 1, 0.404826, 3.325616e-02 
9.208998e-01, 8.636994e-03, 1.049736e-05, 8.018816e-05, 0, 7.786416e-03, 7.537687e-04, 6.123459e-06, 2.062632e-01, 1.376777e-02, 1.002087e+00, 0.004700, 2.951727e-02, 1, 0.155623, 3.410258e-02 
9.296225e-01, 8.722722e-03, 9.039393e-06, 7.843860e-05, 0, 7.905969e-03, 7.056558e-04, 2.361906e-05, 2.062632e-01, 1.376777e-02, 1.004451e+00, -0.000161, 5.903453e-02, 1, 0.249225, 1.255071e-03 
9.390830e-01, 9.460453e-03, 1.108055e-05, 9.768376e-05, 0, 8.151199e-03, 1.183869e-03, 1.662082e-05, 2.072698e-01, 1.336705e-02, 1.002149e+00, 0.004647, 2.951727e-02, 1, 0.158208, 3.313283e-02 
9.476712e-01, 8.588298e-03, 8.747799e-06, 7.668904e-05, 0, 7.773586e-03, 7.228598e-04, 6.415053e-06, 2.072698e-01, 1.336705e-02, 1.000336e+00, 0.002382, 1.475863e-02, 1, 0.165476, 2.769111e-02 
9.567815e-01, 9.110250e-03, 9.039393e-06, 7.843860e-05, 0, 8.300495e-03, 7.167363e-04, 5.540273e-06, 2.072698e-01, 1.336705e-02, 1.000129e+00, 0.001217, 7.379316e-03, 1, 0.158208, 3.313283e-02 
9.661446e-01, 9.363061e-03, 1.866197e-05, 7.260673e-05, 0, 8.123206e-03, 1.121176e-03, 2.740977e-05, 2.072698e-01, 1.336705e-02, 1.000111e+00, -0.000177, 1.475863e-02, 1, 0.007299, 6.072678e-03 
9.748521e-01, 8.707559e-03, 8.747799e-06, 7.698063e-05, 0, 7.900137e-03, 7.152784e-04, 6.415053e-06, 2.076121e-01, 1.328895e-02, 1.000067e+00, 0.001424, 7.379316e-03, 1, 0.408102, 3.183288e-02 
9.839490e-01, 9.096836e-03, 8.747799e-06, 7.756382e-05, 0, 7.906553e-03, 1.083852e-03, 2.011994e-05, 2.076121e-01, 1.328895e-02, 1.000111e+00, -0.000172, 1.475863e-02, 1, 0.007122, 5.910083e-03 
9.928262e-01, 8.877267e-03, 9.622579e-06, 7.960497e-05, 0, 7.849692e-03, 9.138534e-04, 2.449384e-05, 2.079532e-01, 1.320919e-02, 1.000522e+00, -0.000396, 2.951727e-02, 1, 0.255930, 6.830180e-03 
1.001850e+00, 9.023355e-03, 1.078895e-05, 9.797535e-05, 0, 8.150616e-03, 7.377311e-04, 2.624340e-05, 2.086372e-01, 1.301353e-02, 1.004120e+00, -0.000214, 5.903453e-02, 1, 0.248945, 1.668357e-03 
1.010899e+00, 9.049890e-03, 1.108055e-05, 9.622579e-05, 0, 8.200187e-03, 7.222766e-04, 2.011994e-05, 2.095602e-01, 1.258911e-02, 1.015006e+00, -0.000545, 1.180691e-01, 1, 0.248730, 1.977327e-03 
1.019575e+00, 8.675776e-03, 9.039393e-06, 7.785541e-05, 0, 7.854940e-03, 7.144036e-04, 1.953675e-05, 2.112565e-01, 1.171748e-02, 1.049935e+00, -0.001717, 2.361381e-01, 1, 0.248177, 2.748703e-03 
1.028682e+00, 9.106459e-03, 9.039393e-06, 7.668904e-05, 0, 8.348900e-03, 6.659991e-04, 5.831866e-06, 2.139616e-01, 9.913026e-03, 1.041977e+00, 0.015071, 1.180691e-01, 1, 0.177072, 2.630071e-02 
1.038329e+00, 9.647365e-03, 1.020577e-05, 9.097711e-05, 0, 8.841109e-03, 6.814536e-04, 2.361906e-05, 2.139616e-01, 9.913026e-03, 1.039360e+00, -0.004353, 2.361381e-01, 1, 0.250851, 8.115346e-03 
1.048050e+00, 9.720846e-03, 1.020577e-05, 9.214348e-05, 0, 8.925963e-03, 6.700814e-04, 2.245268e-05, 2.162635e-01, 8.183759e-03, 1.118823e+00, -0.015647, 4.722762e-01, 1, 0.246327, 1.155777e-02 
1.058019e+00, 9.969284e-03, 1.020577e-05, 8.981074e-05, 0, 9.090130e-03, 7.511444e-04, 2.799296e-05, 2.155298e-01, 8.778893e-03, 1.018268e+00, -0.039625, 9.445525e-01, 1, 0.200431, 1.636564e-02 
1.067355e+00, 9.336234e-03, 1.078895e-05, 9.797535e-05, 0, 7.868354e-03, 1.339288e-03, 1.982834e-05, 2.027289e-01, 1.148667e-02, 1.228964e+00, -0.005095, 1.889105e+00, 1, 0.008910, 5.821154e-03 
1.076122e+00, 8.766753e-03, 9.039393e-06, 7.668904e-05, 0, 7.952041e-03, 7.225682e-04, 6.415053e-06, 2.229228e-01, 7.659932e-03, -1.110689e-01, -0.335349, 9.445525e-01, 1, 0.199795, 1.823662e-02 
1.084934e+00, 8.811658e-03, 1.078895e-05, 9.826694e-05, 0, 7.953499e-03, 7.240262e-04, 2.507702e-05, 2.229228e-01, 7.659932e-03, 1.124853e+00, -0.133453, 1.889105e+00, 1, 0.197307, 2.036780e-02 
1.094119e+00, 9.185481e-03, 1.078895e-05, 9.739216e-05, 0, 8.327030e-03, 7.249010e-04, 2.536862e-05, 1.764633e-01, 1.432796e-02, 1.617836e+01, -0.005999, 3.778210e+00, 1, 0.249946, 1.015017e-04 
1.103746e+00, 9.626661e-03, 1.049736e-05, 9.797535e-05, 0, 8.571385e-03, 9.258087e-04, 2.099472e-05, 1.804651e-01, 2.085188e-02, 2.805554e-01, -0.271297, 3.778210e+00, 1, 0.257223, 2.950597e-02 
1.113320e+00, 9.574466e-03, 1.195533e-05, 9.185189e-05, 0, 8.743134e-03, 7.208187e-04, 6.706646e-06, 2.052455e-01, 1.839683e-02, 3.013925e-02, -1.377506, 1.889105e+00, 1, 0.229382, 1.956672e-02 
1.122719e+00, 9.398344e-03, 1.078895e-05, 8.106294e-05, 0, 8.560305e-03, 7.243178e-04, 2.186950e-05, 2.052455e-01, 1.839683e-02, 4.870723e-01, -0.736032, 1.889105e+00, 1, 0.402681, 4.265761e-02 
1.132557e+00, 9.838358e-03, 1.049736e-05, 9.797535e-05, 0, 9.051056e-03, 6.592925e-04, 1.953675e-05, 1.438296e-01, 1.584706e-02, 4.978185e-01, -0.472812, 1.889105e+00, 1, 0.243479, 5.403324e-02 
1.142085e+00, 9.527811e-03, 9.330986e-06, 8.806118e-05, 0, 8.727096e-03, 6.861191e-04, 1.720401e-05, 2.009302e-01, 1.794457e-02, 5.863999e-01, -0.601594, 1.889105e+00, 1, 0.393756, 4.106913e-02 
1.151301e+00, 9.216390e-03, 9.039393e-06, 8.981074e-05, 0, 8.008027e-03, 1.102806e-03, 6.706646e-06, 1.429160e-01, 1.677870e-02, 9.713865e-02, -0.086134, 9.445525e-01, 1, 0.158398, 1.591229e-02 
1.161508e+00, 1.020693e-02, 1.253851e-05, 1.017661e-04, 0, 9.136493e-03, 9.298911e-04, 2.624340e-05, 1.429160e-01, 1.677870e-02, 8.702187e-01, -0.088004, 1.889105e+00, 1, 0.127434, 2.071724e-02 
1.170597e+00, 9.088672e-03, 1.049736e-05, 9.943332e-05, 0, 7.826948e-03, 1.130799e-03, 2.099472e-05, 1.129910e-01, 3.589539e-03, 7.539490e-01, -0.093222, 1.889105e+00, 1, 0.171319, 1.172425e-02 
1.179388e+00, 8.790663e-03, 1.108055e-05, 8.077135e-05, 0, 7.964871e-03, 7.272337e-04, 6.706646e-06, 1.738693e-01, 1.052307e-02, 9.079693e-02, -0.066286, 9.445525e-01, 1, 0.256019, 8.368650e-03 
1.188647e+00, 9.259837e-03, 1.078895e-05, 9.914172e-05, 0, 8.265504e-03, 8.599087e-04, 2.449384e-05, 1.738693e-01, 1.052307e-02, 9.059347e-01, -0.069121, 1.889105e+00, 1, 0.101035, 2.088145e-02 
1.197923e+00, 9.275583e-03, 1.020577e-05, 9.039393e-05, 0, 7.914134e-03, 1.239272e-03, 2.157790e-05, 1.521332e-01, 9.691548e-03, 2.852022e-01, -0.081324, 1.889105e+00, 1, 0.023223, 2.995104e-02 
1.207505e+00, 9.581756e-03, 1.108055e-05, 1.052652e-04, 0, 8.032229e-03, 1.411603e-03, 2.157790e-05, 1.291405e-01, 3.949315e-03, 1.225121e+00, -0.004704, 3.778210e+00, 1, 0.008279, 7.903717e-03 
1.216411e+00, 8.905843e-03, 8.747799e-06, 7.756382e-05, 0, 7.904511e-03, 8.978158e-04, 1.720401e-05, 1.262608e-01, 1.311580e-03, 3.485313e-01, -0.000037, 3.778210e+00, 1, 0.000013, 5.676003e-05 
1.225468e+00, 9.056888e-03, 9.330986e-06, 7.756382e-05, 0, 7.982075e-03, 9.628411e-04, 2.507702e-05, 1.250011e-01, 8.511925e-07, 1.705725e+00, -0.000000, 7.556420e+00, 1, 0.250000, 1.314551e-06 
1.234927e+00, 9.458995e-03, 1.078895e-05, 1.218860e-04, 0, 8.026397e-03, 1.293216e-03, 6.706646e-06, 2.460132e-01, 9.886101e-03, 2.212750e-02, -0.000000, 3.778210e+00, 1, 0.000000, 7.356427e-07 
1.244063e+00, 9.136785e-03, 1.078895e-05, 9.797535e-05, 0, 8.078009e-03, 9.258087e-04, 2.420224e-05, 2.460132e-01, 9.886101e-03, 4.594146e+03, -0.000053, 7.556420e+00, 1, 0.250000, 4.662077e-07 
1.252526e+00, 8.462329e-03, 1.020577e-05, 9.097711e-05, 0, 7.498030e-03, 8.441626e-04, 1.895356e-05, 1.280140e-01, 1.605776e-02, 3.358689e-01, -0.016560, 7.556420e+00, 1, 0.006028, 3.211548e-02 
1.262240e+00, 9.714431e-03, 9.914172e-06, 9.126870e-05, 0, 8.074802e-03, 1.522992e-03, 1.545445e-05, 1.252333e-01, 1.362253e-03, 7.600395e-01, -0.000476, 7.556420e+00, 1, 0.250466, 2.724506e-03 
1.270708e+00, 8.468161e-03, 8.456206e-06, 7.056558e-05, 0, 7.304704e-03, 1.061691e-03, 2.274428e-05, 1.250522e-01, 3.100803e-04, 9.001471e-01, -0.000084, 1.511284e+01, 1, 0.000104, 6.201606e-04 
1.279592e+00, 8.883973e-03, 9.622579e-06, 8.951915e-05, 0, 8.066929e-03, 6.951584e-04, 2.274428e-05, 1.250002e-01, 3.671793e-07, 8.346005e+07, -0.000000, 3.022568e+01, 1, 0.250000, 1.474705e-09 
0.750000, 0, 0, 0, 0, 0, 0, 0, 0, 0, 0, 0, 0, 0, 0 ,0