TRM WS=1, MS=2, TRMstep=0: ub=0.800000, lb=0.200000, grow=2.000000,shrink=0.500000, b_w=2,b_m=4, lr=0.400000, lambda=0.000000, n=9, n0=2, n1=2, n2=1, sub_tol=0.001000, sub_maxit=1000, tol=1.000000e-08, m=4, nobias=0 
time, iter_t, subset_m_time, g_time, subset_w_time, p1_time, t2, t3, total error, total gmag, rho, sigma, gamma, step, approx error, approx gmag 
3.327371e-03, 3.327371e-03, 8.456206e-06, 7.581426e-05, 6.706646e-06, 3.218607e-03, 1.632923e-05, 1.457967e-06, 1.320934e-01, 8.663692e-03, 0.000000e+00, 0.000000, 4.000000e-01, 0, 0.132093, 8.663692e-03 
6.537230e-03, 3.209859e-03, 8.747799e-06, 8.222931e-05, 6.706646e-06, 3.097013e-03, 1.399648e-05, 1.166373e-06, 1.298863e-01, 7.022788e-03, 0.000000e+00, 0.000000, 4.000000e-01, 0, 0.129886, 7.022788e-03 
9.671858e-03, 3.134628e-03, 8.747799e-06, 8.660321e-05, 6.706646e-06, 3.015950e-03, 1.545445e-05, 1.166373e-06, 1.274641e-01, 4.894285e-03, 0.000000e+00, 0.000000, 4.000000e-01, 0, 0.127464, 4.894285e-03 
1.282165e-02, 3.149791e-03, 8.456206e-06, 9.476782e-05, 6.415053e-06, 3.021490e-03, 1.778719e-05, 8.747799e-07, 1.254228e-01, 1.403142e-03, 0.000000e+00, 0.000000, 4.000000e-01, 0, 0.125423, 1.403142e-03 
1.588600e-02, 3.064354e-03, 8.456206e-06, 8.018816e-05, 6.706646e-06, 2.953840e-03, 1.399648e-05, 1.166373e-06, 1.252256e-01, 2.688463e-04, 0.000000e+00, 0.000000, 2.000000e-01, 0, 0.125226, 2.688463e-04 
1.876170e-02, 2.875693e-03, 8.456206e-06, 8.135453e-05, 6.415053e-06, 2.765763e-03, 1.283011e-05, 8.747799e-07, 1.250034e-01, 1.578527e-04, 0.000000e+00, 0.000000, 1.000000e-01, 0, 0.125003, 1.578527e-04 
2.153679e-02, 2.775093e-03, 7.873019e-06, 7.435629e-05, 7.873019e-06, 2.671286e-03, 1.283011e-05, 8.747799e-07, 1.249684e-01, 3.427617e-04, 0.000000e+00, 0.000000, 5.000000e-02, 0, 0.124968, 3.427617e-04 
2.431538e-02, 2.778593e-03, 7.873019e-06, 7.406470e-05, 6.123459e-06, 2.676827e-03, 1.283011e-05, 8.747799e-07, 1.249412e-01, 4.575995e-04, 0.000000e+00, 0.000000, 5.000000e-02, 0, 0.124941, 4.575995e-04 
0.500000, 0, 0, 0, 0, 0, 0, 0, 0, 0, 0, 0, 0, 0, 0 ,0