TRM WS=1, MS=2, TRMstep=0: ub=0.800000, lb=0.200000, grow=2.000000,shrink=0.500000, b_w=2,b_m=4, lr=0.400000, lambda=0.000000, n=9, n0=2, n1=2, n2=1, sub_tol=0.001000, sub_maxit=1000, tol=1.000000e-08, m=4, nobias=0 
time, iter_t, subset_m_time, g_time, subset_w_time, p1_time, t2, t3, total error, total gmag, rho, sigma, gamma, step, approx error, approx gmag 
2.911559e-03, 2.911559e-03, 8.456206e-06, 8.106294e-05, 6.998239e-06, 2.799004e-03, 1.487126e-05, 1.166373e-06, 1.291256e-01, 6.840433e-03, 0.000000e+00, 0.000000, 4.000000e-01, 0, 0.129126, 6.840433e-03 
5.688111e-03, 2.776551e-03, 7.873019e-06, 7.435629e-05, 6.415053e-06, 2.674202e-03, 1.283011e-05, 8.747799e-07, 1.286870e-01, 6.433550e-03, 0.000000e+00, 0.000000, 2.000000e-01, 0, 0.128687, 6.433550e-03 
8.697645e-03, 3.009535e-03, 7.873019e-06, 7.406470e-05, 6.123459e-06, 2.897854e-03, 2.186950e-05, 1.749560e-06, 1.278400e-01, 5.641227e-03, 0.000000e+00, 0.000000, 1.000000e-01, 0, 0.127840, 5.641227e-03 
1.183431e-02, 3.136669e-03, 1.283011e-05, 1.213028e-04, 8.456206e-06, 2.980084e-03, 1.312170e-05, 8.747799e-07, 1.252104e-01, 1.989681e-03, 0.000000e+00, 0.000000, 1.000000e-01, 0, 0.125210, 1.989681e-03 
1.462486e-02, 2.790548e-03, 1.020577e-05, 7.406470e-05, 6.415053e-06, 2.686158e-03, 1.253851e-05, 1.166373e-06, 1.248452e-01, 2.191622e-04, 0.000000e+00, 0.000000, 5.000000e-02, 0, 0.124845, 2.191622e-04 
1.740958e-02, 2.784716e-03, 7.873019e-06, 7.464789e-05, 6.123459e-06, 2.681784e-03, 1.312170e-05, 1.166373e-06, 1.248372e-01, 2.166065e-04, 0.000000e+00, 0.000000, 2.500000e-02, 0, 0.124837, 2.166065e-04 
2.030802e-02, 2.898437e-03, 8.164613e-06, 7.493948e-05, 6.123459e-06, 2.795213e-03, 1.283011e-05, 1.166373e-06, 1.248162e-01, 3.631273e-04, 0.000000e+00, 0.000000, 1.250000e-02, 0, 0.124816, 3.631273e-04 
2.319741e-02, 2.889398e-03, 7.581426e-06, 7.523107e-05, 5.831866e-06, 2.786466e-03, 1.312170e-05, 1.166373e-06, 1.248127e-01, 4.486333e-04, 0.000000e+00, 0.000000, 1.250000e-02, 0, 0.124813, 4.486333e-04 
0.250000, 0, 0, 0, 0, 0, 0, 0, 0, 0, 0, 0, 0, 0, 0 ,0