TRM WS=1, MS=2, TRMstep=0: ub=0.800000, lb=0.200000, grow=2.000000,shrink=0.500000, b_w=2,b_m=4, lr=0.400000, lambda=0.000000, n=9, n0=2, n1=2, n2=1, sub_tol=0.001000, sub_maxit=1000, tol=1.000000e-08, m=4, nobias=0 
time, iter_t, subset_m_time, g_time, subset_w_time, p1_time, t2, t3, total error, total gmag, rho, sigma, gamma, step, approx error, approx gmag 
3.169911e-03, 3.169911e-03, 8.164613e-06, 7.523107e-05, 6.123459e-06, 3.062896e-03, 1.603763e-05, 1.457967e-06, 1.321186e-01, 8.385006e-03, 0.000000e+00, 0.000000, 4.000000e-01, 0, 0.132119, 8.385006e-03 
5.975622e-03, 2.805711e-03, 8.164613e-06, 7.435629e-05, 6.706646e-06, 2.701904e-03, 1.312170e-05, 1.457967e-06, 1.277076e-01, 5.333316e-03, 0.000000e+00, 0.000000, 4.000000e-01, 0, 0.127708, 5.333316e-03 
8.763545e-03, 2.787924e-03, 7.873019e-06, 7.435629e-05, 6.123459e-06, 2.685574e-03, 1.312170e-05, 8.747799e-07, 1.264164e-01, 3.928354e-03, 0.000000e+00, 0.000000, 4.000000e-01, 0, 0.126416, 3.928354e-03 
1.154768e-02, 2.784133e-03, 7.873019e-06, 7.464789e-05, 6.123459e-06, 2.682075e-03, 1.283011e-05, 5.831866e-07, 1.247793e-01, 4.500216e-04, 0.000000e+00, 0.000000, 4.000000e-01, 0, 0.124779, 4.500216e-04 
1.433356e-02, 2.785882e-03, 8.164613e-06, 7.493948e-05, 5.831866e-06, 2.682658e-03, 1.312170e-05, 1.166373e-06, 1.247508e-01, 4.624324e-04, 0.000000e+00, 0.000000, 2.000000e-01, 0, 0.124751, 4.624324e-04 
1.771750e-02, 3.383940e-03, 7.873019e-06, 7.523107e-05, 5.831866e-06, 3.279258e-03, 1.457967e-05, 1.166373e-06, 1.246659e-01, 5.822304e-04, 0.000000e+00, 0.000000, 1.000000e-01, 0, 0.124666, 5.822304e-04 
2.063460e-02, 2.917099e-03, 9.914172e-06, 9.418464e-05, 6.998239e-06, 2.792006e-03, 1.283011e-05, 1.166373e-06, 1.246148e-01, 5.854550e-04, 0.000000e+00, 0.000000, 5.000000e-02, 0, 0.124615, 5.854550e-04 
2.347530e-02, 2.840702e-03, 8.456206e-06, 7.610585e-05, 6.123459e-06, 2.736020e-03, 1.283011e-05, 1.166373e-06, 1.245916e-01, 5.878260e-04, 0.000000e+00, 0.000000, 5.000000e-02, 0, 0.124592, 5.878260e-04 
0.500000, 0, 0, 0, 0, 0, 0, 0, 0, 0, 0, 0, 0, 0, 0 ,0