TRM WS=1, MS=2, TRMstep=1: ub=0.800000, lb=0.200000, grow=2.000000,shrink=0.500000, b_w=2,b_m=2, lr=1.000000, lambda=0.000000, n=9, n0=2, n1=2, n2=1, sub_tol=0.001000, sub_maxit=1000, tol=1.000000e-08, m=4, nobias=0 
time, iter_t, subset_m_time, g_time, subset_w_time, p1_time, t2, t3, total error, total gmag, rho, sigma, gamma, step, approx error, approx gmag 
7.079594e-03, 7.079594e-03, 1.294674e-04, 1.551276e-04, 2.423140e-04, 4.233060e-03, 1.630298e-03, 6.893266e-04, 1.251603e-01, 5.745822e-04, 9.479559e-01, -0.011551, 2.000000e+00, 1, 0.128919, 3.777230e-02 
1.218335e-02, 5.103758e-03, 6.327575e-05, 8.981074e-05, 8.456206e-06, 3.276051e-03, 1.486251e-03, 1.799131e-04, 1.249156e-01, 9.441079e-04, 9.006355e-01, -0.000323, 2.000000e+00, 0, 0.118111, 3.552238e-03 
1.729586e-02, 5.112505e-03, 6.152619e-05, 9.476782e-05, 7.581426e-06, 3.420973e-03, 1.338122e-03, 1.895356e-04, 1.249915e-01, 4.390489e-04, 8.215849e-01, -0.031656, 4.000000e+00, 1, 0.127133, 3.723833e-02 
2.231797e-02, 5.022112e-03, 7.348151e-05, 9.156030e-05, 7.289833e-06, 3.404935e-03, 1.357950e-03, 8.689481e-05, 1.258541e-01, 3.342241e-03, 1.176118e+00, 0.002751, 2.000000e+00, 0, 0.120093, 4.685069e-03 
2.668166e-02, 4.363694e-03, 9.330986e-06, 8.047975e-05, 6.706646e-06, 2.909810e-03, 1.149169e-03, 2.081976e-04, 1.258541e-01, 3.342241e-03, 7.627516e-01, -0.015687, 2.000000e+00, 1, 0.131615, 3.723543e-03 
3.096254e-02, 4.280881e-03, 9.039393e-06, 8.018816e-05, 6.415053e-06, 2.887940e-03, 1.153543e-03, 1.437555e-04, 1.244230e-01, 7.511485e-04, 8.869731e-01, -0.010174, 4.000000e+00, 1, 0.129165, 3.770477e-02 
3.556593e-02, 4.603384e-03, 8.747799e-06, 8.018816e-05, 6.415053e-06, 2.890273e-03, 1.519493e-03, 9.826694e-05, 1.253217e-01, 1.450897e-03, 4.200060e-01, -0.034029, 4.000000e+00, 1, 0.121447, 5.238927e-03 
4.000893e-02, 4.443007e-03, 9.914172e-06, 8.164613e-05, 6.415053e-06, 2.910393e-03, 1.344537e-03, 9.010233e-05, 1.202799e-01, 2.067914e-03, -9.748924e-01, 0.001241, 2.000000e+00, 1, 0.127520, 3.332685e-03 
4.437846e-02, 4.369526e-03, 9.039393e-06, 8.077135e-05, 6.415053e-06, 2.881525e-03, 1.330249e-03, 6.152619e-05, 1.202799e-01, 2.067914e-03, 1.411638e+00, -0.003447, 4.000000e+00, 1, 0.124129, 3.580263e-02 
4.846951e-02, 4.091054e-03, 8.747799e-06, 7.902179e-05, 6.415053e-06, 2.930221e-03, 1.001623e-03, 6.502531e-05, 1.252570e-01, 1.264650e-03, 7.817374e-01, -0.054397, 4.000000e+00, 0, 0.143301, 1.349161e-02 
5.316154e-02, 4.692028e-03, 9.039393e-06, 7.989657e-05, 6.415053e-06, 3.144251e-03, 1.432890e-03, 1.953675e-05, 1.617187e-01, 1.139091e-02, 5.933065e-01, -0.036231, 4.000000e+00, 1, 0.142758, 6.845573e-03 
5.749433e-02, 4.332785e-03, 9.330986e-06, 8.106294e-05, 6.706646e-06, 2.892897e-03, 1.324708e-03, 1.807879e-05, 1.458700e-01, 7.056891e-03, 7.981483e-01, -0.154322, 4.000000e+00, 1, 0.124716, 3.398952e-02 
6.149149e-02, 3.997161e-03, 8.456206e-06, 7.989657e-05, 6.123459e-06, 2.884149e-03, 1.000165e-03, 1.837038e-05, 2.299464e-01, 6.954832e-03, 6.530382e-01, -0.086704, 4.000000e+00, 1, 0.215894, 1.227470e-02 
6.596949e-02, 4.477998e-03, 8.456206e-06, 8.106294e-05, 6.415053e-06, 2.999912e-03, 1.362907e-03, 1.924516e-05, 2.001378e-01, 1.181591e-02, 6.250838e-01, -0.043515, 4.000000e+00, 1, 0.241003, 3.259767e-03 
7.033639e-02, 4.366901e-03, 9.622579e-06, 8.193772e-05, 6.706646e-06, 2.920015e-03, 1.330249e-03, 1.837038e-05, 1.645671e-01, 1.596733e-02, 5.244586e-01, -0.253915, 4.000000e+00, 1, 0.204235, 1.402795e-02 
7.474849e-02, 4.412098e-03, 8.747799e-06, 7.960497e-05, 6.415053e-06, 2.893480e-03, 1.401106e-03, 2.274428e-05, 1.006049e-01, 6.395083e-03, 1.400843e+00, -0.046876, 8.000000e+00, 1, 0.086001, 2.999820e-02 
7.879901e-02, 4.050523e-03, 9.622579e-06, 8.456206e-05, 6.998239e-06, 2.930221e-03, 9.978323e-04, 2.128631e-05, 1.393937e-01, 1.049901e-02, 8.564592e-01, -0.015339, 8.000000e+00, 0, 0.064897, 1.515762e-02 
8.403048e-02, 5.231476e-03, 1.283011e-05, 1.049736e-04, 7.873019e-06, 3.485998e-03, 1.613386e-03, 6.415053e-06, 1.241298e-01, 6.334757e-03, -3.847083e-01, 0.133618, 4.000000e+00, 1, 0.051759, 9.187019e-03 
8.880795e-02, 4.777465e-03, 1.049736e-05, 9.068552e-05, 7.289833e-06, 3.289464e-03, 1.357658e-03, 2.186950e-05, 1.241298e-01, 6.334757e-03, 6.183016e+00, -0.003517, 8.000000e+00, 1, 0.051759, 9.187019e-03 
9.286780e-02, 4.059854e-03, 9.330986e-06, 8.047975e-05, 6.706646e-06, 2.920890e-03, 1.020868e-03, 2.157790e-05, 1.452445e-01, 4.830296e-03, 1.076202e+00, -0.017956, 8.000000e+00, 0, 0.053718, 1.155538e-02 
9.738108e-02, 4.513281e-03, 8.747799e-06, 8.077135e-05, 6.706646e-06, 3.055898e-03, 1.339580e-03, 2.157790e-05, 1.385276e-01, 4.863572e-03, 1.245587e+00, -0.204307, 1.600000e+01, 1, 0.263972, 1.543338e-02 
1.017110e-01, 4.329869e-03, 9.039393e-06, 8.047975e-05, 6.415053e-06, 2.882691e-03, 1.330540e-03, 2.070312e-05, 1.158272e-01, 2.194219e-02, 1.235475e+00, -0.005325, 1.600000e+01, 0, 0.009490, 7.036328e-03 
1.056924e-01, 3.981415e-03, 8.456206e-06, 7.931338e-05, 6.415053e-06, 2.888232e-03, 9.934584e-04, 5.540273e-06, 1.469111e-01, 2.277281e-02, 9.345741e-01, 0.093975, 8.000000e+00, 0, 0.154503, 2.854201e-02 
1.098642e-01, 4.171825e-03, 8.747799e-06, 7.902179e-05, 6.415053e-06, 3.110717e-03, 9.132702e-04, 5.365317e-05, 1.469111e-01, 2.277281e-02, -7.831860e-01, -0.158023, 4.000000e+00, 1, 0.136707, 2.607770e-02 
1.143524e-01, 4.488204e-03, 1.020577e-05, 9.010233e-05, 6.998239e-06, 2.991164e-03, 1.368447e-03, 2.128631e-05, 1.469111e-01, 2.277281e-02, 3.384735e-01, -0.452791, 4.000000e+00, 1, 0.154503, 2.854201e-02 
1.180897e-01, 3.737351e-03, 8.164613e-06, 7.493948e-05, 5.831866e-06, 2.704528e-03, 9.389304e-04, 4.957086e-06, 1.202686e-01, 2.645871e-02, 1.002147e-01, -1.023846, 2.000000e+00, 1, 0.239292, 5.309819e-02 
1.225683e-01, 4.478582e-03, 8.164613e-06, 7.464789e-05, 6.415053e-06, 3.230562e-03, 1.138963e-03, 1.982834e-05, 1.202686e-01, 2.645871e-02, 3.801499e-01, -0.266199, 2.000000e+00, 1, 0.103778, 5.413957e-02 
1.276094e-01, 5.041065e-03, 9.039393e-06, 8.077135e-05, 6.706646e-06, 3.595054e-03, 1.323250e-03, 2.624340e-05, 6.970321e-02, 1.292354e-02, 8.431667e-01, -0.070460, 4.000000e+00, 1, 0.136824, 2.603469e-02 
1.322918e-01, 4.682405e-03, 9.622579e-06, 8.631162e-05, 6.706646e-06, 3.212192e-03, 1.345412e-03, 2.216109e-05, 4.011308e-02, 8.596023e-03, 5.665620e-01, -0.099901, 4.000000e+00, 1, 0.077415, 1.750010e-02 
1.369060e-01, 4.614172e-03, 1.078895e-05, 9.914172e-05, 7.581426e-06, 3.351282e-03, 1.121176e-03, 2.420224e-05, 2.214346e-02, 1.053623e-02, 1.113167e+00, -0.000617, 4.000000e+00, 0, 0.020815, 9.599599e-03 
1.413280e-01, 4.422012e-03, 9.914172e-06, 9.097711e-05, 7.289833e-06, 3.267011e-03, 1.025242e-03, 2.157790e-05, 2.093940e-02, 9.955016e-03, 1.199723e+00, -0.025283, 8.000000e+00, 1, 0.040469, 2.041670e-02 
1.454074e-01, 4.079390e-03, 9.039393e-06, 7.960497e-05, 6.706646e-06, 2.946550e-03, 1.016203e-03, 2.128631e-05, 1.793888e-02, 5.127129e-03, 1.382587e+00, -0.006560, 1.600000e+01, 1, 0.028957, 1.205085e-02 
1.497833e-01, 4.375941e-03, 9.039393e-06, 8.018816e-05, 6.706646e-06, 2.909226e-03, 1.349202e-03, 2.157790e-05, 1.216686e-01, 3.760152e-03, 1.236702e+00, -0.005201, 1.600000e+01, 0, 0.010124, 6.515119e-03 
1.541359e-01, 4.352613e-03, 8.747799e-06, 8.047975e-05, 6.415053e-06, 2.908352e-03, 1.329957e-03, 1.866197e-05, 1.291828e-01, 8.613702e-03, 7.874979e-01, -0.109051, 1.600000e+01, 1, 0.224233, 5.695737e-03 
1.581311e-01, 3.995120e-03, 9.039393e-06, 8.018816e-05, 6.706646e-06, 2.893772e-03, 9.995819e-04, 5.831866e-06, 9.107709e-02, 3.750893e-03, -2.597615e+00, 0.000037, 8.000000e+00, 1, 0.044759, 8.388323e-03 
1.624356e-01, 4.304500e-03, 9.039393e-06, 7.960497e-05, 6.415053e-06, 2.871611e-03, 1.332581e-03, 5.248680e-06, 9.107709e-02, 3.750893e-03, -2.539854e-01, 0.175873, 4.000000e+00, 1, 0.044759, 8.388323e-03 
1.668433e-01, 4.407724e-03, 8.747799e-06, 7.931338e-05, 6.123459e-06, 2.883566e-03, 1.411603e-03, 1.837038e-05, 9.107709e-02, 3.750893e-03, 6.764157e-01, -0.016333, 4.000000e+00, 0, 0.138355, 1.199830e-02 
1.709209e-01, 4.077641e-03, 8.747799e-06, 7.931338e-05, 6.706646e-06, 2.940427e-03, 1.020868e-03, 2.157790e-05, 1.052923e-01, 1.373881e-02, 9.662195e-01, -0.002026, 4.000000e+00, 0, 0.127038, 5.446768e-03 
1.749338e-01, 4.012907e-03, 9.039393e-06, 8.106294e-05, 6.706646e-06, 2.887940e-03, 1.006872e-03, 2.128631e-05, 9.679643e-02, 9.065367e-03, 9.489324e-01, -0.122900, 4.000000e+00, 0, 0.123940, 4.400572e-02 
1.791027e-01, 4.168910e-03, 8.747799e-06, 8.077135e-05, 6.415053e-06, 2.894064e-03, 1.160541e-03, 1.837038e-05, 1.422202e-01, 2.018591e-02, 4.898035e-01, -0.558395, 4.000000e+00, 1, 0.277124, 4.456878e-02 
1.834355e-01, 4.332785e-03, 9.039393e-06, 8.077135e-05, 6.415053e-06, 3.006910e-03, 1.206030e-03, 2.361906e-05, 1.965244e-01, 1.503970e-02, 1.273588e+00, -0.000022, 4.000000e+00, 0, 0.003620, 2.269504e-03 
1.875858e-01, 4.150248e-03, 9.622579e-06, 8.193772e-05, 6.706646e-06, 3.010409e-03, 1.019410e-03, 2.216109e-05, 1.966733e-01, 1.501238e-02, 1.261751e+00, -0.000062, 4.000000e+00, 0, 0.003592, 2.249786e-03 
1.914564e-01, 3.870610e-03, 8.747799e-06, 7.960497e-05, 6.706646e-06, 2.910101e-03, 8.441626e-04, 2.128631e-05, 1.967229e-01, 1.501931e-02, 1.000013e+00, -0.001201, 8.000000e+00, 1, 0.198757, 1.388159e-02 
1.955413e-01, 4.084931e-03, 8.747799e-06, 8.106294e-05, 6.415053e-06, 2.973960e-03, 1.009204e-03, 5.540273e-06, 2.142733e-01, 8.990277e-03, -3.487542e-02, 1.145131, 4.000000e+00, 1, 0.039937, 2.109049e-02 
2.002473e-01, 4.706024e-03, 8.747799e-06, 8.047975e-05, 6.415053e-06, 3.192364e-03, 1.397607e-03, 2.041153e-05, 2.142733e-01, 8.990277e-03, 7.525429e-01, -0.049381, 4.000000e+00, 1, 0.039937, 2.109049e-02 
2.043264e-01, 4.079099e-03, 9.622579e-06, 8.047975e-05, 6.706646e-06, 2.947425e-03, 1.016494e-03, 1.837038e-05, 2.237518e-01, 8.045597e-03, 2.598059e-01, -0.240613, 4.000000e+00, 1, 0.223175, 8.405034e-03 
2.084837e-01, 4.157246e-03, 9.039393e-06, 8.047975e-05, 6.415053e-06, 2.899604e-03, 1.156459e-03, 5.248680e-06, 1.756535e-01, 1.519090e-02, -5.590884e-02, -0.234792, 2.000000e+00, 1, 0.190648, 1.474583e-02 
2.130564e-01, 4.572766e-03, 8.747799e-06, 8.047975e-05, 6.415053e-06, 2.895522e-03, 1.558275e-03, 2.332746e-05, 1.756535e-01, 1.519090e-02, 1.674830e+00, -0.000022, 4.000000e+00, 1, 0.160659, 1.687296e-02 
2.174537e-01, 4.397227e-03, 1.020577e-05, 8.047975e-05, 6.706646e-06, 2.955007e-03, 1.339580e-03, 5.248680e-06, 1.827629e-01, 1.407882e-02, 5.182211e-02, -0.279795, 2.000000e+00, 1, 0.204903, 1.357986e-02 
2.212537e-01, 3.800044e-03, 8.456206e-06, 7.931338e-05, 6.415053e-06, 2.874818e-03, 8.126705e-04, 1.837038e-05, 1.827629e-01, 1.407882e-02, 4.379360e-01, -0.059839, 2.000000e+00, 1, 0.204903, 1.357986e-02 
2.255935e-01, 4.339783e-03, 1.166373e-05, 1.058484e-04, 8.456206e-06, 3.003411e-03, 1.186202e-03, 2.420224e-05, 1.609655e-01, 1.130533e-02, 9.069685e-01, -0.044362, 4.000000e+00, 1, 0.178698, 1.304809e-02 
2.298528e-01, 4.259303e-03, 9.330986e-06, 8.106294e-05, 6.706646e-06, 3.092055e-03, 1.046528e-03, 2.361906e-05, 1.317149e-01, 3.199897e-03, 8.657037e-01, -0.154008, 4.000000e+00, 0, 0.137831, 4.651665e-02 
2.340570e-01, 4.204192e-03, 9.330986e-06, 8.252091e-05, 6.706646e-06, 3.075435e-03, 1.024367e-03, 5.831866e-06, 2.112157e-01, 1.123253e-02, -3.177096e-01, 0.000000, 2.000000e+00, 1, 0.211641, 1.098440e-02 
2.381055e-01, 4.048481e-03, 9.039393e-06, 8.106294e-05, 6.706646e-06, 2.919141e-03, 1.013578e-03, 1.895356e-05, 2.112157e-01, 1.123253e-02, 7.672592e-01, -0.106501, 2.000000e+00, 1, 0.210790, 1.148521e-02 
2.425330e-01, 4.427553e-03, 8.456206e-06, 8.135453e-05, 6.415053e-06, 2.906602e-03, 1.397607e-03, 2.711818e-05, 1.345962e-01, 6.900173e-03, 9.232598e-01, -0.004415, 4.000000e+00, 1, 0.129114, 7.754370e-03 
2.471743e-01, 4.641291e-03, 1.137214e-05, 9.914172e-05, 8.164613e-06, 3.361779e-03, 1.135464e-03, 2.536862e-05, 1.318710e-01, 3.564316e-03, 9.904081e-01, -0.000532, 4.000000e+00, 0, 0.138737, 6.798686e-03 
2.518474e-01, 4.673074e-03, 9.039393e-06, 8.339569e-05, 6.706646e-06, 3.164662e-03, 1.383902e-03, 2.536862e-05, 1.317588e-01, 3.177907e-03, 9.712270e-01, -0.067812, 8.000000e+00, 1, 0.138210, 5.927701e-03 
2.561280e-01, 4.280590e-03, 1.078895e-05, 9.651738e-05, 7.581426e-06, 3.101678e-03, 1.041571e-03, 2.245268e-05, 1.018365e-01, 6.899271e-03, 9.182356e-01, -0.133561, 8.000000e+00, 0, 0.128058, 4.249519e-02 
2.615519e-01, 5.423927e-03, 1.370489e-05, 1.032240e-04, 8.456206e-06, 3.657163e-03, 1.634089e-03, 7.289833e-06, 1.893387e-01, 1.626971e-02, 9.903326e-01, 0.052690, 4.000000e+00, 0, 0.191326, 1.510236e-02 
2.668088e-01, 5.256844e-03, 1.049736e-05, 9.826694e-05, 7.873019e-06, 3.510783e-03, 1.601722e-03, 2.770136e-05, 1.893387e-01, 1.626971e-02, 1.325301e+00, -0.000067, 8.000000e+00, 1, 0.373260, 3.589151e-02 
2.716988e-01, 4.890020e-03, 1.078895e-05, 9.885013e-05, 7.581426e-06, 3.458297e-03, 1.291467e-03, 2.303587e-05, 1.899524e-01, 1.586724e-02, 1.252287e+00, -0.001106, 8.504816e+00, 0, 0.006734, 4.213499e-03 
2.758015e-01, 4.102718e-03, 9.914172e-06, 8.193772e-05, 6.998239e-06, 2.992331e-03, 1.005997e-03, 5.540273e-06, 1.892914e-01, 1.629479e-02, 9.892604e-01, 0.052891, 4.252408e+00, 0, 0.191200, 1.512864e-02 
2.801235e-01, 4.321996e-03, 9.039393e-06, 8.047975e-05, 6.998239e-06, 2.888232e-03, 1.331707e-03, 5.540273e-06, 1.892914e-01, 1.629479e-02, -6.128392e-02, -0.338174, 2.126204e+00, 1, 0.191301, 1.510706e-02 
2.846750e-01, 4.551480e-03, 8.747799e-06, 8.077135e-05, 6.415053e-06, 3.012159e-03, 1.419768e-03, 2.361906e-05, 1.892914e-01, 1.629479e-02, 9.657364e-01, -0.000524, 4.252408e+00, 1, 0.187383, 1.746295e-02 
2.892276e-01, 4.552646e-03, 8.747799e-06, 7.989657e-05, 6.415053e-06, 3.413391e-03, 1.038072e-03, 6.123459e-06, 1.890392e-01, 1.648816e-02, -6.104466e-02, -0.337595, 2.126204e+00, 1, 0.191425, 1.507814e-02 
2.934636e-01, 4.235976e-03, 1.108055e-05, 8.485365e-05, 6.706646e-06, 3.030821e-03, 1.081520e-03, 2.099472e-05, 1.890392e-01, 1.648816e-02, 7.752795e-01, -0.174814, 2.126204e+00, 1, 0.186654, 1.789882e-02 
2.975418e-01, 4.078224e-03, 8.747799e-06, 8.047975e-05, 6.415053e-06, 2.956173e-03, 1.020868e-03, 5.540273e-06, 8.939791e-02, 5.385435e-03, -6.422019e-02, 0.073447, 1.063102e+00, 1, 0.085707, 2.790038e-02 
3.021962e-01, 4.654412e-03, 9.039393e-06, 8.047975e-05, 6.415053e-06, 3.247183e-03, 1.282427e-03, 2.886774e-05, 8.939791e-02, 5.385435e-03, 1.179567e+00, -0.003130, 1.063102e+00, 0, 0.051124, 1.640391e-02 
3.069087e-01, 4.712439e-03, 1.195533e-05, 9.389304e-05, 7.873019e-06, 3.455964e-03, 1.117969e-03, 2.478543e-05, 8.764515e-02, 6.081047e-03, 1.186671e+00, -0.000413, 2.126204e+00, 1, 0.047895, 1.814147e-02 
3.120130e-01, 5.104341e-03, 1.020577e-05, 9.185189e-05, 7.289833e-06, 3.449549e-03, 1.520659e-03, 2.478543e-05, 8.740034e-02, 6.277962e-03, 1.201840e+00, -0.000330, 4.252408e+00, 1, 0.127998, 5.861650e-03 
3.172873e-01, 5.274340e-03, 1.108055e-05, 1.000165e-04, 7.873019e-06, 3.477833e-03, 1.651293e-03, 2.624340e-05, 9.233901e-02, 4.820507e-03, 8.188943e-01, -0.066717, 8.504816e+00, 1, 0.057077, 1.448066e-02 
3.220546e-01, 4.767259e-03, 1.283011e-05, 9.885013e-05, 7.873019e-06, 3.340785e-03, 1.285635e-03, 2.128631e-05, 1.089610e-01, 4.975381e-03, 1.205365e+00, -0.000370, 8.504816e+00, 0, 0.002442, 5.592444e-04 
3.259103e-01, 3.855738e-03, 8.747799e-06, 7.435629e-05, 6.123459e-06, 2.815917e-03, 9.307658e-04, 1.982834e-05, 1.120356e-01, 4.215387e-03, 8.989946e+00, -0.000075, 1.700963e+01, 1, 0.002884, 1.956002e-03 
3.303143e-01, 4.403934e-03, 8.164613e-06, 7.435629e-05, 6.123459e-06, 2.901062e-03, 1.392650e-03, 2.157790e-05, 1.118188e-01, 4.503133e-03, 1.115424e+00, -0.000112, 1.700963e+01, 0, 0.002309, 7.241500e-04 
3.344068e-01, 4.092512e-03, 9.330986e-06, 8.047975e-05, 6.415053e-06, 2.745643e-03, 1.230815e-03, 1.982834e-05, 1.117563e-01, 4.579613e-03, 1.288697e+00, -0.000179, 1.700963e+01, 0, 0.001966, 1.045699e-03 
3.382436e-01, 3.836785e-03, 8.164613e-06, 7.318992e-05, 6.123459e-06, 2.801920e-03, 9.275583e-04, 1.982834e-05, 1.116410e-01, 4.616607e-03, 2.263771e+00, -0.000436, 3.401926e+01, 1, 0.001735, 9.339507e-04 
3.428085e-01, 4.564893e-03, 8.164613e-06, 7.377311e-05, 5.831866e-06, 3.016824e-03, 1.451843e-03, 8.456206e-06, 1.181301e-01, 3.794928e-03, 3.705560e-02, -6.355663, 1.700963e+01, 1, 0.235513, 8.091667e-03 
3.472232e-01, 4.414723e-03, 9.622579e-06, 8.018816e-05, 6.706646e-06, 3.263804e-03, 1.047986e-03, 6.415053e-06, 1.181301e-01, 3.794928e-03, 1.239775e+00, 0.009468, 8.504816e+00, 0, 0.232596, 5.708874e-03 
3.512186e-01, 3.995411e-03, 9.914172e-06, 9.039393e-05, 6.706646e-06, 2.883858e-03, 9.820863e-04, 2.245268e-05, 1.181301e-01, 3.794928e-03, 1.121189e+00, -0.001104, 8.504816e+00, 0, 0.003664, 2.252656e-03 
3.549516e-01, 3.732978e-03, 8.164613e-06, 7.377311e-05, 6.123459e-06, 2.695489e-03, 9.322238e-04, 1.720401e-05, 1.131422e-01, 4.266829e-03, 2.783351e-01, -0.806696, 8.504816e+00, 1, 0.224535, 9.696162e-03 
3.588980e-01, 3.946424e-03, 8.456206e-06, 7.435629e-05, 6.123459e-06, 2.748267e-03, 1.103972e-03, 5.248680e-06, 2.483889e-01, 5.679013e-04, -4.269600e-01, 0.000000, 4.252408e+00, 1, 0.248281, 6.046522e-04 
3.635233e-01, 4.625253e-03, 9.039393e-06, 8.018816e-05, 6.415053e-06, 3.385690e-03, 1.118552e-03, 2.536862e-05, 2.483889e-01, 5.679013e-04, 3.828879e+00, -0.022576, 8.504816e+00, 1, 0.248281, 6.046522e-04 
3.682856e-01, 4.762302e-03, 1.049736e-05, 9.214348e-05, 6.998239e-06, 3.329121e-03, 1.300506e-03, 2.303587e-05, 1.707035e-01, 1.907952e-02, 9.983240e-01, -0.012821, 1.700963e+01, 1, 0.179565, 1.600707e-02 
3.733482e-01, 5.062643e-03, 9.622579e-06, 8.951915e-05, 6.998239e-06, 3.332620e-03, 1.601139e-03, 2.274428e-05, 2.467003e-01, 1.160680e-02, 2.069776e-01, -0.723450, 1.700963e+01, 1, 0.322015, 1.467143e-02 
3.773812e-01, 4.033027e-03, 1.078895e-05, 9.301826e-05, 7.289833e-06, 2.985041e-03, 9.316406e-04, 5.248680e-06, 1.741400e-01, 6.547917e-03, 6.993316e-02, -2.421177, 8.504816e+00, 1, 0.169321, 2.691637e-02 
3.812273e-01, 3.846116e-03, 8.456206e-06, 7.406470e-05, 5.831866e-06, 2.719982e-03, 1.016203e-03, 2.157790e-05, 1.741400e-01, 6.547917e-03, 1.272712e+00, -0.002206, 8.504816e+00, 0, 0.176003, 1.484286e-02 
3.855248e-01, 4.297502e-03, 8.456206e-06, 7.348151e-05, 6.123459e-06, 2.929638e-03, 1.259975e-03, 1.982834e-05, 1.727364e-01, 6.198853e-03, 1.151563e+00, -0.008509, 1.700963e+01, 1, 0.173196, 1.605862e-02 
3.896798e-01, 4.154913e-03, 8.164613e-06, 7.348151e-05, 5.831866e-06, 2.851783e-03, 1.207779e-03, 7.873019e-06, 2.064017e-01, 1.078945e-02, 1.263618e+00, 0.000297, 8.504816e+00, 0, 0.249407, 2.563592e-04 
3.953203e-01, 5.640581e-03, 1.195533e-05, 1.131382e-04, 7.289833e-06, 4.402767e-03, 1.076562e-03, 2.886774e-05, 2.064017e-01, 1.078945e-02, 1.254279e+00, -0.000809, 8.504816e+00, 0, 0.001548, 1.324441e-03 
3.994630e-01, 4.142666e-03, 9.622579e-06, 8.339569e-05, 7.289833e-06, 3.024989e-03, 9.954995e-04, 2.186950e-05, 2.216611e-01, 8.148200e-03, 1.264241e+00, -0.000000, 8.504816e+00, 0, 0.193659, 1.617747e-02 
4.036666e-01, 4.203609e-03, 8.164613e-06, 7.406470e-05, 6.415053e-06, 3.070478e-03, 1.024950e-03, 1.953675e-05, 2.216611e-01, 8.148195e-03, 2.882817e-01, -1.489766, 8.504816e+00, 1, 0.442788, 1.665392e-02 
4.082846e-01, 4.617963e-03, 1.137214e-05, 1.743728e-04, 9.330986e-06, 3.062313e-03, 1.338996e-03, 2.157790e-05, 2.055692e-01, 1.052983e-02, 8.689299e+01, -0.000055, 1.700963e+01, 1, 0.013316, 8.870503e-03 
4.122984e-01, 4.013782e-03, 9.039393e-06, 8.047975e-05, 6.706646e-06, 2.914184e-03, 9.978323e-04, 5.540273e-06, 2.032379e-01, 1.200871e-02, 1.262598e+00, 0.001000, 8.504816e+00, 0, 0.248012, 9.049717e-04 
4.162978e-01, 3.999494e-03, 8.747799e-06, 8.047975e-05, 6.706646e-06, 2.882983e-03, 9.992903e-04, 2.128631e-05, 2.032379e-01, 1.200871e-02, 1.233703e+00, -0.004831, 8.504816e+00, 0, 0.008565, 6.142022e-03 
4.205837e-01, 4.285838e-03, 8.456206e-06, 8.047975e-05, 6.415053e-06, 3.141626e-03, 1.026992e-03, 2.186950e-05, 2.214843e-01, 9.520210e-03, 1.260303e+00, -0.000715, 8.504816e+00, 0, 0.191343, 2.070548e-02 
4.250054e-01, 4.421721e-03, 8.747799e-06, 8.077135e-05, 6.415053e-06, 2.971044e-03, 1.349202e-03, 5.540273e-06, 2.200715e-01, 1.001586e-02, 1.246221e-01, -0.039104, 4.252408e+00, 1, 0.249701, 1.746319e-03 
4.290285e-01, 4.023113e-03, 8.747799e-06, 8.077135e-05, 6.415053e-06, 2.896980e-03, 1.008621e-03, 2.157790e-05, 2.200715e-01, 1.001586e-02, 8.120065e-01, -0.063788, 8.504816e+00, 1, 0.437538, 2.200794e-02 
4.330467e-01, 4.018156e-03, 8.747799e-06, 7.989657e-05, 6.123459e-06, 2.908643e-03, 1.009204e-03, 5.540273e-06, 1.941735e-01, 1.926624e-02, 1.102914e+00, 0.038694, 4.252408e+00, 0, 0.197905, 1.761584e-02 
4.374801e-01, 4.433385e-03, 9.039393e-06, 8.077135e-05, 6.706646e-06, 3.251557e-03, 1.080353e-03, 4.957086e-06, 1.941735e-01, 1.926624e-02, -5.909056e-03, -0.386773, 2.126204e+00, 1, 0.193047, 1.898611e-02 
4.411958e-01, 3.715774e-03, 8.747799e-06, 7.552267e-05, 6.415053e-06, 2.677118e-03, 9.263919e-04, 2.157790e-05, 1.941735e-01, 1.926624e-02, 8.494333e-01, -0.163270, 4.252408e+00, 1, 0.195300, 1.958657e-02 
4.453866e-01, 4.190779e-03, 1.195533e-05, 1.067232e-04, 8.164613e-06, 3.015366e-03, 1.025825e-03, 2.274428e-05, 8.339169e-02, 1.235402e-02, 1.265925e+00, -0.003242, 4.252408e+00, 0, 0.056613, 2.561470e-02 
4.499576e-01, 4.571017e-03, 9.330986e-06, 7.931338e-05, 6.706646e-06, 3.075726e-03, 1.393816e-03, 6.123459e-06, 8.133944e-02, 1.184531e-02, -2.203667e-01, 0.002704, 2.126204e+00, 1, 0.110170, 6.736398e-03 
4.539659e-01, 4.008242e-03, 9.622579e-06, 8.106294e-05, 6.706646e-06, 2.942176e-03, 9.479698e-04, 2.070312e-05, 8.133944e-02, 1.184531e-02, 1.033887e+00, -0.045415, 3.194604e+00, 0, 0.052509, 2.457419e-02 
4.584013e-01, 4.435426e-03, 8.164613e-06, 7.406470e-05, 6.123459e-06, 2.958506e-03, 1.369905e-03, 1.866197e-05, 9.033705e-02, 9.423599e-03, 4.718906e-01, -0.351409, 3.194604e+00, 1, 0.170279, 2.621692e-02 
4.621658e-01, 3.764470e-03, 9.039393e-06, 8.018816e-05, 6.123459e-06, 2.726981e-03, 9.226012e-04, 1.953675e-05, 1.531559e-01, 2.752832e-02, 1.259985e+00, -0.001487, 3.194604e+00, 0, 0.156491, 2.581467e-02 
4.664685e-01, 4.302751e-03, 8.164613e-06, 7.377311e-05, 5.831866e-06, 3.162621e-03, 1.030491e-03, 2.186950e-05, 1.522192e-01, 2.768321e-02, 1.245020e+00, -0.002412, 3.194604e+00, 0, 0.004453, 3.695674e-03 
4.706371e-01, 4.168618e-03, 9.039393e-06, 8.135453e-05, 6.706646e-06, 2.943926e-03, 1.110096e-03, 1.749560e-05, 1.929144e-01, 1.994096e-02, 4.123708e-01, -0.279015, 3.194604e+00, 1, 0.193760, 1.935899e-02 
4.748667e-01, 4.229561e-03, 1.457967e-05, 8.018816e-05, 6.415053e-06, 3.062896e-03, 1.044196e-03, 2.128631e-05, 4.579876e-02, 1.445652e-02, 1.265479e+00, -0.000102, 3.194604e+00, 0, 0.012895, 8.547287e-03 
4.793978e-01, 4.531068e-03, 8.747799e-06, 7.960497e-05, 6.706646e-06, 2.997288e-03, 1.414811e-03, 2.391065e-05, 4.573398e-02, 1.446737e-02, 7.933374e-01, -0.017894, 3.194604e+00, 0, 0.078471, 3.266945e-02 
4.835206e-01, 4.122838e-03, 9.622579e-06, 8.485365e-05, 6.998239e-06, 3.024697e-03, 9.756712e-04, 2.099472e-05, 5.178351e-02, 1.522517e-02, 1.119862e+00, -0.029162, 3.194604e+00, 0, 0.039292, 2.050618e-02 
4.874210e-01, 3.900352e-03, 9.039393e-06, 8.018816e-05, 6.706646e-06, 2.769262e-03, 1.013578e-03, 2.157790e-05, 5.043296e-02, 1.945257e-02, 1.239584e+00, -0.007066, 3.194604e+00, 0, 0.012788, 9.298784e-03 
4.916823e-01, 4.261345e-03, 8.747799e-06, 8.018816e-05, 6.123459e-06, 3.130546e-03, 1.030199e-03, 5.540273e-06, 7.016287e-02, 2.112863e-02, -1.026010e+00, 0.000000, 1.597302e+00, 1, 0.002143, 1.475784e-03 
4.977276e-01, 6.045312e-03, 8.747799e-06, 8.106294e-05, 6.415053e-06, 4.221979e-03, 1.692699e-03, 3.440801e-05, 7.016287e-02, 2.112863e-02, 1.252583e+00, -0.002119, 1.597302e+00, 0, 0.004028, 3.173885e-03 
5.027311e-01, 5.003450e-03, 1.399648e-05, 1.148878e-04, 1.428807e-05, 3.890438e-03, 9.497194e-04, 2.011994e-05, 8.770230e-02, 1.755687e-02, 1.257906e+00, -0.000360, 1.597302e+00, 0, 0.000859, 4.871436e-04 
5.064763e-01, 3.745224e-03, 8.164613e-06, 7.493948e-05, 6.415053e-06, 2.701904e-03, 9.360145e-04, 1.778719e-05, 1.007789e-01, 1.278913e-02, 7.438857e-01, -0.260736, 1.597302e+00, 1, 0.201160, 2.565138e-02 
5.104831e-01, 4.006784e-03, 8.164613e-06, 7.552267e-05, 6.123459e-06, 2.823498e-03, 1.073355e-03, 2.011994e-05, 3.800003e-03, 4.743754e-03, 1.085904e+00, -0.004703, 3.194604e+00, 1, 0.007203, 9.534501e-03 
5.146461e-01, 4.163078e-03, 8.456206e-06, 7.464789e-05, 6.123459e-06, 2.755848e-03, 1.298173e-03, 1.982834e-05, 2.305077e-03, 1.802421e-03, 1.251587e+00, -0.002420, 3.194604e+00, 0, 0.004582, 3.621288e-03 
5.183736e-01, 3.727437e-03, 8.456206e-06, 7.493948e-05, 6.415053e-06, 2.682658e-03, 9.351397e-04, 1.982834e-05, 8.212575e-04, 6.163638e-04, 1.290674e+00, -0.000302, 6.389208e+00, 1, 0.000751, 9.882961e-04 
5.226568e-01, 4.283214e-03, 8.164613e-06, 7.523107e-05, 5.831866e-06, 2.689657e-03, 1.481586e-03, 2.274428e-05, 6.360810e-04, 3.695070e-04, 1.264248e+00, -0.000000, 6.389208e+00, 0, 0.000910, 5.471169e-04 
5.266933e-01, 4.036526e-03, 9.622579e-06, 8.106294e-05, 6.415053e-06, 2.750600e-03, 1.183869e-03, 4.957086e-06, 3.940241e-03, 5.664729e-03, NaN, 0.000000, 3.194604e+00, 1, 0.000910, 5.470687e-04 
5.308873e-01, 4.193987e-03, 8.456206e-06, 7.552267e-05, 6.123459e-06, 2.785591e-03, 1.301089e-03, 1.720401e-05, 3.940241e-03, 5.664729e-03, 7.403582e-01, -0.007600, 3.194604e+00, 1, 0.006970, 1.118905e-02 
5.346267e-01, 3.739393e-03, 8.456206e-06, 7.523107e-05, 6.123459e-06, 2.694905e-03, 9.348481e-04, 1.982834e-05, 4.212314e-02, 1.273780e-02, 1.264175e+00, -0.000000, 3.194604e+00, 0, 0.000000, 1.637326e-07 
5.387936e-01, 4.166868e-03, 1.020577e-05, 7.523107e-05, 5.831866e-06, 3.076893e-03, 9.780040e-04, 2.070312e-05, 4.314946e-02, 1.329241e-02, 1.264243e+00, -0.000499, 3.194604e+00, 0, 0.082969, 2.487133e-02 
5.425166e-01, 3.723063e-03, 8.456206e-06, 7.523107e-05, 6.123459e-06, 2.844493e-03, 7.686400e-04, 2.011994e-05, 4.283419e-02, 1.326122e-02, 8.733548e-01, -0.000153, 6.389208e+00, 1, 0.082338, 2.480892e-02 
5.467217e-01, 4.205067e-03, 8.164613e-06, 7.552267e-05, 6.123459e-06, 2.825831e-03, 1.269597e-03, 1.982834e-05, 4.111582e-02, 1.238401e-02, 1.268023e+00, -0.000012, 6.389208e+00, 0, 0.000027, 1.736287e-05 
5.504655e-01, 3.743766e-03, 8.164613e-06, 7.435629e-05, 6.123459e-06, 2.692573e-03, 9.424296e-04, 2.011994e-05, 5.778347e-02, 1.307413e-02, 1.024423e+00, -0.000001, 6.389208e+00, 0, 0.000012, 6.871481e-06 
5.545268e-01, 4.061312e-03, 8.456206e-06, 7.552267e-05, 5.831866e-06, 3.016533e-03, 9.351397e-04, 1.982834e-05, 6.359533e-02, 1.289102e-02, 1.264526e+00, -0.000000, 6.389208e+00, 0, 0.127179, 2.578392e-02 
5.582621e-01, 3.735310e-03, 8.456206e-06, 7.348151e-05, 6.123459e-06, 2.701904e-03, 9.255172e-04, 1.982834e-05, 6.359532e-02, 1.289102e-02, 1.264007e+00, -0.000111, 6.389208e+00, 0, 0.127179, 2.578394e-02 
5.621196e-01, 3.857488e-03, 8.164613e-06, 7.406470e-05, 5.831866e-06, 2.769553e-03, 9.940416e-04, 5.831866e-06, 6.352531e-02, 1.289444e-02, -2.549419e-01, 0.000000, 3.194604e+00, 1, 0.000012, 7.346551e-06 
5.659896e-01, 3.870026e-03, 8.164613e-06, 7.318992e-05, 6.123459e-06, 2.829038e-03, 9.336818e-04, 1.982834e-05, 6.352531e-02, 1.289444e-02, 1.263710e+00, -0.000006, 3.194604e+00, 0, 0.000012, 1.033271e-05 
5.700748e-01, 4.085222e-03, 8.164613e-06, 7.377311e-05, 6.123459e-06, 3.039860e-03, 9.371809e-04, 2.011994e-05, 8.085648e-02, 1.119374e-02, 1.263921e+00, -0.000002, 3.194604e+00, 0, 0.000004, 3.795188e-06 
5.740449e-01, 3.970043e-03, 8.164613e-06, 7.464789e-05, 6.123459e-06, 2.861988e-03, 9.992903e-04, 1.982834e-05, 9.498164e-02, 8.630018e-03, 1.000348e+00, -0.000000, 6.389208e+00, 1, 0.000044, 5.816686e-05 
5.778723e-01, 3.827454e-03, 7.873019e-06, 7.318992e-05, 6.123459e-06, 2.754099e-03, 9.666318e-04, 1.953675e-05, 9.498161e-02, 8.630026e-03, 1.287502e+00, -0.000017, 6.389208e+00, 0, 0.000044, 5.816684e-05 
5.820334e-01, 4.161036e-03, 8.164613e-06, 7.377311e-05, 5.831866e-06, 2.724065e-03, 1.327041e-03, 2.216109e-05, 9.497069e-02, 8.625601e-03, 2.011851e+00, -0.000000, 1.277842e+01, 1, 0.000022, 2.441580e-05 
5.858139e-01, 3.780507e-03, 9.330986e-06, 7.960497e-05, 6.415053e-06, 2.737478e-03, 9.284331e-04, 1.924516e-05, 9.506251e-02, 8.605677e-03, 1.291686e+00, -0.000008, 1.277842e+01, 0, 0.000022, 2.441653e-05 
5.895113e-01, 3.697403e-03, 8.164613e-06, 7.348151e-05, 6.123459e-06, 2.663705e-03, 9.261003e-04, 1.982834e-05, 9.505750e-02, 8.603694e-03, 1.264047e+00, -0.000001, 1.277842e+01, 0, 0.000002, 1.393280e-06 
5.935472e-01, 4.035943e-03, 8.164613e-06, 7.377311e-05, 6.123459e-06, 2.882108e-03, 1.045070e-03, 2.070312e-05, 1.054380e-01, 6.091579e-03, 1.264124e+00, -0.000000, 1.277842e+01, 0, 0.000001, 5.122641e-07 
5.975228e-01, 3.975583e-03, 8.747799e-06, 7.464789e-05, 5.831866e-06, 2.919141e-03, 9.473867e-04, 1.982834e-05, 1.125625e-01, 4.074526e-03, 1.665185e+00, -0.000012, 2.555683e+01, 1, 0.000033, 3.286209e-05 
6.017908e-01, 4.268051e-03, 8.456206e-06, 7.493948e-05, 5.831866e-06, 2.691115e-03, 9.368893e-04, 5.508198e-04, 1.250062e-01, 4.937854e-06, -0.000000e+00, -0.000000, 1.277842e+01, 0, 0.250000, 2.936030e-08 
6.070911e-01, 5.300292e-03, 1.108055e-05, 1.000165e-04, 8.164613e-06, 4.048190e-03, 1.110387e-03, 2.245268e-05, 1.250062e-01, 4.937854e-06, 3.446723e+03, -0.000008, 2.555683e+01, 1, 0.250000, 2.936030e-08 
6.119917e-01, 4.900517e-03, 9.622579e-06, 7.581426e-05, 7.289833e-06, 3.106927e-03, 1.695032e-03, 5.831866e-06, 1.114871e-01, 4.382882e-03, 1.236159e+00, 0.014879, 1.277842e+01, 0, 0.222974, 8.765855e-03 
6.160606e-01, 4.068893e-03, 8.747799e-06, 7.435629e-05, 6.123459e-06, 2.721732e-03, 1.237230e-03, 2.070312e-05, 1.114871e-01, 4.382882e-03, 1.264119e+00, -0.000000, 1.277842e+01, 0, 0.000000, 1.124097e-07 
6.198626e-01, 3.802085e-03, 8.456206e-06, 7.406470e-05, 5.831866e-06, 2.721440e-03, 9.724637e-04, 1.982834e-05, 1.115905e-01, 4.352573e-03, 1.264164e+00, -0.000000, 1.277842e+01, 0, 0.000000, 1.124333e-07 
6.236399e-01, 3.777300e-03, 8.164613e-06, 7.435629e-05, 6.123459e-06, 2.704236e-03, 9.782955e-04, 6.123459e-06, 1.116089e-01, 4.347207e-03, -2.846751e-01, 0.000000, 6.389208e+00, 1, 0.223218, 8.694482e-03 
6.280372e-01, 4.397227e-03, 1.078895e-05, 1.014745e-04, 7.873019e-06, 3.313666e-03, 9.418464e-04, 2.157790e-05, 1.116089e-01, 4.347207e-03, 1.264194e+00, -0.000000, 6.389208e+00, 0, 0.000000, 8.269419e-08 
6.317407e-01, 3.703527e-03, 8.164613e-06, 7.464789e-05, 5.831866e-06, 2.685866e-03, 9.243508e-04, 4.665493e-06, 1.166112e-01, 2.815039e-03, -4.227897e-02, 0.000000, 3.194604e+00, 1, 0.000000, 1.521056e-08 
6.352803e-01, 3.539651e-03, 8.164613e-06, 7.348151e-05, 5.831866e-06, 2.675077e-03, 7.572678e-04, 1.982834e-05, 1.166112e-01, 2.815039e-03, 9.357762e-01, -0.000153, 6.389208e+00, 1, 0.233222, 5.630090e-03 
6.394215e-01, 4.141208e-03, 8.164613e-06, 7.435629e-05, 5.831866e-06, 2.659914e-03, 1.387693e-03, 5.248680e-06, 1.165447e-01, 2.832025e-03, -7.177791e-02, 0.000000, 3.194604e+00, 1, 0.000021, 1.777553e-05 
6.432204e-01, 3.798878e-03, 8.456206e-06, 7.348151e-05, 5.831866e-06, 2.922348e-03, 7.686400e-04, 2.011994e-05, 1.165447e-01, 2.832025e-03, 1.000011e+00, -0.000155, 6.389208e+00, 1, 0.233069, 5.678576e-03 
6.469960e-01, 3.775550e-03, 8.456206e-06, 7.581426e-05, 6.123459e-06, 2.726397e-03, 9.386389e-04, 2.011994e-05, 1.211033e-01, 2.000571e-03, 1.264242e+00, -0.000000, 6.389208e+00, 0, 0.237560, 3.511343e-03 
6.523041e-01, 5.308165e-03, 1.137214e-05, 9.855854e-05, 8.164613e-06, 4.037693e-03, 1.130216e-03, 2.216109e-05, 1.211033e-01, 2.000565e-03, 1.244454e+00, -0.005045, 6.389208e+00, 0, 0.009293, 6.950660e-03 
6.570285e-01, 4.724395e-03, 9.622579e-06, 7.610585e-05, 6.706646e-06, 3.636460e-03, 9.654654e-04, 3.003411e-05, 1.218382e-01, 9.297413e-04, 1.254429e+00, -0.000787, 6.389208e+00, 0, 0.001508, 1.204146e-03 
6.608332e-01, 3.804709e-03, 8.747799e-06, 7.435629e-05, 6.415053e-06, 2.774802e-03, 9.348481e-04, 5.540273e-06, 1.208588e-01, 1.274309e-03, 3.324799e-02, -0.188268, 3.194604e+00, 1, 0.241197, 2.862509e-03 
6.645417e-01, 3.708484e-03, 8.164613e-06, 7.435629e-05, 7.581426e-06, 2.668954e-03, 9.298911e-04, 1.953675e-05, 1.208588e-01, 1.274309e-03, 1.258862e+00, -0.000267, 3.194604e+00, 0, 0.000520, 4.301582e-04 
6.682934e-01, 3.751639e-03, 8.164613e-06, 7.406470e-05, 6.123459e-06, 2.712984e-03, 9.304742e-04, 1.982834e-05, 1.224272e-01, 8.362744e-04, 2.276372e+00, -0.000000, 6.389208e+00, 1, 0.000185, 1.557142e-04 
6.725515e-01, 4.258137e-03, 7.873019e-06, 7.435629e-05, 6.123459e-06, 3.162621e-03, 9.858770e-04, 2.128631e-05, 1.224271e-01, 8.363148e-04, 1.465430e+01, -0.000004, 1.277842e+01, 1, 0.000185, 1.555774e-04 
6.763775e-01, 3.825996e-03, 8.456206e-06, 7.610585e-05, 6.123459e-06, 2.774510e-03, 9.406800e-04, 2.011994e-05, 1.223982e-01, 8.540507e-04, 1.261385e+00, -0.000158, 1.277842e+01, 0, 0.000312, 2.561474e-04 
6.801175e-01, 3.739976e-03, 8.164613e-06, 7.435629e-05, 6.123459e-06, 2.697821e-03, 9.336818e-04, 1.982834e-05, 1.234052e-01, 5.393026e-04, 1.262558e+00, -0.000057, 1.277842e+01, 0, 0.000113, 9.344028e-05 
6.841499e-01, 4.032444e-03, 8.747799e-06, 7.464789e-05, 6.123459e-06, 2.693739e-03, 1.244229e-03, 4.957086e-06, 1.240267e-01, 3.350147e-04, 3.552518e-02, -0.000467, 6.389208e+00, 1, 0.000017, 1.345251e-05 
6.881045e-01, 3.954588e-03, 8.164613e-06, 7.464789e-05, 5.831866e-06, 2.926430e-03, 9.345565e-04, 4.957086e-06, 1.240267e-01, 3.350147e-04, -7.132111e-02, 0.000000, 3.194604e+00, 1, 0.248037, 6.815384e-04 
6.921142e-01, 4.009700e-03, 8.456206e-06, 7.435629e-05, 5.831866e-06, 2.667496e-03, 1.232857e-03, 2.070312e-05, 1.240267e-01, 3.350147e-04, 1.264243e+00, -0.000000, 3.194604e+00, 0, 0.000041, 3.420466e-05 
6.958034e-01, 3.689239e-03, 8.164613e-06, 7.406470e-05, 5.831866e-06, 2.659914e-03, 9.214348e-04, 1.982834e-05, 1.240267e-01, 3.350148e-04, 1.263351e+00, -0.000008, 3.194604e+00, 0, 0.000017, 1.345251e-05 
6.998613e-01, 4.057812e-03, 8.164613e-06, 7.289833e-05, 6.123459e-06, 2.681784e-03, 1.269014e-03, 1.982834e-05, 1.242789e-01, 2.513557e-04, 1.264242e+00, -0.000000, 3.194604e+00, 0, 0.000014, 1.180915e-05 
7.037400e-01, 3.878774e-03, 8.164613e-06, 7.377311e-05, 5.831866e-06, 2.829621e-03, 9.412632e-04, 2.011994e-05, 1.242829e-01, 2.545013e-04, 1.260301e+00, -0.000004, 3.194604e+00, 0, 0.248552, 5.189155e-04 
7.075812e-01, 3.841159e-03, 8.456206e-06, 7.523107e-05, 6.123459e-06, 2.800754e-03, 9.307658e-04, 1.982834e-05, 1.242803e-01, 2.522640e-04, 1.263660e+00, -0.000007, 3.194604e+00, 0, 0.000014, 1.180912e-05 
7.113162e-01, 3.735019e-03, 8.456206e-06, 7.464789e-05, 5.831866e-06, 2.687324e-03, 9.389304e-04, 1.982834e-05, 1.245645e-01, 1.556456e-04, 1.261081e+00, -0.000003, 3.194604e+00, 0, 0.000007, 2.889847e-05 
7.159902e-01, 4.673949e-03, 8.456206e-06, 7.464789e-05, 6.123459e-06, 2.787340e-03, 1.791841e-03, 5.540273e-06, 1.245629e-01, 1.541431e-04, -1.190045e-01, 0.000038, 1.597302e+00, 1, 0.000005, 1.056828e-05 
7.210338e-01, 5.043689e-03, 1.108055e-05, 8.164613e-05, 6.123459e-06, 3.618673e-03, 1.299923e-03, 2.624340e-05, 1.245629e-01, 1.541431e-04, 1.505223e+00, -0.000000, 3.194604e+00, 1, 0.249122, 3.086572e-04 
7.259825e-01, 4.948630e-03, 1.603763e-05, 1.373404e-04, 1.166373e-05, 3.534694e-03, 1.222359e-03, 2.653499e-05, 2.435169e-01, 5.311340e-03, 2.525104e+00, -0.007209, 6.389208e+00, 1, 0.249121, 3.091646e-04 
7.299167e-01, 3.934177e-03, 1.078895e-05, 8.893596e-05, 6.415053e-06, 2.726397e-03, 1.083561e-03, 1.807879e-05, 1.729684e-01, 3.130139e-02, 2.147602e-01, -0.003391, 6.389208e+00, 1, 0.114674, 6.024810e-02 
7.337126e-01, 3.795962e-03, 9.039393e-06, 7.435629e-05, 6.123459e-06, 2.711818e-03, 9.742132e-04, 2.041153e-05, 1.726233e-01, 3.147037e-02, 1.237741e+02, -0.000002, 1.277842e+01, 1, 0.115020, 6.007996e-02 
7.377255e-01, 4.012907e-03, 1.049736e-05, 7.902179e-05, 6.415053e-06, 2.842743e-03, 1.069564e-03, 4.665493e-06, 1.724771e-01, 3.154929e-02, -1.594011e-01, -0.853294, 6.389208e+00, 1, 0.113951, 6.056960e-02 
7.415422e-01, 3.816665e-03, 8.164613e-06, 7.406470e-05, 5.831866e-06, 2.663996e-03, 1.060233e-03, 4.373900e-06, 1.724771e-01, 3.154929e-02, -2.506277e-01, -0.469312, 3.194604e+00, 1, 0.113951, 6.056960e-02 
7.453244e-01, 3.782257e-03, 7.873019e-06, 7.406470e-05, 5.831866e-06, 2.905436e-03, 7.718475e-04, 1.720401e-05, 1.724771e-01, 3.154929e-02, 2.133285e-01, -0.215733, 3.194604e+00, 1, 0.113951, 6.056960e-02 
7.493187e-01, 3.994245e-03, 8.456206e-06, 7.464789e-05, 6.123459e-06, 2.658456e-03, 1.226733e-03, 1.982834e-05, 1.157928e-01, 1.479570e-02, 9.939723e-01, -0.059957, 6.389208e+00, 1, 0.061830, 2.315287e-02 
7.535622e-01, 4.243557e-03, 8.747799e-06, 8.018816e-05, 6.415053e-06, 2.886191e-03, 1.242187e-03, 1.982834e-05, 2.180366e-01, 9.979994e-03, 7.412815e+00, -0.000046, 1.277842e+01, 1, 0.210732, 1.149761e-02 
7.575442e-01, 3.981998e-03, 8.164613e-06, 7.493948e-05, 5.831866e-06, 2.656415e-03, 1.231399e-03, 5.248680e-06, 2.116607e-01, 4.236317e-03, 3.688059e-02, -4.452801, 6.389208e+00, 1, 0.414222, 9.918938e-03 
7.617791e-01, 4.234810e-03, 8.164613e-06, 7.435629e-05, 5.831866e-06, 2.883858e-03, 1.243062e-03, 1.953675e-05, 2.116607e-01, 4.236317e-03, 1.230487e+00, -0.004218, 6.389208e+00, 0, 0.215798, 1.748531e-02 
7.654817e-01, 3.702652e-03, 8.456206e-06, 7.348151e-05, 6.123459e-06, 2.667496e-03, 9.275583e-04, 1.953675e-05, 2.194429e-01, 3.623297e-03, 1.685435e+01, -0.010532, 1.277842e+01, 1, 0.210339, 1.160133e-02 
7.694932e-01, 4.011449e-03, 8.164613e-06, 7.348151e-05, 5.831866e-06, 2.670120e-03, 1.234023e-03, 1.982834e-05, 1.306885e-01, 1.053317e-02, 1.165973e+00, -0.022384, 1.277842e+01, 0, 0.033099, 2.602684e-02 
7.733938e-01, 3.900644e-03, 8.164613e-06, 7.348151e-05, 5.831866e-06, 2.710651e-03, 1.074521e-03, 2.799296e-05, 1.387256e-01, 9.188535e-03, 1.285865e+00, -0.000214, 1.277842e+01, 0, 0.038343, 1.580612e-02 
7.772285e-01, 3.834744e-03, 9.622579e-06, 7.610585e-05, 6.123459e-06, 2.782675e-03, 9.406800e-04, 1.953675e-05, 1.366154e-01, 1.026886e-02, 1.259304e+00, -0.000227, 1.277842e+01, 0, 0.038068, 1.598349e-02 
7.812680e-01, 4.039442e-03, 8.456206e-06, 7.377311e-05, 5.831866e-06, 2.695780e-03, 1.250352e-03, 5.248680e-06, 1.395610e-01, 9.451722e-03, 1.252467e+00, 0.004535, 6.389208e+00, 0, 0.241340, 3.431903e-03 
7.850272e-01, 3.759221e-03, 8.164613e-06, 7.523107e-05, 6.123459e-06, 2.713567e-03, 9.365977e-04, 1.953675e-05, 1.395610e-01, 9.451722e-03, 1.255998e+00, -0.000579, 6.389208e+00, 0, 0.038740, 1.556752e-02 
7.891775e-01, 4.150248e-03, 8.164613e-06, 7.435629e-05, 6.123459e-06, 2.680909e-03, 1.360283e-03, 2.041153e-05, 1.418190e-01, 8.778028e-03, 4.462667e+00, -0.062667, 1.277842e+01, 1, 0.283212, 1.785132e-02 
7.929690e-01, 3.791588e-03, 8.747799e-06, 7.377311e-05, 6.123459e-06, 2.745351e-03, 9.377641e-04, 1.982834e-05, 5.402745e-03, 2.746970e-03, 1.239270e+00, -0.003600, 1.277842e+01, 0, 0.010060, 5.096451e-03 
7.967151e-01, 3.746099e-03, 8.164613e-06, 7.464789e-05, 5.831866e-06, 2.705403e-03, 9.325154e-04, 1.953675e-05, 2.867746e-03, 1.051717e-03, 1.261597e+00, -0.000070, 1.277842e+01, 0, 0.000138, 1.232598e-04 
8.004904e-01, 3.775259e-03, 8.456206e-06, 7.523107e-05, 6.123459e-06, 2.728439e-03, 9.371809e-04, 1.982834e-05, 4.700620e-03, 2.224048e-03, 1.222267e+00, -0.004721, 1.277842e+01, 0, 0.008619, 4.903036e-03 
8.047200e-01, 4.229561e-03, 8.164613e-06, 7.464789e-05, 6.123459e-06, 2.886482e-03, 1.248894e-03, 5.248680e-06, 2.796607e-03, 1.288100e-03, -8.644595e-02, 0.020808, 6.389208e+00, 1, 0.002849, 1.560345e-03 
8.084553e-01, 3.735310e-03, 8.456206e-06, 7.523107e-05, 6.123459e-06, 2.692864e-03, 9.325154e-04, 2.011994e-05, 2.796607e-03, 1.288100e-03, 1.250153e+00, -0.001458, 6.389208e+00, 0, 0.002745, 3.051505e-03 
8.122095e-01, 3.754264e-03, 8.456206e-06, 7.406470e-05, 5.831866e-06, 2.714442e-03, 9.316406e-04, 1.982834e-05, 1.811101e-03, 7.259369e-04, 1.269493e+00, -0.000421, 6.389208e+00, 0, 0.003582, 1.463050e-03 
8.162516e-01, 4.042066e-03, 8.164613e-06, 7.435629e-05, 5.831866e-06, 2.707735e-03, 1.241313e-03, 4.665493e-06, 1.538087e-03, 7.283012e-04, -9.639718e-02, 0.003472, 3.194604e+00, 1, 0.000417, 4.830772e-04 
8.200257e-01, 3.774092e-03, 8.164613e-06, 7.348151e-05, 5.831866e-06, 2.741269e-03, 9.400968e-04, 5.248680e-06, 1.538087e-03, 7.283012e-04, -2.175600e-01, 0.000000, 1.597302e+00, 1, 0.003047, 1.473804e-03 
8.237558e-01, 3.730062e-03, 8.164613e-06, 7.406470e-05, 6.123459e-06, 2.686158e-03, 9.354313e-04, 2.011994e-05, 1.538087e-03, 7.283012e-04, 1.295325e+00, -0.000007, 1.597302e+00, 0, 0.002689, 1.666328e-03 
8.275159e-01, 3.760096e-03, 8.164613e-06, 7.493948e-05, 6.123459e-06, 2.717066e-03, 9.339734e-04, 1.982834e-05, 1.533276e-03, 7.309707e-04, 1.277414e+00, -0.000165, 1.597302e+00, 0, 0.003047, 1.473804e-03 
8.315754e-01, 4.059562e-03, 8.456206e-06, 7.523107e-05, 5.831866e-06, 2.704236e-03, 1.246270e-03, 1.953675e-05, 1.427591e-03, 7.799529e-04, 1.257856e+00, -0.000091, 1.597302e+00, 0, 0.000176, 1.949900e-04 
8.356638e-01, 4.088430e-03, 8.164613e-06, 7.493948e-05, 6.123459e-06, 2.747392e-03, 1.231982e-03, 1.982834e-05, 1.364073e-03, 8.199543e-04, 1.259676e+00, -0.001441, 3.194604e+00, 1, 0.002721, 1.644588e-03 
8.396461e-01, 3.982290e-03, 8.164613e-06, 7.318992e-05, 5.831866e-06, 2.664871e-03, 1.225275e-03, 4.957086e-06, 4.539498e-04, 2.886961e-04, -9.537735e-01, 0.000001, 1.597302e+00, 1, 0.000001, 1.127527e-06 
8.433380e-01, 3.691863e-03, 8.164613e-06, 7.493948e-05, 5.831866e-06, 2.659039e-03, 9.240592e-04, 1.982834e-05, 4.539498e-04, 2.886961e-04, 1.263461e+00, -0.000001, 1.597302e+00, 0, 0.000001, 1.127527e-06 
8.471095e-01, 3.771468e-03, 8.164613e-06, 7.377311e-05, 5.831866e-06, 2.730771e-03, 9.330986e-04, 1.982834e-05, 1.124190e-03, 7.148216e-04, 1.268952e+00, -0.000000, 1.597302e+00, 0, 0.002241, 1.434698e-03 
8.510845e-01, 3.975000e-03, 1.049736e-05, 8.427047e-05, 6.706646e-06, 2.869278e-03, 9.823779e-04, 2.186950e-05, 1.128957e-03, 7.115110e-04, 1.263363e+00, -0.000008, 1.597302e+00, 0, 0.000015, 1.877555e-05 
8.550732e-01, 3.988705e-03, 9.039393e-06, 7.552267e-05, 6.415053e-06, 2.838952e-03, 1.036906e-03, 2.186950e-05, 2.734282e-03, 1.643636e-03, 1.242000e+00, -0.002990, 1.597302e+00, 0, 0.005463, 3.291252e-03 
8.588140e-01, 3.740851e-03, 8.747799e-06, 8.164613e-05, 6.706646e-06, 2.692573e-03, 9.310574e-04, 2.011994e-05, 8.850471e-04, 5.587730e-04, 1.237831e+00, -0.000881, 1.597302e+00, 0, 0.001768, 1.118707e-03 
8.633763e-01, 4.562269e-03, 8.164613e-06, 7.464789e-05, 6.123459e-06, 3.055606e-03, 1.395857e-03, 2.186950e-05, 3.417634e-04, 1.870130e-04, 1.488235e+00, -0.000001, 3.194604e+00, 1, 0.000005, 4.421741e-06 
8.671139e-01, 3.737643e-03, 8.747799e-06, 7.493948e-05, 6.123459e-06, 2.701029e-03, 9.269751e-04, 1.982834e-05, 3.183668e-04, 2.008227e-04, 1.286918e+00, -0.000000, 3.194604e+00, 0, 0.000019, 1.830868e-05 
8.708577e-01, 3.743766e-03, 8.164613e-06, 7.348151e-05, 5.831866e-06, 2.709485e-03, 9.269751e-04, 1.982834e-05, 3.180700e-04, 2.010270e-04, 1.258332e+00, -0.000317, 3.194604e+00, 0, 0.000618, 4.149478e-04 
8.745752e-01, 3.717523e-03, 8.164613e-06, 7.318992e-05, 5.831866e-06, 2.688782e-03, 9.217264e-04, 1.982834e-05, 1.364403e-04, 5.869621e-05, 1.260870e+00, -0.000111, 3.194604e+00, 0, 0.000219, 1.499780e-04 
8.788080e-01, 4.232768e-03, 8.164613e-06, 7.318992e-05, 5.540273e-06, 3.146583e-03, 9.782955e-04, 2.099472e-05, 1.153743e-04, 5.483726e-05, 1.277476e+00, -0.000002, 3.194604e+00, 0, 0.000105, 3.861087e-05 
8.825652e-01, 3.757180e-03, 8.747799e-06, 7.464789e-05, 6.123459e-06, 2.713859e-03, 9.336818e-04, 2.011994e-05, 8.677359e-05, 2.662253e-05, 1.270519e+00, -0.000001, 3.194604e+00, 0, 0.000103, 3.970451e-05 
8.862757e-01, 3.710525e-03, 8.164613e-06, 7.464789e-05, 6.123459e-06, 2.678285e-03, 9.234760e-04, 1.982834e-05, 8.633519e-05, 2.634722e-05, 1.073083e+00, -0.000015, 3.194604e+00, 0, 0.000102, 4.016891e-05 
8.902734e-01, 3.997744e-03, 8.164613e-06, 7.377311e-05, 6.123459e-06, 2.673327e-03, 1.230815e-03, 5.540273e-06, 1.040578e-04, 6.012055e-05, -7.521443e-01, 0.000001, 1.597302e+00, 1, 0.000085, 2.004315e-05 
8.941248e-01, 3.851364e-03, 8.164613e-06, 7.435629e-05, 5.831866e-06, 2.819707e-03, 9.237676e-04, 1.953675e-05, 1.040578e-04, 6.012055e-05, 1.266814e+00, -0.000000, 1.597302e+00, 0, 0.000040, 3.411306e-05 
8.978205e-01, 3.695654e-03, 8.164613e-06, 7.318992e-05, 5.831866e-06, 2.662538e-03, 9.263919e-04, 1.953675e-05, 8.253117e-05, 3.974245e-05, 1.262754e+00, -0.000023, 1.597302e+00, 0, 0.000045, 3.166847e-05 
9.015132e-01, 3.692738e-03, 7.873019e-06, 7.348151e-05, 6.123459e-06, 2.655832e-03, 9.298911e-04, 1.953675e-05, 1.707857e-04, 1.335973e-04, 1.264234e+00, -0.000000, 2.000000e+00, 0, 0.000234, 1.788407e-04 
9.052167e-01, 3.703527e-03, 8.164613e-06, 7.289833e-05, 6.123459e-06, 2.665746e-03, 9.307658e-04, 1.982834e-05, 1.707857e-04, 1.335973e-04, 1.261234e+00, -0.000165, 2.000000e+00, 0, 0.000325, 2.764926e-04 
9.092299e-01, 4.013199e-03, 8.164613e-06, 7.406470e-05, 6.415053e-06, 2.963463e-03, 9.412632e-04, 1.982834e-05, 8.178569e-05, 3.852253e-05, 1.262470e+00, -0.000059, 2.000000e+00, 0, 0.000117, 1.008178e-04 
9.129746e-01, 3.744641e-03, 8.164613e-06, 7.464789e-05, 6.415053e-06, 2.699862e-03, 9.360145e-04, 1.953675e-05, 8.470632e-05, 3.086054e-05, 1.263424e+00, -0.000007, 2.000000e+00, 0, 0.000141, 7.814009e-05 
9.167323e-01, 3.757763e-03, 8.164613e-06, 7.435629e-05, 6.123459e-06, 2.715608e-03, 9.339734e-04, 1.953675e-05, 7.143207e-05, 3.839109e-05, 1.218628e+00, -0.000057, 2.000000e+00, 0, 0.000132, 8.407553e-05 
9.207528e-01, 4.020489e-03, 8.164613e-06, 7.435629e-05, 6.123459e-06, 2.689948e-03, 1.236647e-03, 5.248680e-06, 4.556393e-05, 1.098355e-05, -2.627439e+02, 0.000000, 1.000000e+00, 1, 0.000078, 2.136380e-05 
9.248905e-01, 4.137709e-03, 9.622579e-06, 7.727223e-05, 6.706646e-06, 3.104302e-03, 9.345565e-04, 5.248680e-06, 4.556393e-05, 1.098355e-05, -5.079239e-01, 0.000000, 5.000000e-01, 1, 0.000028, 2.492238e-05 
9.287305e-01, 3.839992e-03, 8.164613e-06, 7.377311e-05, 5.831866e-06, 2.674494e-03, 1.057901e-03, 1.982834e-05, 4.556393e-05, 1.098355e-05, 1.256101e+00, -0.000021, 1.000000e+00, 1, 0.000041, 3.590029e-05 
9.324457e-01, 3.715190e-03, 8.164613e-06, 7.464789e-05, 5.831866e-06, 2.682950e-03, 9.243508e-04, 1.924516e-05, 7.403915e-05, 4.070049e-05, 1.263537e+00, -0.000005, 1.054037e+00, 0, 0.000143, 8.464041e-05 
9.363379e-01, 3.892187e-03, 7.873019e-06, 7.435629e-05, 6.123459e-06, 2.689948e-03, 1.091142e-03, 2.274428e-05, 6.916330e-05, 4.395774e-05, 1.296610e+00, -0.000001, 1.182045e+00, 0, 0.000006, 4.824297e-06 
9.401041e-01, 3.766219e-03, 9.039393e-06, 7.639745e-05, 5.831866e-06, 2.730771e-03, 9.249340e-04, 1.924516e-05, 6.859670e-05, 4.434643e-05, 1.263681e+00, -0.000001, 1.182045e+00, 0, 0.000003, 2.325485e-06 
9.438044e-01, 3.700319e-03, 8.164613e-06, 7.289833e-05, 6.123459e-06, 2.667204e-03, 9.258087e-04, 2.011994e-05, 1.103828e-04, 7.462927e-05, 1.265415e+00, -0.000000, 1.981649e+00, 0, 0.000001, 5.341167e-07 
9.477902e-01, 3.985789e-03, 8.164613e-06, 7.348151e-05, 6.123459e-06, 2.650875e-03, 1.227608e-03, 1.953675e-05, 1.103808e-04, 7.463067e-05, 1.316270e+00, -0.000000, 1.981649e+00, 0, 0.000219, 1.503851e-04 
9.527759e-01, 4.985662e-03, 8.456206e-06, 7.348151e-05, 5.831866e-06, 3.388023e-03, 1.484210e-03, 2.566021e-05, 1.145288e-04, 7.175302e-05, 6.542408e+00, -0.000000, 3.963298e+00, 1, 0.000225, 1.462116e-04 
9.566634e-01, 3.887522e-03, 1.166373e-05, 9.564260e-05, 6.998239e-06, 2.820582e-03, 9.330986e-04, 1.953675e-05, 2.712106e-02, 5.035897e-02, 1.023201e+00, -0.047702, 3.963298e+00, 0, 0.054017, 1.006932e-01 
9.603626e-01, 3.699153e-03, 8.164613e-06, 7.377311e-05, 5.831866e-06, 2.667204e-03, 9.246424e-04, 1.953675e-05, 2.785696e-03, 7.611033e-03, 1.227140e+00, -0.002969, 3.963298e+00, 0, 0.005324, 1.526870e-02 
9.640576e-01, 3.695070e-03, 7.873019e-06, 7.377311e-05, 5.831866e-06, 2.664288e-03, 9.234760e-04, 1.982834e-05, 9.640432e-04, 2.478623e-03, 1.009622e+00, -0.000008, 3.963298e+00, 0, 0.000363, 8.715138e-05 
9.681831e-01, 4.125462e-03, 8.164613e-06, 7.406470e-05, 5.831866e-06, 2.777426e-03, 1.240438e-03, 1.953675e-05, 8.414895e-04, 2.044045e-03, 1.256349e+00, -0.000714, 3.963298e+00, 0, 0.001379, 4.139465e-03 
9.718922e-01, 3.709067e-03, 8.164613e-06, 7.464789e-05, 6.123459e-06, 2.675077e-03, 9.252256e-04, 1.982834e-05, 8.684576e-04, 7.814161e-04, 1.258226e+00, -0.000645, 3.963298e+00, 0, 0.001255, 1.030231e-03 
9.756534e-01, 3.761262e-03, 8.164613e-06, 7.377311e-05, 5.831866e-06, 2.728147e-03, 9.258087e-04, 1.953675e-05, 8.963525e-04, 1.918796e-03, 1.264531e+00, -0.000000, 3.963298e+00, 0, 0.001349, 3.855962e-03 
9.793776e-01, 3.724230e-03, 8.164613e-06, 7.377311e-05, 5.831866e-06, 2.693447e-03, 9.231844e-04, 1.982834e-05, 8.961952e-04, 1.918814e-03, 1.265190e+00, -0.000671, 3.963298e+00, 0, 0.001349, 3.909221e-03 
9.833602e-01, 3.982581e-03, 8.456206e-06, 7.377311e-05, 5.831866e-06, 2.945676e-03, 9.293079e-04, 1.953675e-05, 1.189957e-03, 9.383241e-04, 1.250186e+00, -0.000244, 3.963298e+00, 0, 0.000500, 1.513088e-03 
9.873758e-01, 4.015531e-03, 8.456206e-06, 7.289833e-05, 6.123459e-06, 2.679451e-03, 1.229066e-03, 1.953675e-05, 1.037139e-03, 7.412743e-04, 1.256485e+00, -0.000973, 3.963298e+00, 0, 0.001880, 1.525027e-03 
9.914324e-01, 4.056646e-03, 8.164613e-06, 7.406470e-05, 5.831866e-06, 2.724356e-03, 1.224692e-03, 1.953675e-05, 5.707648e-04, 7.457981e-04, 1.345377e+00, -0.000362, 7.926596e+00, 1, 0.000718, 1.480185e-03 
9.957147e-01, 4.282339e-03, 8.164613e-06, 7.435629e-05, 5.831866e-06, 2.661664e-03, 1.524741e-03, 7.581426e-06, 2.430637e-04, 2.883251e-04, -2.286869e-02, 0.008048, 3.963298e+00, 1, 0.000231, 5.759111e-04 
1.003134e+00, 7.419592e-03, 9.914172e-06, 2.389024e-03, 9.914172e-06, 3.682532e-03, 1.304005e-03, 2.420224e-05, 2.430637e-04, 2.883251e-04, 1.256241e+00, -0.000074, 3.963298e+00, 0, 0.000264, 5.752595e-04 
1.007255e+00, 4.120213e-03, 9.039393e-06, 7.406470e-05, 6.415053e-06, 2.776551e-03, 1.248894e-03, 5.248680e-06, 1.963510e-04, 1.109343e-04, -6.805659e-02, 0.002486, 1.981649e+00, 1, 0.000171, 2.170166e-04 
1.011221e+00, 3.966835e-03, 8.456206e-06, 7.493948e-05, 6.123459e-06, 2.920015e-03, 9.374725e-04, 1.982834e-05, 1.963510e-04, 1.109343e-04, 1.010363e+00, -0.000005, 1.981649e+00, 0, 0.000222, 5.357713e-05 
1.015232e+00, 4.010866e-03, 8.164613e-06, 7.318992e-05, 5.831866e-06, 2.683825e-03, 1.234898e-03, 4.957086e-06, 2.042576e-04, 1.091203e-04, -3.699619e-01, 0.000357, 9.908245e-01, 1, 0.000151, 2.009537e-04 
1.019039e+00, 3.806459e-03, 7.873019e-06, 7.435629e-05, 5.831866e-06, 2.729897e-03, 9.680898e-04, 2.041153e-05, 2.042576e-04, 1.091203e-04, 1.002525e+00, -0.000000, 1.981649e+00, 1, 0.000259, 7.867750e-05 
1.022829e+00, 3.789838e-03, 8.747799e-06, 7.581426e-05, 6.415053e-06, 2.741269e-03, 9.374725e-04, 2.011994e-05, 2.521522e-04, 2.771081e-04, 1.256126e+00, -0.000072, 1.981649e+00, 0, 0.000246, 5.750810e-04 
1.026980e+00, 4.151414e-03, 8.164613e-06, 7.552267e-05, 6.123459e-06, 3.093805e-03, 9.476782e-04, 2.011994e-05, 2.071517e-04, 1.175693e-04, 1.263559e+00, -0.000025, 3.963298e+00, 1, 0.000156, 2.054220e-04 
1.030720e+00, 3.739684e-03, 8.747799e-06, 7.377311e-05, 5.831866e-06, 2.693156e-03, 9.389304e-04, 1.924516e-05, 1.916457e-04, 8.301409e-05, 1.162572e+01, -0.000000, 7.926596e+00, 1, 0.000125, 1.107302e-04 
1.034575e+00, 3.855738e-03, 8.456206e-06, 7.523107e-05, 5.831866e-06, 2.821457e-03, 9.398052e-04, 4.957086e-06, 6.810620e-04, 5.848809e-04, -4.245350e-02, 0.000004, 3.963298e+00, 1, 0.000125, 1.065191e-04 
1.038377e+00, 3.801210e-03, 9.914172e-06, 7.435629e-05, 6.123459e-06, 2.779467e-03, 9.263919e-04, 4.957086e-06, 6.810620e-04, 5.848809e-04, -8.032554e-02, 0.014029, 1.981649e+00, 1, 0.001237, 1.108887e-03 
1.042264e+00, 3.887814e-03, 8.164613e-06, 7.435629e-05, 5.831866e-06, 2.850325e-03, 9.293079e-04, 1.982834e-05, 6.810620e-04, 5.848809e-04, 1.257851e+00, -0.000636, 1.981649e+00, 0, 0.001237, 1.225882e-03 
1.046302e+00, 4.037693e-03, 8.164613e-06, 7.377311e-05, 5.831866e-06, 2.696655e-03, 1.233440e-03, 1.982834e-05, 3.023596e-04, 2.318837e-04, 1.246305e+00, -0.000174, 1.981649e+00, 0, 0.000465, 4.837820e-04 
1.051934e+00, 5.632125e-03, 1.166373e-05, 9.855854e-05, 7.581426e-06, 3.984331e-03, 1.507246e-03, 2.274428e-05, 2.279980e-04, 1.865387e-04, 1.261529e+00, -0.000093, 1.981649e+00, 0, 0.000183, 1.871582e-04 
1.056508e+00, 4.573349e-03, 9.622579e-06, 7.610585e-05, 6.415053e-06, 3.488039e-03, 9.733385e-04, 1.982834e-05, 3.637400e-04, 3.710302e-04, 1.258463e+00, -0.000075, 1.981649e+00, 0, 0.000661, 7.677927e-04 
1.060220e+00, 3.712274e-03, 8.747799e-06, 7.406470e-05, 6.123459e-06, 2.674785e-03, 9.287247e-04, 1.982834e-05, 3.164422e-04, 2.016552e-04, 1.156383e+00, -0.000018, 1.981649e+00, 0, 0.000058, 2.315895e-04 
1.064230e+00, 4.009991e-03, 8.164613e-06, 7.318992e-05, 6.123459e-06, 2.666329e-03, 1.236647e-03, 1.953675e-05, 3.351720e-04, 1.509184e-04, 1.259875e+00, -0.000060, 1.981649e+00, 0, 0.000633, 2.810920e-04 
1.068306e+00, 4.075891e-03, 7.873019e-06, 7.406470e-05, 5.831866e-06, 2.963754e-03, 1.001623e-03, 2.274428e-05, 3.138526e-04, 2.281633e-04, 1.260369e+00, -0.000034, 1.981649e+00, 0, 0.000108, 2.929121e-04 
1.072571e+00, 4.265718e-03, 9.039393e-06, 7.931338e-05, 6.706646e-06, 2.899021e-03, 1.251518e-03, 2.011994e-05, 2.927386e-04, 1.725970e-04, 1.300738e+00, -0.000017, 1.981649e+00, 0, 0.000066, 1.109755e-04 
1.076607e+00, 4.035068e-03, 8.456206e-06, 7.493948e-05, 6.123459e-06, 2.692864e-03, 1.247145e-03, 5.540273e-06, 2.826158e-04, 1.711989e-04, -4.780882e-01, 0.000062, 9.908245e-01, 1, 0.000044, 7.849703e-05 
1.080165e+00, 3.558896e-03, 7.873019e-06, 7.464789e-05, 6.123459e-06, 2.686158e-03, 7.642661e-04, 1.982834e-05, 2.826158e-04, 1.711989e-04, 1.081366e+00, -0.000000, 1.981649e+00, 1, 0.000541, 3.293710e-04 
1.084227e+00, 4.061312e-03, 8.164613e-06, 7.435629e-05, 5.831866e-06, 2.893189e-03, 1.059358e-03, 2.041153e-05, 3.427841e-03, 1.086321e-02, 1.263300e+00, -0.000017, 1.981649e+00, 0, 0.000033, 3.030950e-05 
1.087984e+00, 3.757180e-03, 8.747799e-06, 7.464789e-05, 6.123459e-06, 2.714150e-03, 9.336818e-04, 1.982834e-05, 6.802458e-03, 2.043518e-02, 1.205798e+00, -0.007881, 1.981649e+00, 0, 0.012735, 4.078639e-02 
1.092010e+00, 4.026320e-03, 7.873019e-06, 7.493948e-05, 6.123459e-06, 2.683242e-03, 1.234023e-03, 2.011994e-05, 2.051189e-03, 6.261636e-03, 8.332693e-01, -0.003242, 3.963298e+00, 1, 0.003232, 1.243624e-02 
1.095850e+00, 3.839701e-03, 8.164613e-06, 7.406470e-05, 5.831866e-06, 2.722898e-03, 1.023493e-03, 5.248680e-06, 1.174036e-02, 5.930023e-03, -1.547571e-01, 0.147349, 1.981649e+00, 1, 0.022950, 1.131105e-02 
1.099991e+00, 4.141208e-03, 9.039393e-06, 8.047975e-05, 6.415053e-06, 3.048316e-03, 9.774208e-04, 1.953675e-05, 1.174036e-02, 5.930023e-03, 1.125815e+00, -0.000309, 3.963298e+00, 1, 0.000531, 2.551073e-03 
1.103701e+00, 3.709650e-03, 8.747799e-06, 7.260673e-05, 5.831866e-06, 2.674785e-03, 9.278499e-04, 1.982834e-05, 7.048007e-02, 1.247561e-02, 1.262860e+00, -0.000092, 3.963298e+00, 0, 0.000183, 8.834165e-04 
1.107226e+00, 3.525363e-03, 8.456206e-06, 7.377311e-05, 6.123459e-06, 2.664288e-03, 7.555183e-04, 1.720401e-05, 7.042217e-02, 1.244041e-02, 3.356999e-01, -0.417170, 3.963298e+00, 1, 0.140777, 2.484577e-02 
1.110947e+00, 3.720439e-03, 8.164613e-06, 7.435629e-05, 5.831866e-06, 2.689657e-03, 9.228928e-04, 1.953675e-05, 3.736308e-04, 2.398559e-04, 1.295401e+00, -0.000004, 3.963298e+00, 0, 0.000742, 4.801857e-04 
1.115103e+00, 4.156079e-03, 8.164613e-06, 7.377311e-05, 5.831866e-06, 2.828747e-03, 1.234606e-03, 4.957086e-06, 3.713280e-04, 2.414474e-04, -5.670920e-02, 0.000134, 1.981649e+00, 1, 0.000010, 1.204364e-05 
1.118796e+00, 3.693612e-03, 8.164613e-06, 7.435629e-05, 5.831866e-06, 2.660789e-03, 9.246424e-04, 1.982834e-05, 3.713280e-04, 2.414474e-04, 1.263847e+00, -0.000005, 1.981649e+00, 0, 0.000010, 8.658708e-06 
1.122488e+00, 3.692154e-03, 7.873019e-06, 7.435629e-05, 5.831866e-06, 2.655832e-03, 9.287247e-04, 1.953675e-05, 3.707727e-04, 2.453414e-04, 1.266161e+00, -0.000004, 1.981649e+00, 0, 0.000011, 3.170574e-05 
1.126490e+00, 4.001535e-03, 8.456206e-06, 7.406470e-05, 6.123459e-06, 2.655249e-03, 1.237814e-03, 1.982834e-05, 3.683109e-04, 2.436743e-04, 1.263949e+00, -0.000001, 1.981649e+00, 0, 0.000733, 4.898991e-04 
1.131449e+00, 4.958836e-03, 8.164613e-06, 7.435629e-05, 5.831866e-06, 3.278092e-03, 1.566148e-03, 2.624340e-05, 3.703578e-04, 2.410586e-04, 1.263733e+00, -0.000005, 1.981649e+00, 0, 0.000010, 8.442751e-06 
1.135795e+00, 4.346198e-03, 9.622579e-06, 8.543684e-05, 6.998239e-06, 3.153873e-03, 1.066648e-03, 2.361906e-05, 9.350048e-04, 6.014769e-04, 1.267254e+00, -0.000001, 1.981649e+00, 0, 0.000004, 1.174994e-05 
1.140073e+00, 4.278257e-03, 9.914172e-06, 8.776959e-05, 6.998239e-06, 3.096138e-03, 1.054985e-03, 2.245268e-05, 9.340790e-04, 6.009978e-04, 1.268289e+00, -0.000001, 1.981649e+00, 0, 0.000002, 4.344665e-06 
1.144785e+00, 4.711856e-03, 9.039393e-06, 8.339569e-05, 6.706646e-06, 3.252432e-03, 1.338122e-03, 2.216109e-05, 9.337277e-04, 6.008248e-04, 1.773944e+00, -0.000000, 3.963298e+00, 1, 0.001864, 1.204132e-03 
1.148709e+00, 3.923388e-03, 9.622579e-06, 8.252091e-05, 6.706646e-06, 2.874235e-03, 9.301826e-04, 2.011994e-05, 1.005316e-03, 5.521770e-04, 1.262254e+00, -0.000074, 3.963298e+00, 0, 0.000147, 1.256480e-04 
1.152466e+00, 3.757471e-03, 7.873019e-06, 7.406470e-05, 5.831866e-06, 2.719108e-03, 9.301826e-04, 2.041153e-05, 2.352737e-03, 1.401791e-03, 1.247373e+00, -0.000008, 3.963298e+00, 0, 0.000018, 1.503521e-05 
1.156567e+00, 4.100677e-03, 8.164613e-06, 7.435629e-05, 6.123459e-06, 2.960838e-03, 1.031074e-03, 2.011994e-05, 2.336695e-03, 1.413189e-03, 1.631364e+00, -0.000000, 7.926596e+00, 1, 0.000007, 5.959771e-06 
1.160546e+00, 3.979082e-03, 8.164613e-06, 8.047975e-05, 7.873019e-06, 2.854990e-03, 9.998734e-04, 2.770136e-05, 2.336460e-03, 1.413077e-03, 1.403992e+00, -0.000000, 1.585319e+01, 1, 0.004652, 2.840770e-03 
1.164699e+00, 4.152872e-03, 1.049736e-05, 8.018816e-05, 6.706646e-06, 2.804836e-03, 1.231107e-03, 1.953675e-05, 2.358810e-03, 1.397687e-03, 1.258307e+00, -0.000028, 1.585319e+01, 0, 0.000057, 5.909585e-05 
1.168725e+00, 4.026029e-03, 8.164613e-06, 7.435629e-05, 5.831866e-06, 2.686449e-03, 1.231690e-03, 1.953675e-05, 5.323951e-03, 2.973354e-03, 1.265409e+00, -0.000002, 1.585319e+01, 0, 0.000004, 3.314690e-06 
1.172757e+00, 4.032152e-03, 8.164613e-06, 7.377311e-05, 5.831866e-06, 2.651166e-03, 1.273680e-03, 1.953675e-05, 5.316780e-03, 2.978150e-03, 1.283252e+00, -0.000000, 1.585319e+01, 0, 0.010624, 5.962475e-03 
1.176494e+00, 3.737060e-03, 8.164613e-06, 7.289833e-05, 5.831866e-06, 2.678868e-03, 9.520521e-04, 1.924516e-05, 5.539782e-03, 3.225753e-03, 1.257718e+00, -0.000229, 1.585319e+01, 0, 0.000447, 1.844968e-03 
1.180708e+00, 4.213815e-03, 8.164613e-06, 7.348151e-05, 5.831866e-06, 2.838369e-03, 1.268139e-03, 1.982834e-05, 5.395541e-03, 3.036828e-03, 1.257396e+00, -0.000084, 1.585319e+01, 0, 0.000167, 6.644124e-04 
1.184554e+00, 3.846407e-03, 8.164613e-06, 7.581426e-05, 6.123459e-06, 2.811834e-03, 9.246424e-04, 1.982834e-05, 1.107847e-02, 5.504004e-03, 1.263781e+00, -0.000029, 1.585319e+01, 0, 0.000061, 2.419398e-04 
1.188691e+00, 4.136543e-03, 8.164613e-06, 7.377311e-05, 5.831866e-06, 2.786174e-03, 1.242771e-03, 1.982834e-05, 1.106033e-02, 5.493683e-03, 1.274551e+00, -0.000000, 1.585319e+01, 0, 0.022096, 1.097878e-02 
1.192785e+00, 4.094845e-03, 7.873019e-06, 7.435629e-05, 6.123459e-06, 2.673036e-03, 1.327916e-03, 5.540273e-06, 3.280103e-02, 5.182006e-02, -2.010071e-02, 3.263483, 7.926596e+00, 1, 0.065598, 1.036410e-01 
1.196797e+00, 4.011158e-03, 8.164613e-06, 7.406470e-05, 5.831866e-06, 2.687032e-03, 1.231107e-03, 4.957086e-06, 3.280103e-02, 5.182006e-02, -9.653372e-02, 0.674182, 3.963298e+00, 1, 0.065598, 1.036410e-01 
1.200490e+00, 3.693321e-03, 8.164613e-06, 7.348151e-05, 5.831866e-06, 2.662830e-03, 9.231844e-04, 1.982834e-05, 3.280103e-02, 5.182006e-02, 1.289190e+00, -0.000001, 3.963298e+00, 0, 0.000004, 3.876020e-06 
1.205202e+00, 4.711856e-03, 8.164613e-06, 7.406470e-05, 5.831866e-06, 3.235811e-03, 1.367864e-03, 2.011994e-05, 3.280023e-02, 5.182023e-02, 1.259210e+00, -0.000000, 3.963298e+00, 0, 0.022096, 1.097880e-02 
1.208968e+00, 3.766511e-03, 8.747799e-06, 7.406470e-05, 6.123459e-06, 2.726981e-03, 9.307658e-04, 1.982834e-05, 4.729408e-02, 6.796184e-02, 1.264136e+00, -0.000000, 3.963298e+00, 0, 0.000001, 8.458940e-07 
1.213489e+00, 4.521154e-03, 8.456206e-06, 7.435629e-05, 6.123459e-06, 2.820582e-03, 1.589475e-03, 2.216109e-05, 7.099986e-02, 7.550488e-02, 1.263019e+00, -0.000000, 3.963298e+00, 0, 0.000000, 3.141119e-07 
1.218777e+00, 5.287170e-03, 9.914172e-06, 1.029324e-04, 6.998239e-06, 3.782257e-03, 1.357367e-03, 2.770136e-05, 8.918431e-02, 7.019928e-02, 1.293711e+00, -0.000000, 3.963298e+00, 0, 0.031981, 1.452576e-02 
1.223425e+00, 4.648872e-03, 1.428807e-05, 1.061400e-04, 7.581426e-06, 3.423889e-03, 1.090851e-03, 6.123459e-06, 8.918429e-02, 7.019928e-02, 1.513125e-02, -9.674502, 1.981649e+00, 1, 0.146387, 1.375571e-01 
1.227596e+00, 4.170367e-03, 1.020577e-05, 8.456206e-05, 6.998239e-06, 3.112175e-03, 9.354313e-04, 2.099472e-05, 8.918429e-02, 7.019928e-02, 1.157281e+00, -0.022160, 2.157486e+00, 0, 0.031981, 1.452582e-02 
1.231373e+00, 3.777591e-03, 8.164613e-06, 7.523107e-05, 5.831866e-06, 2.909518e-03, 7.587258e-04, 2.011994e-05, 3.770775e-02, 6.587015e-02, 8.563299e-01, -0.076862, 4.314972e+00, 1, 0.069080, 1.311420e-01 
1.236379e+00, 5.005782e-03, 1.312170e-05, 1.093475e-04, 1.516285e-05, 3.757471e-03, 1.087060e-03, 2.361906e-05, 1.693106e-03, 5.722144e-03, 1.296154e+00, -0.000010, 4.314972e+00, 0, 0.000151, 5.856951e-05 
1.240771e+00, 4.391395e-03, 9.914172e-06, 8.281250e-05, 6.706646e-06, 3.166703e-03, 1.102514e-03, 2.274428e-05, 1.686448e-03, 5.723188e-03, 1.239818e+00, -0.001789, 4.314972e+00, 0, 0.003236, 1.143836e-02 
1.245485e+00, 4.714481e-03, 9.622579e-06, 8.252091e-05, 6.998239e-06, 3.139877e-03, 1.451843e-03, 2.361906e-05, 5.773778e-04, 1.951888e-03, 1.266333e+00, -0.000000, 4.314972e+00, 0, 0.000126, 7.189743e-05 
1.250265e+00, 4.779797e-03, 9.914172e-06, 8.397887e-05, 6.706646e-06, 3.426221e-03, 1.248019e-03, 4.957086e-06, 7.128332e-02, 4.945529e-02, 3.636765e-02, -3.918456, 2.157486e+00, 1, 0.142542, 9.891666e-02 
1.254018e+00, 3.752806e-03, 8.164613e-06, 7.260673e-05, 6.123459e-06, 2.718816e-03, 9.266835e-04, 2.041153e-05, 7.128332e-02, 4.945529e-02, 1.286153e+00, -0.000002, 2.157486e+00, 0, 0.142441, 9.889532e-02 
1.258312e+00, 4.294003e-03, 9.039393e-06, 7.464789e-05, 6.123459e-06, 2.925556e-03, 1.248019e-03, 3.061730e-05, 7.128220e-02, 4.945556e-02, 1.263512e+00, -0.000011, 2.157486e+00, 0, 0.000023, 1.940548e-05 
1.263175e+00, 4.863485e-03, 1.108055e-05, 8.602003e-05, 1.020577e-05, 3.734144e-03, 1.002498e-03, 1.953675e-05, 8.457243e-02, 4.362847e-02, 7.094534e-01, -0.194948, 2.157486e+00, 1, 0.168835, 8.721177e-02 
1.266955e+00, 3.779632e-03, 9.039393e-06, 8.456206e-05, 6.415053e-06, 2.722315e-03, 9.368893e-04, 2.041153e-05, 1.555322e-02, 2.853238e-02, 1.260451e+00, -0.000138, 2.157486e+00, 0, 0.000578, 1.334986e-04 
1.271151e+00, 4.196611e-03, 8.164613e-06, 7.406470e-05, 5.831866e-06, 2.680617e-03, 1.409562e-03, 1.837038e-05, 2.837952e-02, 4.284924e-02, 3.760164e-01, -0.149837, 2.157486e+00, 1, 0.056355, 8.567570e-02 
1.275073e+00, 3.921055e-03, 8.747799e-06, 7.902179e-05, 6.706646e-06, 2.872486e-03, 9.345565e-04, 1.953675e-05, 3.385067e-03, 1.995377e-03, 1.237626e+00, -0.003737, 2.157486e+00, 0, 0.006756, 3.987607e-03 
1.279183e+00, 4.110591e-03, 8.164613e-06, 7.318992e-05, 5.831866e-06, 2.962880e-03, 1.038947e-03, 2.157790e-05, 1.074000e-03, 6.712666e-04, 1.242705e+00, -0.001090, 2.157486e+00, 0, 0.002132, 1.349948e-03 
1.284098e+00, 4.914805e-03, 1.224692e-05, 9.097711e-05, 6.706646e-06, 3.555689e-03, 1.223817e-03, 2.536862e-05, 4.091408e-04, 2.172964e-04, 1.274411e+00, -0.000002, 2.157486e+00, 0, 0.000778, 4.604203e-04 
1.289213e+00, 5.115421e-03, 1.020577e-05, 9.622579e-05, 6.998239e-06, 3.627712e-03, 1.353285e-03, 2.099472e-05, 4.077391e-04, 2.182041e-04, 1.351179e+00, -0.000000, 4.314972e+00, 1, 0.000773, 4.633325e-04 
1.294285e+00, 5.071682e-03, 8.456206e-06, 7.435629e-05, 6.415053e-06, 3.489206e-03, 1.462340e-03, 3.090889e-05, 8.942196e-02, 3.061038e-02, 1.264497e+00, -0.000000, 4.314972e+00, 0, 0.000081, 6.905139e-05 
1.299487e+00, 5.202025e-03, 1.341329e-05, 9.097711e-05, 9.039393e-06, 3.875275e-03, 1.190867e-03, 2.245268e-05, 1.166273e-01, 5.211513e-03, 1.262844e+00, -0.000020, 4.314972e+00, 0, 0.000773, 4.634821e-04 
1.303294e+00, 3.806751e-03, 1.108055e-05, 8.164613e-05, 6.415053e-06, 2.749725e-03, 9.380557e-04, 1.982834e-05, 1.199928e-01, 3.330157e-03, 1.269167e+00, -0.000000, 4.314972e+00, 0, 0.000749, 4.801224e-04 
1.308114e+00, 4.820037e-03, 8.747799e-06, 7.523107e-05, 6.123459e-06, 3.393854e-03, 1.315377e-03, 2.070312e-05, 1.199926e-01, 3.330290e-03, 1.266133e+00, -0.000000, 4.314972e+00, 0, 0.000029, 2.495944e-05 
1.312300e+00, 4.186405e-03, 8.747799e-06, 7.377311e-05, 6.123459e-06, 2.784133e-03, 1.291758e-03, 2.186950e-05, 1.199925e-01, 3.330343e-03, 1.045678e+00, -0.228773, 8.629944e+00, 1, 0.239237, 6.381618e-03 
1.316424e+00, 4.124004e-03, 8.747799e-06, 7.377311e-05, 5.831866e-06, 2.918557e-03, 1.095808e-03, 2.128631e-05, 3.812589e-04, 2.352963e-04, 1.263412e+00, -0.000015, 8.629944e+00, 0, 0.000029, 2.483022e-05 
1.321369e+00, 4.944548e-03, 8.747799e-06, 7.931338e-05, 6.706646e-06, 3.243101e-03, 1.578103e-03, 2.857614e-05, 9.456868e-04, 6.035730e-04, 1.449230e+00, -0.000000, 1.725989e+01, 1, 0.001881, 1.214575e-03 
1.325710e+00, 4.341533e-03, 1.078895e-05, 8.951915e-05, 7.289833e-06, 3.217441e-03, 9.949164e-04, 2.157790e-05, 7.428392e-02, 2.854904e-02, 1.253055e+00, -0.000987, 1.725989e+01, 0, 0.001881, 1.214539e-03 
1.330238e+00, 4.528152e-03, 9.039393e-06, 7.989657e-05, 6.706646e-06, 3.341951e-03, 1.077437e-03, 1.312170e-05, 1.125810e-01, 3.163406e-02, 3.830129e-02, -3.579722, 8.629944e+00, 1, 0.137145, 3.470147e-02 
1.334353e+00, 4.114382e-03, 8.456206e-06, 7.435629e-05, 5.831866e-06, 2.888815e-03, 1.115053e-03, 2.186950e-05, 1.125810e-01, 3.163406e-02, 1.264241e+00, -0.000000, 8.629944e+00, 0, 0.087373, 3.092980e-02 
1.338752e+00, 4.398977e-03, 9.330986e-06, 7.960497e-05, 6.415053e-06, 3.374026e-03, 9.100627e-04, 1.953675e-05, 9.699318e-02, 3.141078e-02, 2.080753e-01, -0.509286, 8.629944e+00, 1, 0.105970, 3.257316e-02 
1.343025e+00, 4.273008e-03, 9.330986e-06, 8.193772e-05, 6.415053e-06, 3.111884e-03, 1.057609e-03, 5.831866e-06, 1.241685e-01, 2.924912e-04, -3.533427e-02, 0.000000, 4.314972e+00, 1, 0.248337, 5.850020e-04 
1.347408e+00, 4.383522e-03, 1.283011e-05, 1.131382e-04, 7.581426e-06, 3.188864e-03, 1.038947e-03, 2.216109e-05, 1.241685e-01, 2.924912e-04, 3.939762e+00, -0.022389, 8.629944e+00, 1, 0.248337, 5.849943e-04 
1.352048e+00, 4.639250e-03, 1.108055e-05, 8.718640e-05, 6.998239e-06, 3.509325e-03, 1.019410e-03, 5.248680e-06, 8.011031e-02, 1.123315e-02, -9.306991e-02, 0.000000, 4.314972e+00, 1, 0.000090, 7.636477e-05 
1.356494e+00, 4.446798e-03, 9.039393e-06, 7.873019e-05, 6.415053e-06, 2.899604e-03, 1.420059e-03, 3.295004e-05, 8.011031e-02, 1.123315e-02, 1.261706e+00, -0.000120, 4.314972e+00, 0, 0.000238, 2.025899e-04 
1.361676e+00, 5.181321e-03, 1.137214e-05, 1.029324e-04, 9.039393e-06, 3.854280e-03, 1.197865e-03, 5.831866e-06, 9.470522e-02, 8.656542e-03, -2.024153e-01, 0.000000, 2.157486e+00, 1, 0.189357, 1.735017e-02 
1.366876e+00, 5.200567e-03, 1.137214e-05, 9.972491e-05, 7.581426e-06, 3.759221e-03, 1.289717e-03, 3.295004e-05, 9.470522e-02, 8.656542e-03, 8.054685e-01, -0.175853, 4.314972e+00, 1, 0.189324, 1.737285e-02 
1.371458e+00, 4.581514e-03, 1.837038e-05, 1.440471e-04, 9.622579e-06, 3.167578e-03, 1.215944e-03, 2.595180e-05, 2.641787e-02, 7.953878e-03, 1.264247e+00, -0.000000, 4.314972e+00, 0, 0.003101, 2.418048e-03 
1.375808e+00, 4.350572e-03, 1.574604e-05, 8.718640e-05, 6.706646e-06, 2.970753e-03, 1.250352e-03, 1.982834e-05, 2.641708e-02, 7.954427e-03, 2.823419e+00, -0.000001, 8.629944e+00, 1, 0.049733, 1.769553e-02 
1.380050e+00, 4.241516e-03, 8.164613e-06, 7.348151e-05, 5.831866e-06, 2.713276e-03, 1.411603e-03, 2.915933e-05, 2.641637e-02, 7.954573e-03, 1.264240e+00, -0.000000, 8.629944e+00, 0, 0.002051, 1.615513e-03 
1.384598e+00, 4.548272e-03, 9.622579e-06, 7.610585e-05, 6.415053e-06, 2.965796e-03, 1.482460e-03, 7.873019e-06, 2.606230e-02, 8.136788e-03, -3.138571e+00, 0.000000, 4.314972e+00, 1, 0.050073, 1.750107e-02 
1.389474e+00, 4.876023e-03, 1.253851e-05, 1.032240e-04, 1.049736e-05, 3.287423e-03, 1.439305e-03, 2.303587e-05, 2.606230e-02, 8.136788e-03, 1.360151e+00, -0.000153, 8.629944e+00, 1, 0.004445, 3.485371e-03 
1.393313e+00, 3.838826e-03, 9.330986e-06, 8.047975e-05, 6.415053e-06, 2.790548e-03, 9.325154e-04, 1.953675e-05, 2.596070e-02, 8.193233e-03, 1.264259e+00, -0.000000, 8.629944e+00, 0, 0.049735, 1.769802e-02 
1.398528e+00, 5.214563e-03, 8.456206e-06, 7.406470e-05, 5.831866e-06, 3.782548e-03, 1.320626e-03, 2.303587e-05, 2.596070e-02, 8.193233e-03, 1.251895e+00, -0.001152, 8.629944e+00, 0, 0.049871, 1.761975e-02 
1.403107e+00, 4.579764e-03, 9.622579e-06, 9.593420e-05, 7.873019e-06, 3.311917e-03, 1.147711e-03, 6.706646e-06, 2.456232e-02, 9.021278e-03, -7.720731e-02, 0.000000, 4.314972e+00, 1, 0.048381, 1.852939e-02 
1.406916e+00, 3.808209e-03, 1.283011e-05, 1.052652e-04, 7.581426e-06, 3.296462e-03, 3.799461e-04, 6.123459e-06, 2.456232e-02, 9.021278e-03, NaN, 0.000000, 2.157486e+00, 1, 0.048381, 1.852939e-02 
1.411952e+00, 5.036108e-03, 1.020577e-05, 9.010233e-05, 7.289833e-06, 3.732978e-03, 1.169872e-03, 2.566021e-05, 2.456232e-02, 9.021278e-03, 1.257680e+00, -0.000383, 2.157486e+00, 0, 0.000744, 6.088481e-04 
1.415958e+00, 4.005909e-03, 8.747799e-06, 7.464789e-05, 6.123459e-06, 2.952091e-03, 9.444707e-04, 1.982834e-05, 4.116755e-02, 1.220629e-02, 1.264242e+00, -0.000000, 2.157486e+00, 0, 0.082090, 2.457926e-02 
1.419617e+00, 3.659496e-03, 8.456206e-06, 7.493948e-05, 6.123459e-06, 2.776843e-03, 7.756382e-04, 1.749560e-05, 4.116755e-02, 1.220629e-02, 6.411660e-01, -0.101520, 2.157486e+00, 1, 0.082090, 2.457926e-02 
1.423656e+00, 4.038567e-03, 8.747799e-06, 7.493948e-05, 5.831866e-06, 2.839827e-03, 1.078312e-03, 3.090889e-05, 1.445775e-02, 7.162764e-03, 1.000000e+00, -0.000001, 4.314972e+00, 1, 0.004482, 2.744694e-03 
1.428272e+00, 4.616214e-03, 1.049736e-05, 1.000165e-04, 7.581426e-06, 3.281008e-03, 1.192617e-03, 2.449384e-05, 1.284424e-01, 3.052193e-02, 1.244928e+00, -0.002428, 4.314972e+00, 0, 0.004481, 2.744364e-03 
1.433151e+00, 4.879231e-03, 1.312170e-05, 1.102223e-04, 1.399648e-05, 3.592430e-03, 1.143921e-03, 5.540273e-06, 1.692226e-01, 2.573140e-02, -3.295743e-02, -0.462979, 2.157486e+00, 1, 0.170872, 2.516155e-02 
1.437401e+00, 4.249972e-03, 9.039393e-06, 7.581426e-05, 6.123459e-06, 3.136669e-03, 9.989987e-04, 2.332746e-05, 1.692226e-01, 2.573140e-02, 1.254619e+00, -0.000761, 2.157486e+00, 0, 0.001458, 9.523052e-04 
1.441855e+00, 4.453796e-03, 9.039393e-06, 8.106294e-05, 6.706646e-06, 3.378983e-03, 9.602168e-04, 1.778719e-05, 1.981154e-01, 1.876786e-02, 7.608513e-01, -0.157110, 2.157486e+00, 1, 0.197723, 1.882047e-02 
1.445694e+00, 3.838826e-03, 8.747799e-06, 7.552267e-05, 6.123459e-06, 2.788215e-03, 9.398052e-04, 2.041153e-05, 6.862922e-02, 2.199575e-02, 9.249088e-01, -0.006698, 4.314972e+00, 1, 0.078185, 1.832256e-02 
1.449740e+00, 4.046732e-03, 1.078895e-05, 7.610585e-05, 5.831866e-06, 2.873069e-03, 1.059650e-03, 2.128631e-05, 5.377491e-02, 1.314637e-02, 1.266928e+00, -0.000639, 4.314972e+00, 0, 0.073281, 1.110365e-02 
1.453329e+00, 3.588347e-03, 9.039393e-06, 8.106294e-05, 6.415053e-06, 2.992914e-03, 4.930843e-04, 5.831866e-06, 5.337039e-02, 1.300405e-02, NaN, 0.000000, 2.157486e+00, 1, 0.071990, 1.084163e-02 
1.457953e+00, 4.624378e-03, 1.020577e-05, 8.135453e-05, 6.415053e-06, 3.361196e-03, 1.159083e-03, 6.123459e-06, 5.337039e-02, 1.300405e-02, -7.269209e-01, 0.046890, 1.078743e+00, 1, 0.034269, 1.868985e-02 
1.462301e+00, 4.347656e-03, 1.603763e-05, 1.116802e-04, 7.289833e-06, 3.163204e-03, 1.010371e-03, 3.907350e-05, 5.337039e-02, 1.300405e-02, 1.125045e+00, -0.048891, 2.157486e+00, 1, 0.069019, 3.756063e-02 
1.466828e+00, 4.527278e-03, 1.020577e-05, 8.222931e-05, 6.706646e-06, 3.428846e-03, 9.782955e-04, 2.099472e-05, 6.003562e-02, 9.412774e-03, 1.145513e+00, -0.000000, 2.157486e+00, 0, 0.113133, 2.218371e-02 
1.470770e+00, 3.941467e-03, 8.456206e-06, 7.377311e-05, 6.123459e-06, 3.066104e-03, 7.820532e-04, 4.957086e-06, 6.003562e-02, 9.412739e-03, 5.510919e-02, -0.086308, 1.078743e+00, 1, 0.112995, 2.224783e-02 
1.474533e+00, 3.763886e-03, 8.456206e-06, 7.610585e-05, 6.123459e-06, 2.707152e-03, 9.450539e-04, 2.099472e-05, 6.003562e-02, 9.412739e-03, 1.266284e+00, -0.000068, 1.967836e+00, 0, 0.113133, 2.218369e-02 
1.478426e+00, 3.893062e-03, 1.108055e-05, 9.914172e-05, 7.873019e-06, 2.905436e-03, 8.648657e-04, 4.665493e-06, 5.999231e-02, 9.429098e-03, 1.899352e-01, -0.082594, 9.839182e-01, 1, 0.112995, 2.224783e-02 
1.482124e+00, 3.697112e-03, 8.747799e-06, 7.610585e-05, 6.415053e-06, 2.821748e-03, 7.604753e-04, 2.361906e-05, 5.999231e-02, 9.429098e-03, 1.252627e+00, -0.000000, 1.967836e+00, 1, 0.006939, 5.007964e-03 
1.485963e+00, 3.839701e-03, 8.164613e-06, 1.376320e-04, 6.415053e-06, 2.739228e-03, 9.284331e-04, 1.982834e-05, 5.999218e-02, 9.429151e-03, 8.227415e-01, -0.000000, 1.967836e+00, 0, 0.006939, 5.007892e-03 
1.489678e+00, 3.714607e-03, 8.164613e-06, 7.377311e-05, 5.831866e-06, 2.681784e-03, 9.252256e-04, 1.982834e-05, 5.999218e-02, 9.429151e-03, 1.238027e+00, -0.007739, 1.967836e+00, 0, 0.013928, 1.004862e-02 
1.493554e+00, 3.875858e-03, 8.164613e-06, 7.377311e-05, 6.123459e-06, 2.799879e-03, 9.677982e-04, 2.011994e-05, 7.909561e-02, 1.037715e-02, 1.264241e+00, -0.000000, 1.967836e+00, 0, 0.002165, 1.700207e-03 
1.497447e+00, 3.893645e-03, 8.456206e-06, 7.435629e-05, 6.123459e-06, 2.715025e-03, 1.079478e-03, 1.020577e-05, 7.909564e-02, 1.037716e-02, -6.269599e-02, 0.000000, 9.839182e-01, 1, 0.153845, 2.344736e-02 
1.501377e+00, 3.929220e-03, 1.224692e-05, 1.145962e-04, 9.914172e-06, 2.977459e-03, 7.945918e-04, 2.041153e-05, 7.909564e-02, 1.037716e-02, 1.258503e+00, -0.000009, 1.967836e+00, 1, 0.156027, 2.207092e-02 
1.505108e+00, 3.730936e-03, 8.164613e-06, 7.493948e-05, 6.123459e-06, 2.687907e-03, 9.336818e-04, 2.011994e-05, 7.909019e-02, 1.038018e-02, 1.252044e+00, -0.001144, 1.967836e+00, 0, 0.002171, 1.704982e-03 
1.508959e+00, 3.851364e-03, 8.164613e-06, 7.435629e-05, 5.831866e-06, 2.802503e-03, 9.406800e-04, 1.982834e-05, 9.465929e-02, 8.359209e-03, 1.258015e+00, -0.000380, 3.935673e+00, 1, 0.188583, 1.719961e-02 
1.513521e+00, 4.562560e-03, 8.164613e-06, 7.464789e-05, 6.123459e-06, 2.844784e-03, 1.623592e-03, 5.248680e-06, 9.418184e-02, 8.668036e-03, -4.171516e-01, 0.000000, 1.967836e+00, 1, 0.000520, 4.354320e-04 
1.517534e+00, 4.012324e-03, 8.747799e-06, 7.493948e-05, 6.123459e-06, 2.957048e-03, 9.450539e-04, 2.041153e-05, 9.418184e-02, 8.668036e-03, 1.260532e+00, -0.000132, 1.967836e+00, 0, 0.188104, 1.751218e-02 
1.521297e+00, 3.763595e-03, 8.456206e-06, 7.406470e-05, 5.831866e-06, 2.723481e-03, 9.319322e-04, 1.982834e-05, 9.401534e-02, 8.780328e-03, 3.972209e+00, -0.000000, 3.935673e+00, 1, 0.000093, 7.908531e-05 
1.525087e+00, 3.789838e-03, 8.164613e-06, 7.464789e-05, 6.123459e-06, 2.732521e-03, 9.634243e-04, 4.957086e-06, 9.401546e-02, 8.780308e-03, -4.529918e-02, 0.002035, 1.967836e+00, 1, 0.000093, 7.933597e-05 
1.528997e+00, 3.909683e-03, 8.164613e-06, 7.406470e-05, 5.831866e-06, 2.871028e-03, 9.310574e-04, 1.953675e-05, 9.401546e-02, 8.780308e-03, 1.264635e+00, -0.000000, 1.993882e+00, 0, 0.187938, 1.762501e-02 
1.532694e+00, 3.697403e-03, 8.456206e-06, 7.348151e-05, 5.831866e-06, 2.681200e-03, 9.237676e-04, 4.665493e-06, 9.401598e-02, 8.780688e-03, -8.327925e-01, 0.000000, 9.969411e-01, 1, 0.187937, 1.762521e-02 
1.536209e+00, 3.515157e-03, 8.164613e-06, 7.406470e-05, 6.123459e-06, 2.654082e-03, 7.531855e-04, 1.953675e-05, 9.401598e-02, 8.780688e-03, 9.724372e-01, -0.064453, 1.993882e+00, 1, 0.187937, 1.762521e-02 
1.540031e+00, 3.821039e-03, 7.873019e-06, 7.406470e-05, 5.831866e-06, 2.653207e-03, 1.063149e-03, 1.691241e-05, 6.295166e-02, 1.252561e-02, 5.972481e-01, -0.156748, 1.993882e+00, 1, 0.125262, 2.547559e-02 
1.544002e+00, 3.971209e-03, 8.164613e-06, 7.435629e-05, 6.123459e-06, 2.926430e-03, 9.363061e-04, 1.982834e-05, 2.400039e-02, 7.597162e-03, 1.264314e+00, -0.000006, 1.993882e+00, 0, 0.031644, 6.109148e-03 
1.547717e+00, 3.715190e-03, 8.164613e-06, 7.464789e-05, 5.831866e-06, 2.678576e-03, 9.281415e-04, 1.982834e-05, 2.407374e-02, 7.541034e-03, 1.187911e+00, -0.009449, 1.993882e+00, 0, 0.016511, 1.043340e-02 
1.551411e+00, 3.694487e-03, 8.164613e-06, 7.464789e-05, 6.123459e-06, 2.658165e-03, 9.275583e-04, 1.982834e-05, 2.686052e-02, 6.724771e-03, 1.167140e+00, -0.001780, 1.993882e+00, 0, 0.005287, 3.470708e-03 
1.554943e+00, 3.532070e-03, 8.164613e-06, 7.406470e-05, 6.123459e-06, 2.668079e-03, 7.587258e-04, 1.691241e-05, 3.965507e-02, 1.128401e-02, 4.370158e-01, -0.067199, 1.993882e+00, 1, 0.076101, 2.270724e-02 
1.558832e+00, 3.888397e-03, 8.164613e-06, 7.493948e-05, 5.831866e-06, 2.829330e-03, 9.500110e-04, 2.011994e-05, 4.432895e-02, 2.016715e-02, 1.089545e+00, -0.031422, 2.552561e+00, 0, 0.041916, 2.133135e-02 
1.562600e+00, 3.768260e-03, 8.164613e-06, 7.406470e-05, 6.415053e-06, 2.721440e-03, 9.383473e-04, 1.982834e-05, 9.573715e-03, 3.502706e-03, 1.239153e+00, -0.007251, 2.552561e+00, 0, 0.013102, 9.509999e-03 
1.566325e+00, 3.724813e-03, 8.456206e-06, 7.435629e-05, 6.123459e-06, 2.687907e-03, 9.278499e-04, 2.011994e-05, 1.055401e-02, 4.516404e-03, 1.232497e+00, -0.001487, 2.552561e+00, 0, 0.004661, 6.255940e-03 
1.570416e+00, 4.091346e-03, 8.164613e-06, 7.464789e-05, 6.123459e-06, 2.674494e-03, 1.322959e-03, 4.957086e-06, 9.637677e-03, 3.039785e-03, -3.159869e-01, 0.008822, 1.276280e+00, 1, 0.002828, 2.340440e-03 
1.574502e+00, 4.085514e-03, 8.456206e-06, 7.377311e-05, 5.831866e-06, 2.912434e-03, 1.065190e-03, 1.982834e-05, 9.637677e-03, 3.039785e-03, 1.151618e+00, -0.009389, 2.552561e+00, 1, 0.016448, 6.477867e-03 
1.578484e+00, 3.982290e-03, 8.164613e-06, 7.377311e-05, 6.123459e-06, 2.661081e-03, 1.228483e-03, 4.665493e-06, 4.103819e-03, 2.311553e-03, -7.493839e-01, 0.003302, 1.276280e+00, 1, 0.002573, 4.042237e-03 
1.582310e+00, 3.825413e-03, 8.164613e-06, 7.289833e-05, 5.831866e-06, 2.654665e-03, 1.064316e-03, 1.953675e-05, 4.103819e-03, 2.311553e-03, 1.251099e+00, -0.000000, 2.552561e+00, 1, 0.002091, 1.693575e-03 
1.586100e+00, 3.790130e-03, 8.164613e-06, 7.318992e-05, 5.831866e-06, 2.689073e-03, 9.934584e-04, 2.041153e-05, 4.148071e-02, 3.338224e-02, 1.256302e+00, -0.001083, 2.552561e+00, 0, 0.002090, 1.693354e-03 
1.589858e+00, 3.758055e-03, 8.456206e-06, 7.464789e-05, 6.123459e-06, 2.714150e-03, 9.351397e-04, 1.953675e-05, 6.428262e-02, 3.705346e-02, 1.264260e+00, -0.000000, 2.552561e+00, 0, 0.011840, 6.129580e-03 
1.593590e+00, 3.732394e-03, 8.456206e-06, 7.523107e-05, 6.123459e-06, 2.689657e-03, 9.333902e-04, 1.953675e-05, 1.076135e-01, 1.365548e-02, 1.264248e+00, -0.000000, 2.552561e+00, 0, 0.011840, 6.129604e-03 
1.597605e+00, 4.014948e-03, 8.164613e-06, 7.435629e-05, 5.831866e-06, 2.675369e-03, 1.246270e-03, 4.957086e-06, 1.176158e-01, 8.081444e-03, -3.806986e+00, 0.000000, 1.276280e+00, 1, 0.011840, 6.129619e-03 
1.601751e+00, 4.146457e-03, 8.164613e-06, 7.493948e-05, 6.123459e-06, 2.672744e-03, 1.364365e-03, 2.011994e-05, 1.176158e-01, 8.081444e-03, 1.259805e+00, -0.000373, 1.276280e+00, 0, 0.000730, 6.082735e-04 
1.605558e+00, 3.806459e-03, 9.914172e-06, 7.406470e-05, 5.831866e-06, 2.763138e-03, 9.336818e-04, 1.982834e-05, 1.226550e-01, 6.251064e-03, 1.201985e+00, -0.006329, 1.424039e+00, 0, 0.011605, 6.285613e-03 
1.609266e+00, 3.708192e-03, 8.456206e-06, 7.348151e-05, 6.123459e-06, 2.668954e-03, 9.313490e-04, 1.982834e-05, 1.116221e-01, 6.915022e-03, 1.621605e+00, -0.027379, 2.848077e+00, 1, 0.222210, 1.463951e-02 
1.613032e+00, 3.765636e-03, 8.164613e-06, 7.377311e-05, 6.123459e-06, 2.726981e-03, 9.304742e-04, 2.011994e-05, 8.942321e-02, 2.019455e-02, 1.258881e+00, -0.000530, 2.848077e+00, 0, 0.001034, 8.550023e-04 
1.616819e+00, 3.787214e-03, 8.164613e-06, 7.435629e-05, 6.123459e-06, 2.738353e-03, 9.421380e-04, 1.807879e-05, 1.028256e-01, 1.563315e-02, 3.755772e-01, -0.531817, 2.848077e+00, 1, 0.199925, 2.964338e-02 
1.620593e+00, 3.774384e-03, 8.747799e-06, 7.493948e-05, 5.831866e-06, 2.727855e-03, 9.371809e-04, 1.982834e-05, 2.956339e-03, 1.544605e-03, 1.259145e+00, -0.000092, 2.848077e+00, 0, 0.000186, 1.532124e-04 
1.624318e+00, 3.724813e-03, 8.164613e-06, 7.552267e-05, 5.831866e-06, 2.680617e-03, 9.351397e-04, 1.953675e-05, 6.507788e-03, 3.474442e-03, 1.264244e+00, -0.000000, 2.848077e+00, 0, 0.012945, 6.993281e-03 
1.628325e+00, 4.006784e-03, 8.456206e-06, 7.406470e-05, 6.123459e-06, 2.670412e-03, 1.242771e-03, 4.957086e-06, 6.507788e-03, 3.474442e-03, -1.494290e-01, 0.000447, 1.424039e+00, 1, 0.000070, 5.529869e-05 
1.632218e+00, 3.893062e-03, 8.456206e-06, 7.464789e-05, 6.123459e-06, 2.853824e-03, 9.301826e-04, 1.982834e-05, 6.507788e-03, 3.474442e-03, 1.264242e+00, -0.000000, 1.999986e+00, 0, 0.000070, 5.529869e-05 
1.635953e+00, 3.735310e-03, 8.164613e-06, 7.406470e-05, 6.123459e-06, 2.701904e-03, 9.252256e-04, 1.982834e-05, 6.508050e-03, 3.474565e-03, 1.262428e+00, -0.000067, 1.999986e+00, 0, 0.000133, 1.136108e-04 
1.639658e+00, 3.704985e-03, 8.456206e-06, 7.435629e-05, 6.123459e-06, 2.668954e-03, 9.275583e-04, 1.953675e-05, 1.355298e-02, 6.402457e-03, 1.234786e+00, -0.000010, 1.999986e+00, 0, 0.000029, 2.295734e-05 
1.643355e+00, 3.696528e-03, 8.164613e-06, 7.406470e-05, 6.123459e-06, 2.663413e-03, 9.252256e-04, 1.953675e-05, 2.388266e-02, 9.497524e-03, 1.269741e+00, -0.000003, 1.999986e+00, 0, 0.047746, 1.900873e-02 
1.647242e+00, 3.886939e-03, 8.164613e-06, 7.348151e-05, 5.831866e-06, 2.840994e-03, 9.383473e-04, 2.011994e-05, 2.388051e-02, 9.496493e-03, 1.271416e+00, -0.000001, 1.999986e+00, 0, 0.000013, 1.025897e-05 
1.650963e+00, 3.721314e-03, 8.456206e-06, 7.464789e-05, 6.123459e-06, 2.689073e-03, 9.234760e-04, 1.953675e-05, 2.387967e-02, 9.496101e-03, 1.273039e+00, -0.000001, 1.999986e+00, 0, 0.000011, 8.212408e-06 
1.654683e+00, 3.719856e-03, 8.164613e-06, 7.377311e-05, 5.831866e-06, 2.680326e-03, 9.319322e-04, 1.982834e-05, 2.387934e-02, 9.495950e-03, 1.215898e+00, -0.000004, 1.999986e+00, 0, 0.000010, 8.164762e-06 
1.658397e+00, 3.714316e-03, 8.164613e-06, 7.406470e-05, 6.123459e-06, 2.681492e-03, 9.246424e-04, 1.982834e-05, 3.799539e-02, 1.205132e-02, 1.263813e+00, -0.000004, 1.999986e+00, 0, 0.000008, 6.736760e-06 
1.663894e+00, 5.497117e-03, 8.164613e-06, 7.493948e-05, 6.123459e-06, 3.707317e-03, 1.677828e-03, 2.274428e-05, 5.614095e-02, 1.309280e-02, 6.724064e-01, -0.149687, 1.999986e+00, 1, 0.112279, 2.618762e-02 
1.668814e+00, 4.919179e-03, 1.108055e-05, 9.622579e-05, 7.873019e-06, 3.551023e-03, 1.226441e-03, 2.653499e-05, 5.890240e-03, 3.172162e-03, 1.264246e+00, -0.000000, 1.999986e+00, 0, 0.011629, 6.449313e-03 
1.674479e+00, 5.665658e-03, 1.108055e-05, 1.137214e-04, 9.330986e-06, 4.172117e-03, 1.336372e-03, 2.303587e-05, 5.890000e-03, 3.172047e-03, 5.860084e+01, -0.000000, 3.999972e+00, 1, 0.000076, 6.419991e-05 
1.678267e+00, 3.788089e-03, 9.622579e-06, 7.552267e-05, 6.706646e-06, 2.750891e-03, 9.255172e-04, 1.982834e-05, 5.890894e-03, 3.172475e-03, 1.261682e+00, -0.000038, 3.999972e+00, 0, 0.000076, 6.422976e-05 
1.682388e+00, 4.120213e-03, 8.164613e-06, 7.493948e-05, 5.831866e-06, 3.028196e-03, 9.809199e-04, 2.216109e-05, 1.239889e-02, 5.976505e-03, 1.275439e+00, -0.000000, 3.999972e+00, 0, 0.000028, 2.327388e-05 
1.686147e+00, 3.759804e-03, 1.049736e-05, 8.077135e-05, 6.706646e-06, 2.717650e-03, 9.246424e-04, 1.953675e-05, 1.239868e-02, 5.976414e-03, 1.266718e+00, -0.015690, 7.999943e+00, 1, 0.024769, 1.197200e-02 
1.690230e+00, 4.082306e-03, 7.873019e-06, 7.406470e-05, 5.831866e-06, 2.750891e-03, 1.238397e-03, 5.248680e-06, 1.095387e-01, 9.965306e-03, 5.494620e-02, -2.064718, 3.999972e+00, 1, 0.214182, 1.826233e-02 
1.694238e+00, 4.008242e-03, 8.164613e-06, 7.348151e-05, 5.831866e-06, 2.664871e-03, 1.238397e-03, 1.749560e-05, 1.095387e-01, 9.965306e-03, 3.425699e-01, -0.595645, 3.999972e+00, 1, 0.214182, 1.826233e-02 
1.698457e+00, 4.219064e-03, 8.164613e-06, 7.406470e-05, 5.831866e-06, 2.786174e-03, 1.323542e-03, 2.128631e-05, 1.017775e-02, 6.982754e-03, 1.264261e+00, -0.000001, 3.999972e+00, 0, 0.020265, 1.401679e-02 
1.702442e+00, 3.985206e-03, 8.164613e-06, 7.348151e-05, 6.123459e-06, 2.669245e-03, 1.223526e-03, 4.665493e-06, 1.023175e-02, 6.944370e-03, -6.548189e-01, 0.012956, 1.999986e+00, 1, 0.010242, 6.934419e-03 
1.706635e+00, 4.193112e-03, 8.164613e-06, 7.435629e-05, 6.123459e-06, 3.076893e-03, 1.006580e-03, 2.099472e-05, 1.023175e-02, 6.944370e-03, 1.207769e+00, -0.005541, 1.999986e+00, 0, 0.010241, 6.933978e-03 
1.710511e+00, 3.875275e-03, 8.456206e-06, 7.523107e-05, 6.415053e-06, 2.831371e-03, 9.345565e-04, 1.924516e-05, 3.383068e-03, 2.285307e-03, 1.259446e+00, -0.000216, 1.999986e+00, 0, 0.000512, 1.045869e-03 
1.714412e+00, 3.901227e-03, 8.164613e-06, 7.406470e-05, 6.123459e-06, 2.862863e-03, 9.304742e-04, 1.953675e-05, 7.921165e-03, 5.486074e-03, 1.235759e+00, -0.008738, 1.999986e+00, 0, 0.015602, 1.112481e-02 
1.718160e+00, 3.748140e-03, 8.164613e-06, 7.435629e-05, 6.123459e-06, 2.705111e-03, 9.348481e-04, 1.953675e-05, 2.850621e-03, 1.715055e-03, 1.253818e+00, -0.000291, 1.999986e+00, 0, 0.002961, 1.974107e-03 
1.722126e+00, 3.966252e-03, 2.595180e-05, 1.093475e-04, 6.415053e-06, 2.742727e-03, 1.061983e-03, 1.982834e-05, 2.668161e-03, 1.730590e-03, 1.219841e+00, -0.001347, 3.999972e+00, 1, 0.002596, 1.800906e-03 
1.725829e+00, 3.702943e-03, 8.164613e-06, 7.406470e-05, 6.123459e-06, 2.669245e-03, 9.258087e-04, 1.953675e-05, 1.395516e-03, 4.478330e-04, 1.326883e+00, -0.000054, 7.999943e+00, 1, 0.001108, 7.822613e-04 
1.729815e+00, 3.986372e-03, 8.456206e-06, 7.377311e-05, 6.123459e-06, 2.660497e-03, 1.232565e-03, 4.957086e-06, 1.359846e-03, 4.483970e-04, -2.126420e-02, 0.041389, 3.999972e+00, 1, 0.000882, 6.677106e-04 
1.733693e+00, 3.877316e-03, 8.164613e-06, 7.377311e-05, 6.123459e-06, 2.677118e-03, 1.091725e-03, 2.041153e-05, 1.359846e-03, 4.483970e-04, 1.263745e+00, -0.000020, 3.999972e+00, 0, 0.000882, 6.677106e-04 
1.737743e+00, 4.049939e-03, 9.039393e-06, 7.464789e-05, 6.123459e-06, 2.709777e-03, 1.245395e-03, 4.957086e-06, 1.347115e-03, 4.540549e-04, -1.844923e-01, 0.003687, 1.999986e+00, 1, 0.000857, 6.773227e-04 
1.741472e+00, 3.729187e-03, 8.456206e-06, 7.552267e-05, 6.123459e-06, 2.686449e-03, 9.330986e-04, 1.953675e-05, 1.347115e-03, 4.540549e-04, 1.270875e+00, -0.000007, 3.999972e+00, 1, 0.000857, 6.774209e-04 
1.745364e+00, 3.892187e-03, 8.164613e-06, 7.435629e-05, 6.123459e-06, 2.786174e-03, 9.960827e-04, 2.128631e-05, 1.342350e-03, 4.568198e-04, 1.257218e+00, -0.000868, 3.999972e+00, 0, 0.001683, 1.373193e-03 
1.749179e+00, 3.814915e-03, 8.456206e-06, 7.960497e-05, 6.415053e-06, 2.767804e-03, 9.325154e-04, 2.011994e-05, 1.660544e-03, 6.766446e-04, 1.260278e+00, -0.000151, 3.999972e+00, 0, 0.003017, 1.527939e-03 
1.753187e+00, 4.007658e-03, 8.164613e-06, 7.493948e-05, 6.123459e-06, 2.665163e-03, 1.233440e-03, 1.982834e-05, 1.478855e-03, 7.961960e-04, 1.250343e+00, -0.001457, 3.999972e+00, 0, 0.002746, 1.736521e-03 
1.756892e+00, 3.704985e-03, 8.456206e-06, 7.289833e-05, 5.831866e-06, 2.663705e-03, 9.307658e-04, 2.332746e-05, 7.975730e-04, 1.776729e-04, 1.267921e+00, -0.000004, 3.999972e+00, 0, 0.000345, 2.749674e-04 
1.760784e+00, 3.892479e-03, 8.164613e-06, 7.348151e-05, 5.831866e-06, 2.797546e-03, 9.861686e-04, 2.128631e-05, 7.948087e-04, 1.779481e-04, 1.264247e+00, -0.000000, 3.999972e+00, 0, 0.001251, 4.121879e-04 
1.764728e+00, 3.943799e-03, 8.747799e-06, 7.931338e-05, 6.415053e-06, 2.882108e-03, 9.470951e-04, 2.011994e-05, 1.847844e-03, 2.804588e-03, 1.244101e+00, -0.001147, 3.999972e+00, 0, 0.002445, 5.559480e-03 
1.768473e+00, 3.744641e-03, 8.164613e-06, 7.493948e-05, 6.123459e-06, 2.699862e-03, 9.357229e-04, 1.982834e-05, 1.134376e-03, 9.737958e-04, 1.045346e+00, -0.000132, 3.999972e+00, 0, 0.001250, 4.121919e-04 
1.772221e+00, 3.748140e-03, 8.164613e-06, 7.464789e-05, 6.123459e-06, 2.701612e-03, 9.377641e-04, 1.982834e-05, 1.062921e-03, 6.716655e-04, 1.268788e+00, -0.000497, 3.999972e+00, 0, 0.001049, 1.472389e-03 
1.776393e+00, 4.172700e-03, 8.164613e-06, 7.377311e-05, 5.831866e-06, 2.749725e-03, 1.315377e-03, 1.982834e-05, 1.952311e-03, 1.290572e-03, 1.260906e+00, -0.000212, 3.999972e+00, 0, 0.000418, 7.111312e-04 
1.780355e+00, 3.961587e-03, 8.164613e-06, 7.493948e-05, 5.831866e-06, 2.921182e-03, 9.319322e-04, 1.953675e-05, 6.747661e-03, 4.786432e-03, 1.238821e+00, -0.003697, 3.999972e+00, 0, 0.006734, 4.799457e-03 
1.784061e+00, 3.705859e-03, 8.747799e-06, 7.406470e-05, 6.123459e-06, 2.668954e-03, 9.284331e-04, 1.953675e-05, 2.283931e-03, 1.568949e-03, 1.254565e+00, -0.000000, 3.999972e+00, 0, 0.002154, 1.611294e-03 
1.787799e+00, 3.738226e-03, 8.164613e-06, 7.435629e-05, 6.123459e-06, 2.697530e-03, 9.325154e-04, 1.953675e-05, 2.283885e-03, 1.568916e-03, 1.255579e+00, -0.000166, 3.999972e+00, 0, 0.002414, 1.637209e-03 
1.791492e+00, 3.693029e-03, 8.164613e-06, 7.406470e-05, 6.123459e-06, 2.665454e-03, 9.193937e-04, 1.982834e-05, 2.179474e-03, 1.595587e-03, 1.252314e+00, -0.002203, 3.999972e+00, 0, 0.004184, 3.292355e-03 
1.795376e+00, 3.884314e-03, 8.164613e-06, 7.377311e-05, 5.831866e-06, 2.849158e-03, 9.278499e-04, 1.953675e-05, 9.824766e-04, 6.046640e-04, 1.608538e+00, -0.000175, 7.999943e+00, 1, 0.000540, 9.555235e-04 
1.799359e+00, 3.982581e-03, 8.456206e-06, 7.377311e-05, 6.123459e-06, 2.659914e-03, 1.229357e-03, 4.957086e-06, 1.321827e-01, 3.116596e-02, -1.029025e-01, -0.985108, 3.999972e+00, 1, 0.132120, 3.119438e-02 
1.803172e+00, 3.812582e-03, 8.164613e-06, 7.377311e-05, 5.831866e-06, 2.779759e-03, 9.252256e-04, 1.982834e-05, 1.321827e-01, 3.116596e-02, 1.252798e+00, -0.000037, 7.999943e+00, 1, 0.132120, 3.119437e-02 
1.806865e+00, 3.693612e-03, 9.330986e-06, 7.348151e-05, 5.831866e-06, 2.657873e-03, 9.275583e-04, 1.953675e-05, 1.321595e-01, 3.118399e-02, 1.263274e+00, -0.000010, 7.999943e+00, 0, 0.000212, 1.507594e-04 
1.810766e+00, 3.900644e-03, 8.164613e-06, 2.081976e-04, 7.581426e-06, 2.738061e-03, 9.336818e-04, 4.957086e-06, 1.662975e-01, 2.652064e-02, 1.215717e-01, -2.734143, 3.999972e+00, 1, 0.332396, 5.315466e-02 
1.814506e+00, 3.739976e-03, 8.164613e-06, 7.318992e-05, 5.831866e-06, 2.704820e-03, 9.278499e-04, 2.011994e-05, 1.662975e-01, 2.652064e-02, 1.247025e+00, -0.000004, 3.999972e+00, 0, 0.000199, 1.373956e-04 
1.818191e+00, 3.685448e-03, 8.164613e-06, 7.406470e-05, 6.123459e-06, 2.661955e-03, 9.182273e-04, 1.691241e-05, 1.662951e-01, 2.652254e-02, 3.547689e-01, -0.929045, 3.999972e+00, 1, 0.332396, 5.315466e-02 
1.821888e+00, 3.696237e-03, 8.164613e-06, 7.377311e-05, 5.831866e-06, 2.663705e-03, 9.249340e-04, 1.982834e-05, 4.793377e-02, 1.203736e-02, 1.254846e+00, -0.001459, 3.999972e+00, 0, 0.002799, 2.242929e-03 
1.825714e+00, 3.826579e-03, 9.039393e-06, 7.989657e-05, 6.415053e-06, 2.778009e-03, 9.336818e-04, 1.953675e-05, 4.739011e-02, 1.290830e-02, 1.259069e+00, -0.000496, 3.999972e+00, 0, 0.000969, 8.022067e-04 
1.829440e+00, 3.725688e-03, 8.164613e-06, 7.318992e-05, 5.831866e-06, 2.683533e-03, 9.354313e-04, 1.953675e-05, 6.768688e-02, 1.410299e-02, 1.261268e+00, -0.000175, 3.999972e+00, 0, 0.000345, 2.905909e-04 
1.833172e+00, 3.732103e-03, 8.456206e-06, 7.493948e-05, 5.831866e-06, 2.699571e-03, 9.383473e-04, 4.957086e-06, 8.725485e-02, 1.597236e-02, -4.435338e-01, 0.000000, 1.999986e+00, 1, 0.167071, 2.152834e-02 
1.837247e+00, 4.075600e-03, 8.456206e-06, 7.435629e-05, 5.831866e-06, 2.683825e-03, 1.285926e-03, 1.720401e-05, 8.725485e-02, 1.597236e-02, 7.543465e-01, -0.008802, 1.999986e+00, 1, 0.007439, 2.014232e-02 
1.840995e+00, 3.747557e-03, 8.164613e-06, 7.464789e-05, 6.123459e-06, 2.698404e-03, 9.400968e-04, 2.011994e-05, 1.175809e-01, 3.202422e-03, 1.256197e+00, -0.000412, 1.999986e+00, 0, 0.000799, 3.011037e-03 
1.844743e+00, 3.747557e-03, 8.456206e-06, 7.464789e-05, 6.123459e-06, 2.684408e-03, 9.526353e-04, 2.128631e-05, 1.171305e-01, 2.816032e-03, 1.254157e+00, -0.000140, 1.999986e+00, 0, 0.000281, 1.081263e-03 
1.848538e+00, 3.795378e-03, 8.747799e-06, 7.960497e-05, 6.706646e-06, 2.746809e-03, 9.336818e-04, 1.982834e-05, 1.120058e-01, 4.273530e-03, 5.864264e+02, -0.000000, 3.999972e+00, 1, 0.000106, 3.970984e-04 
1.852369e+00, 3.831244e-03, 8.456206e-06, 7.493948e-05, 5.831866e-06, 2.723190e-03, 9.989987e-04, 1.982834e-05, 1.120058e-01, 4.273530e-03, 1.261843e+00, -0.000051, 3.999972e+00, 0, 0.224003, 8.552841e-03 
1.856081e+00, 3.711400e-03, 8.164613e-06, 7.377311e-05, 5.831866e-06, 2.676827e-03, 9.272667e-04, 1.953675e-05, 1.119735e-01, 4.252932e-03, 1.262064e+00, -0.000002, 3.999972e+00, 0, 0.223906, 8.488706e-03 
1.860086e+00, 4.005326e-03, 8.164613e-06, 7.406470e-05, 5.831866e-06, 2.665746e-03, 1.231982e-03, 1.953675e-05, 1.120019e-01, 4.273917e-03, 1.263466e+00, -0.000050, 3.999972e+00, 0, 0.000100, 3.847041e-04 
1.863808e+00, 3.722189e-03, 8.164613e-06, 7.348151e-05, 5.540273e-06, 2.688782e-03, 9.266835e-04, 1.953675e-05, 1.131719e-01, 3.894995e-03, 1.258690e+00, -0.000001, 3.999972e+00, 0, 0.226306, 7.771401e-03 
1.867969e+00, 4.161328e-03, 1.195533e-05, 1.003081e-04, 7.873019e-06, 2.931096e-03, 1.089101e-03, 2.099472e-05, 1.132008e-01, 3.913686e-03, 4.839766e-01, -0.424798, 3.999972e+00, 1, 0.226305, 7.771931e-03 
1.872060e+00, 4.090471e-03, 9.914172e-06, 1.067232e-04, 6.998239e-06, 2.999037e-03, 9.473867e-04, 2.041153e-05, 2.020026e-02, 1.198968e-02, 1.205035e+00, -0.012216, 7.999943e+00, 1, 0.019687, 1.226521e-02 
1.875790e+00, 3.730062e-03, 8.164613e-06, 7.377311e-05, 6.123459e-06, 2.689948e-03, 9.322238e-04, 1.982834e-05, 7.414382e-03, 2.623905e-03, 1.243546e+00, -0.002705, 7.999943e+00, 0, 0.004966, 3.694676e-03 
1.879524e+00, 3.734144e-03, 8.456206e-06, 7.523107e-05, 5.831866e-06, 2.687324e-03, 9.374725e-04, 1.982834e-05, 4.050547e-03, 8.617314e-04, 1.243744e+00, -0.002665, 7.999943e+00, 0, 0.004896, 2.977640e-03 
1.883571e+00, 4.046732e-03, 8.164613e-06, 7.523107e-05, 5.831866e-06, 2.989998e-03, 9.473867e-04, 2.011994e-05, 5.746913e-03, 3.280942e-03, 1.243575e+00, -0.002699, 7.999943e+00, 0, 0.004956, 3.687693e-03 
1.887327e+00, 3.756013e-03, 8.456206e-06, 7.435629e-05, 6.123459e-06, 2.725231e-03, 9.368893e-04, 4.957086e-06, 2.390285e-03, 9.042815e-04, -4.680440e-02, 0.000000, 3.999972e+00, 1, 0.003181, 7.358333e-04 
1.891099e+00, 3.771759e-03, 8.456206e-06, 7.464789e-05, 5.831866e-06, 2.726397e-03, 9.363061e-04, 2.011994e-05, 2.390285e-03, 9.042815e-04, 1.264221e+00, -0.000000, 3.999972e+00, 0, 0.001599, 1.274361e-03 
1.894895e+00, 3.795962e-03, 8.164613e-06, 7.464789e-05, 5.831866e-06, 2.702195e-03, 9.998734e-04, 5.248680e-06, 2.390264e-03, 9.042664e-04, -1.936665e+00, 0.000000, 1.999986e+00, 1, 0.003181, 7.358101e-04 
1.899055e+00, 4.160745e-03, 8.747799e-06, 8.077135e-05, 6.415053e-06, 3.100803e-03, 9.438875e-04, 2.011994e-05, 2.390264e-03, 9.042664e-04, 1.254081e+00, -0.000836, 1.999986e+00, 0, 0.003181, 7.358101e-04 
1.902798e+00, 3.742308e-03, 8.456206e-06, 7.464789e-05, 6.123459e-06, 2.688490e-03, 9.447623e-04, 1.982834e-05, 1.341807e-03, 2.991778e-04, 1.258692e+00, -0.000565, 1.999986e+00, 0, 0.001102, 9.094491e-04 
1.906521e+00, 3.723063e-03, 8.164613e-06, 7.523107e-05, 6.123459e-06, 2.680909e-03, 9.328070e-04, 1.982834e-05, 2.272402e-03, 1.148911e-03, 1.261063e+00, -0.000099, 1.999986e+00, 0, 0.000195, 1.645324e-04 
1.910266e+00, 3.745224e-03, 8.164613e-06, 7.435629e-05, 5.831866e-06, 2.714734e-03, 9.371809e-04, 4.957086e-06, 5.050264e-03, 2.769710e-03, -2.623850e-01, 0.000000, 9.999929e-01, 1, 0.009960, 5.636897e-03 
1.914015e+00, 3.749307e-03, 8.747799e-06, 7.493948e-05, 6.123459e-06, 2.715608e-03, 9.243508e-04, 1.953675e-05, 5.050264e-03, 2.769710e-03, 1.264243e+00, -0.000000, 1.999969e+00, 0, 0.010030, 5.588049e-03 
1.917721e+00, 3.705859e-03, 8.164613e-06, 7.377311e-05, 6.123459e-06, 2.671578e-03, 9.266835e-04, 1.953675e-05, 5.050263e-03, 2.769710e-03, 1.262374e+00, -0.000036, 1.999969e+00, 0, 0.000070, 5.995697e-05 
1.921401e+00, 3.680199e-03, 8.164613e-06, 7.377311e-05, 5.831866e-06, 2.661372e-03, 9.261003e-04, 4.957086e-06, 7.450841e-03, 3.952891e-03, -8.359740e-01, 0.000000, 9.999847e-01, 1, 0.000051, 4.386994e-05 
1.925142e+00, 3.740559e-03, 8.164613e-06, 7.464789e-05, 7.581426e-06, 2.652916e-03, 9.774208e-04, 1.982834e-05, 7.450841e-03, 3.952891e-03, 1.430334e+00, -0.000012, 1.999969e+00, 1, 0.000026, 2.193447e-05 
1.928879e+00, 3.736768e-03, 8.456206e-06, 7.464789e-05, 6.123459e-06, 2.693156e-03, 9.345565e-04, 1.982834e-05, 7.433064e-03, 3.965312e-03, 1.263634e+00, -0.000004, 1.999969e+00, 0, 0.000008, 6.709215e-06 
1.932645e+00, 3.766511e-03, 8.456206e-06, 7.493948e-05, 5.831866e-06, 2.680034e-03, 9.922920e-04, 4.957086e-06, 1.513496e-02, 6.975123e-03, -8.069250e-02, 0.000000, 9.999847e-01, 1, 0.000003, 2.463512e-06 
1.936204e+00, 3.558896e-03, 8.456206e-06, 7.406470e-05, 5.831866e-06, 2.693739e-03, 7.566846e-04, 2.011994e-05, 1.513496e-02, 6.975123e-03, 1.006210e+00, -0.000000, 1.999969e+00, 1, 0.000006, 4.927774e-06 
1.940320e+00, 4.115840e-03, 8.164613e-06, 7.493948e-05, 6.123459e-06, 2.691115e-03, 1.315669e-03, 1.982834e-05, 1.513497e-02, 6.975125e-03, 1.264242e+00, -0.000000, 2.828409e+00, 0, 0.000006, 4.927771e-06 
1.944074e+00, 3.753972e-03, 8.456206e-06, 7.348151e-05, 6.123459e-06, 2.714442e-03, 9.316406e-04, 1.982834e-05, 1.513614e-02, 6.975661e-03, 1.271418e+00, -0.000001, 2.828409e+00, 0, 0.000005, 7.018017e-06 
1.947795e+00, 3.721605e-03, 8.164613e-06, 7.406470e-05, 6.123459e-06, 2.689948e-03, 9.237676e-04, 1.953675e-05, 1.513543e-02, 6.975333e-03, 1.273005e+00, -0.000000, 2.828409e+00, 0, 0.000004, 3.208163e-06 
1.951798e+00, 4.002410e-03, 8.164613e-06, 7.377311e-05, 6.123459e-06, 2.677118e-03, 1.232273e-03, 4.957086e-06, 1.513515e-02, 6.975206e-03, -1.100619e+00, 0.000000, 1.414204e+00, 1, 0.000006, 4.927763e-06 
1.955764e+00, 3.966544e-03, 8.164613e-06, 7.377311e-05, 6.123459e-06, 2.844784e-03, 1.013578e-03, 2.011994e-05, 1.513515e-02, 6.975206e-03, 1.274698e+00, -0.000000, 1.414204e+00, 0, 0.000003, 2.429582e-06 
1.959512e+00, 3.747849e-03, 8.747799e-06, 7.493948e-05, 5.831866e-06, 2.709193e-03, 9.295995e-04, 1.953675e-05, 1.513504e-02, 6.975156e-03, 1.264736e+00, -0.000000, 2.000000e+00, 0, 0.030267, 1.395226e-02 
1.963220e+00, 3.707317e-03, 8.164613e-06, 7.406470e-05, 6.123459e-06, 2.670995e-03, 9.284331e-04, 1.953675e-05, 1.520983e-02, 7.016591e-03, 1.239900e+00, -0.000071, 2.000000e+00, 0, 0.000153, 5.158969e-04 
1.966934e+00, 3.714607e-03, 8.164613e-06, 7.464789e-05, 5.831866e-06, 2.682075e-03, 9.243508e-04, 1.953675e-05, 1.516793e-02, 6.986345e-03, 4.232435e+00, -0.000000, 4.000000e+00, 1, 0.030272, 1.394883e-02 
1.971110e+00, 4.176199e-03, 8.164613e-06, 7.406470e-05, 6.123459e-06, 2.931388e-03, 1.135464e-03, 2.099472e-05, 3.205854e-02, 3.729472e-02, 1.163024e+00, -0.020606, 4.000000e+00, 0, 0.030272, 1.394883e-02 
1.974886e+00, 3.775550e-03, 9.039393e-06, 7.493948e-05, 6.123459e-06, 2.723481e-03, 9.418464e-04, 2.011994e-05, 6.795598e-03, 1.040177e-02, 1.262509e+00, -0.000062, 4.000000e+00, 0, 0.000122, 1.040339e-04 
1.978650e+00, 3.763595e-03, 8.164613e-06, 7.435629e-05, 6.123459e-06, 2.721149e-03, 9.345565e-04, 1.924516e-05, 1.421591e-02, 1.917281e-02, 1.263210e+00, -0.000022, 4.000000e+00, 0, 0.000044, 3.807508e-05 
1.982684e+00, 4.034485e-03, 8.456206e-06, 7.435629e-05, 5.831866e-06, 2.689657e-03, 1.238980e-03, 1.720401e-05, 2.609930e-02, 2.954806e-02, 4.851697e-01, -0.043537, 4.000000e+00, 1, 0.022916, 5.526110e-02 
1.987075e+00, 4.390520e-03, 8.164613e-06, 7.377311e-05, 6.123459e-06, 2.880650e-03, 9.363061e-04, 4.855029e-04, 1.156668e-01, 4.675651e-03, -0.000000e+00, -0.000000, 2.000000e+00, 0, 0.229540, 6.783464e-03 
1.992901e+00, 5.826326e-03, 1.108055e-05, 9.797535e-05, 7.873019e-06, 4.113798e-03, 1.110096e-03, 4.855029e-04, 1.156668e-01, 4.675651e-03, 1.264227e+00, -0.000000, 2.000000e+00, 0, 0.000000, 7.310286e-09 
0.750000, 0, 0, 0, 0, 0, 0, 0, 0, 0, 0, 0, 0, 0, 0 ,0