TRM WS=1, MS=2, TRMstep=0: ub=0.800000, lb=0.200000, grow=2.000000,shrink=0.500000, b_w=2,b_m=4, lr=0.400000, lambda=0.000000, n=9, n0=2, n1=2, n2=1, sub_tol=0.001000, sub_maxit=1000, tol=1.000000e-08, m=4, nobias=0 
time, iter_t, subset_m_time, g_time, subset_w_time, p1_time, t2, t3, total error, total gmag, rho, sigma, gamma, step, approx error, approx gmag 
4.002410e-03, 4.002410e-03, 9.330986e-06, 1.151794e-04, 1.425891e-04, 3.716940e-03, 1.691241e-05, 1.457967e-06, 1.306309e-01, 7.896666e-03, 0.000000e+00, 0.000000, 4.000000e-01, 0, 0.130631, 7.896666e-03 
6.825616e-03, 2.823206e-03, 9.039393e-06, 7.639745e-05, 6.998239e-06, 2.716192e-03, 1.312170e-05, 1.457967e-06, 1.293894e-01, 6.882874e-03, 0.000000e+00, 0.000000, 4.000000e-01, 0, 0.129389, 6.882874e-03 
9.629869e-03, 2.804253e-03, 7.873019e-06, 7.406470e-05, 5.831866e-06, 2.701904e-03, 1.283011e-05, 1.749560e-06, 1.285353e-01, 6.386841e-03, 0.000000e+00, 0.000000, 2.000000e-01, 0, 0.128535, 6.386841e-03 
1.245366e-02, 2.823790e-03, 8.164613e-06, 7.523107e-05, 6.123459e-06, 2.720566e-03, 1.283011e-05, 8.747799e-07, 1.257126e-01, 2.882052e-03, 0.000000e+00, 0.000000, 2.000000e-01, 0, 0.125713, 2.882052e-03 
1.587551e-02, 3.421847e-03, 8.164613e-06, 7.523107e-05, 6.123459e-06, 3.317457e-03, 1.370489e-05, 1.166373e-06, 1.250228e-01, 8.967186e-05, 0.000000e+00, 0.000000, 1.000000e-01, 0, 0.125023, 8.967186e-05 
1.870717e-02, 2.831663e-03, 8.164613e-06, 7.552267e-05, 6.123459e-06, 2.727855e-03, 1.312170e-05, 8.747799e-07, 1.249660e-01, 3.119025e-04, 0.000000e+00, 0.000000, 5.000000e-02, 0, 0.124966, 3.119025e-04 
2.169396e-02, 2.986790e-03, 8.164613e-06, 7.493948e-05, 6.415053e-06, 2.882691e-03, 1.341329e-05, 1.166373e-06, 1.249323e-01, 4.318152e-04, 0.000000e+00, 0.000000, 2.500000e-02, 0, 0.124932, 4.318152e-04 
2.451921e-02, 2.825248e-03, 8.164613e-06, 7.552267e-05, 6.123459e-06, 2.721149e-03, 1.312170e-05, 1.166373e-06, 1.249105e-01, 5.146181e-04, 0.000000e+00, 0.000000, 2.500000e-02, 0, 0.124911, 5.146181e-04 
0.500000, 0, 0, 0, 0, 0, 0, 0, 0, 0, 0, 0, 0, 0, 0 ,0