TRM WS=1, MS=2, TRMstep=0: ub=0.800000, lb=0.200000, grow=2.000000,shrink=0.500000, b_w=2,b_m=4, lr=0.400000, lambda=0.000000, n=9, n0=2, n1=2, n2=1, sub_tol=0.001000, sub_maxit=1000, tol=1.000000e-08, m=4, nobias=0 
time, iter_t, subset_m_time, g_time, subset_w_time, p1_time, t2, t3, total error, total gmag, rho, sigma, gamma, step, approx error, approx gmag 
2.953257e-03, 2.953257e-03, 8.747799e-06, 8.368728e-05, 6.998239e-06, 2.836620e-03, 1.603763e-05, 1.166373e-06, 1.380491e-01, 1.112584e-02, 0.000000e+00, 0.000000, 4.000000e-01, 0, 0.138049, 1.112584e-02 
5.724851e-03, 2.771594e-03, 7.873019e-06, 7.493948e-05, 6.123459e-06, 2.668079e-03, 1.312170e-05, 1.457967e-06, 1.363767e-01, 1.029270e-02, 0.000000e+00, 0.000000, 4.000000e-01, 0, 0.136377, 1.029270e-02 
8.483324e-03, 2.758473e-03, 8.164613e-06, 7.493948e-05, 7.581426e-06, 2.654374e-03, 1.283011e-05, 5.831866e-07, 1.267037e-01, 4.037317e-03, 0.000000e+00, 0.000000, 4.000000e-01, 0, 0.126704, 4.037317e-03 
1.176375e-02, 3.280425e-03, 8.164613e-06, 7.523107e-05, 6.123459e-06, 3.171952e-03, 1.778719e-05, 1.166373e-06, 1.252589e-01, 2.950985e-04, 0.000000e+00, 0.000000, 4.000000e-01, 0, 0.125259, 2.950985e-04 
1.491237e-02, 3.148625e-03, 9.039393e-06, 8.222931e-05, 6.706646e-06, 3.035486e-03, 1.399648e-05, 1.166373e-06, 1.252097e-01, 6.351005e-04, 0.000000e+00, 0.000000, 2.000000e-01, 0, 0.125210, 6.351005e-04 
1.795719e-02, 3.044817e-03, 8.164613e-06, 7.435629e-05, 6.123459e-06, 2.940718e-03, 1.428807e-05, 1.166373e-06, 1.251816e-01, 2.393714e-04, 0.000000e+00, 0.000000, 1.000000e-01, 0, 0.125182, 2.393714e-04 
2.111835e-02, 3.161163e-03, 8.747799e-06, 8.718640e-05, 9.330986e-06, 3.041901e-03, 1.312170e-05, 8.747799e-07, 1.251781e-01, 2.217301e-04, 0.000000e+00, 0.000000, 5.000000e-02, 0, 0.125178, 2.217301e-04 
2.415267e-02, 3.034320e-03, 8.456206e-06, 8.193772e-05, 6.706646e-06, 2.922348e-03, 1.399648e-05, 8.747799e-07, 1.251103e-01, 1.847195e-04, 0.000000e+00, 0.000000, 5.000000e-02, 0, 0.125110, 1.847195e-04 
0.500000, 0, 0, 0, 0, 0, 0, 0, 0, 0, 0, 0, 0, 0, 0 ,0