TRM WS=1, MS=2, TRMstep=0: ub=0.800000, lb=0.200000, grow=2.000000,shrink=0.500000, b_w=2,b_m=4, lr=0.400000, lambda=0.000000, n=9, n0=2, n1=2, n2=1, sub_tol=0.001000, sub_maxit=1000, tol=1.000000e-08, m=4, nobias=0 
time, iter_t, subset_m_time, g_time, subset_w_time, p1_time, t2, t3, total error, total gmag, rho, sigma, gamma, step, approx error, approx gmag 
3.539943e-03, 3.539943e-03, 9.914172e-06, 8.572843e-05, 7.581426e-06, 3.418057e-03, 1.720401e-05, 1.457967e-06, 1.280605e-01, 6.416921e-03, 0.000000e+00, 0.000000, 4.000000e-01, 0, 0.128061, 6.416921e-03 
6.855942e-03, 3.315999e-03, 9.622579e-06, 7.698063e-05, 7.873019e-06, 3.204319e-03, 1.574604e-05, 1.457967e-06, 1.269980e-01, 5.064628e-03, 0.000000e+00, 0.000000, 4.000000e-01, 0, 0.126998, 5.064628e-03 
1.041134e-02, 3.555397e-03, 9.330986e-06, 8.368728e-05, 7.289833e-06, 3.438468e-03, 1.457967e-05, 2.041153e-06, 1.260535e-01, 3.616767e-03, 0.000000e+00, 0.000000, 2.000000e-01, 0, 0.126053, 3.616767e-03 
1.357017e-02, 3.158830e-03, 1.078895e-05, 1.207196e-04, 7.581426e-06, 3.004869e-03, 1.341329e-05, 1.457967e-06, 1.249695e-01, 8.648655e-05, 0.000000e+00, 0.000000, 2.000000e-01, 0, 0.124970, 8.648655e-05 
1.652313e-02, 2.952965e-03, 8.164613e-06, 7.523107e-05, 5.831866e-06, 2.849741e-03, 1.283011e-05, 1.166373e-06, 1.249422e-01, 8.679811e-05, 0.000000e+00, 0.000000, 1.000000e-01, 0, 0.124942, 8.679811e-05 
1.932156e-02, 2.798421e-03, 7.873019e-06, 7.464789e-05, 6.415053e-06, 2.696072e-03, 1.253851e-05, 8.747799e-07, 1.249317e-01, 7.918613e-05, 0.000000e+00, 0.000000, 5.000000e-02, 0, 0.124932, 7.918613e-05 
2.209811e-02, 2.776551e-03, 7.873019e-06, 7.464789e-05, 6.123459e-06, 2.674202e-03, 1.253851e-05, 1.166373e-06, 1.249090e-01, 8.183549e-05, 0.000000e+00, 0.000000, 2.500000e-02, 0, 0.124909, 8.183549e-05 
2.494931e-02, 2.851199e-03, 7.873019e-06, 7.348151e-05, 6.123459e-06, 2.748850e-03, 1.370489e-05, 1.166373e-06, 1.249001e-01, 1.460063e-04, 0.000000e+00, 0.000000, 2.500000e-02, 0, 0.124900, 1.460063e-04 
0.500000, 0, 0, 0, 0, 0, 0, 0, 0, 0, 0, 0, 0, 0, 0 ,0