TRM WS=1, MS=2, TRMstep=0: ub=0.800000, lb=0.200000, grow=2.000000,shrink=0.500000, b_w=2,b_m=4, lr=0.400000, lambda=0.000000, n=9, n0=2, n1=2, n2=1, sub_tol=0.001000, sub_maxit=1000, tol=1.000000e-08, m=4, nobias=0 
time, iter_t, subset_m_time, g_time, subset_w_time, p1_time, t2, t3, total error, total gmag, rho, sigma, gamma, step, approx error, approx gmag 
2.969586e-03, 2.969586e-03, 7.873019e-06, 7.668904e-05, 6.706646e-06, 2.861114e-03, 1.574604e-05, 1.457967e-06, 1.320934e-01, 8.663692e-03, 0.000000e+00, 0.000000, 4.000000e-01, 0, 0.132093, 8.663692e-03 
5.793959e-03, 2.824373e-03, 7.873019e-06, 7.581426e-05, 6.123459e-06, 2.720566e-03, 1.283011e-05, 1.166373e-06, 1.308671e-01, 7.900420e-03, 0.000000e+00, 0.000000, 4.000000e-01, 0, 0.130867, 7.900420e-03 
8.629996e-03, 2.836037e-03, 7.873019e-06, 7.493948e-05, 6.123459e-06, 2.733396e-03, 1.312170e-05, 5.831866e-07, 1.263251e-01, 3.785118e-03, 0.000000e+00, 0.000000, 4.000000e-01, 0, 0.126325, 3.785118e-03 
1.155526e-02, 2.925264e-03, 7.873019e-06, 7.523107e-05, 6.123459e-06, 2.822332e-03, 1.283011e-05, 8.747799e-07, 1.250666e-01, 1.341507e-04, 0.000000e+00, 0.000000, 4.000000e-01, 0, 0.125067, 1.341507e-04 
1.435135e-02, 2.796088e-03, 7.581426e-06, 7.523107e-05, 6.123459e-06, 2.693156e-03, 1.283011e-05, 1.166373e-06, 1.249910e-01, 1.099995e-04, 0.000000e+00, 0.000000, 2.000000e-01, 0, 0.124991, 1.099995e-04 
1.718505e-02, 2.833704e-03, 7.873019e-06, 7.902179e-05, 1.691241e-05, 2.715900e-03, 1.283011e-05, 1.166373e-06, 1.249728e-01, 1.310247e-04, 0.000000e+00, 0.000000, 1.000000e-01, 0, 0.124973, 1.310247e-04 
2.029694e-02, 3.111884e-03, 7.873019e-06, 1.977003e-04, 1.807879e-05, 2.873944e-03, 1.312170e-05, 1.166373e-06, 1.249630e-01, 1.789925e-04, 0.000000e+00, 0.000000, 5.000000e-02, 0, 0.124963, 1.789925e-04 
2.312772e-02, 2.830788e-03, 8.164613e-06, 7.493948e-05, 6.123459e-06, 2.727564e-03, 1.283011e-05, 1.166373e-06, 1.249548e-01, 2.211117e-04, 0.000000e+00, 0.000000, 5.000000e-02, 0, 0.124955, 2.211117e-04 
0.500000, 0, 0, 0, 0, 0, 0, 0, 0, 0, 0, 0, 0, 0, 0 ,0