TRM WS=1, MS=2, TRMstep=0: ub=0.800000, lb=0.200000, grow=2.000000,shrink=0.500000, b_w=2,b_m=4, lr=0.400000, lambda=0.000000, n=9, n0=2, n1=2, n2=1, sub_tol=0.001000, sub_maxit=1000, tol=1.000000e-08, m=4, nobias=0 
time, iter_t, subset_m_time, g_time, subset_w_time, p1_time, t2, t3, total error, total gmag, rho, sigma, gamma, step, approx error, approx gmag 
3.535277e-03, 3.535277e-03, 9.914172e-06, 8.660321e-05, 7.581426e-06, 3.410767e-03, 1.895356e-05, 1.457967e-06, 1.338930e-01, 9.111772e-03, 0.000000e+00, 0.000000, 4.000000e-01, 0, 0.133893, 9.111772e-03 
6.696440e-03, 3.161163e-03, 9.914172e-06, 8.514525e-05, 7.873019e-06, 3.041901e-03, 1.487126e-05, 1.457967e-06, 1.289828e-01, 6.239103e-03, 0.000000e+00, 0.000000, 4.000000e-01, 0, 0.128983, 6.239103e-03 
9.914172e-03, 3.217732e-03, 9.039393e-06, 8.310409e-05, 6.415053e-06, 3.103428e-03, 1.487126e-05, 8.747799e-07, 1.274856e-01, 4.774396e-03, 0.000000e+00, 0.000000, 4.000000e-01, 0, 0.127486, 4.774396e-03 
1.345557e-02, 3.541401e-03, 9.330986e-06, 8.485365e-05, 6.706646e-06, 3.417765e-03, 2.128631e-05, 1.457967e-06, 1.258920e-01, 2.831812e-03, 0.000000e+00, 0.000000, 4.000000e-01, 0, 0.125892, 2.831812e-03 
1.681852e-02, 3.362946e-03, 1.195533e-05, 1.110970e-04, 6.998239e-06, 3.218024e-03, 1.341329e-05, 1.457967e-06, 1.256461e-01, 2.461954e-03, 0.000000e+00, 0.000000, 2.000000e-01, 0, 0.125646, 2.461954e-03 
1.964114e-02, 2.822623e-03, 8.456206e-06, 7.523107e-05, 6.415053e-06, 2.718816e-03, 1.283011e-05, 8.747799e-07, 1.253507e-01, 1.887507e-03, 0.000000e+00, 0.000000, 1.000000e-01, 0, 0.125351, 1.887507e-03 
2.255824e-02, 2.917099e-03, 7.873019e-06, 7.464789e-05, 7.581426e-06, 2.812417e-03, 1.370489e-05, 8.747799e-07, 1.252387e-01, 1.537514e-03, 0.000000e+00, 0.000000, 5.000000e-02, 0, 0.125239, 1.537514e-03 
2.538757e-02, 2.829330e-03, 8.747799e-06, 8.077135e-05, 6.706646e-06, 2.719399e-03, 1.283011e-05, 8.747799e-07, 1.252031e-01, 1.408568e-03, 0.000000e+00, 0.000000, 5.000000e-02, 0, 0.125203, 1.408568e-03 
0.500000, 0, 0, 0, 0, 0, 0, 0, 0, 0, 0, 0, 0, 0, 0 ,0