TRM WS=1, MS=2, TRMstep=0: ub=0.800000, lb=0.200000, grow=2.000000,shrink=0.500000, b_w=2,b_m=4, lr=0.400000, lambda=0.000000, n=9, n0=2, n1=2, n2=1, sub_tol=0.001000, sub_maxit=1000, tol=1.000000e-08, m=4, nobias=0 
time, iter_t, subset_m_time, g_time, subset_w_time, p1_time, t2, t3, total error, total gmag, rho, sigma, gamma, step, approx error, approx gmag 
3.224730e-03, 3.224730e-03, 9.914172e-06, 8.397887e-05, 7.289833e-06, 3.104594e-03, 1.720401e-05, 1.749560e-06, 1.338930e-01, 9.111772e-03, 0.000000e+00, 0.000000, 4.000000e-01, 0, 0.133893, 9.111772e-03 
6.153785e-03, 2.929055e-03, 8.456206e-06, 7.610585e-05, 6.998239e-06, 2.822915e-03, 1.341329e-05, 1.166373e-06, 1.293467e-01, 6.565028e-03, 0.000000e+00, 0.000000, 4.000000e-01, 0, 0.129347, 6.565028e-03 
9.098586e-03, 2.944801e-03, 8.164613e-06, 7.552267e-05, 6.415053e-06, 2.840702e-03, 1.312170e-05, 8.747799e-07, 1.263782e-01, 3.706817e-03, 0.000000e+00, 0.000000, 4.000000e-01, 0, 0.126378, 3.706817e-03 
1.265194e-02, 3.553356e-03, 7.873019e-06, 7.406470e-05, 6.123459e-06, 3.451007e-03, 1.341329e-05, 8.747799e-07, 1.250846e-01, 6.001858e-04, 0.000000e+00, 0.000000, 4.000000e-01, 0, 0.125085, 6.001858e-04 
1.554601e-02, 2.894064e-03, 8.164613e-06, 7.377311e-05, 6.415053e-06, 2.791714e-03, 1.283011e-05, 1.166373e-06, 1.249825e-01, 3.080523e-04, 0.000000e+00, 0.000000, 2.000000e-01, 0, 0.124982, 3.080523e-04 
1.851705e-02, 2.971044e-03, 8.164613e-06, 7.435629e-05, 6.123459e-06, 2.868695e-03, 1.283011e-05, 8.747799e-07, 1.249211e-01, 5.867223e-04, 0.000000e+00, 0.000000, 1.000000e-01, 0, 0.124921, 5.867223e-04 
2.231476e-02, 3.797711e-03, 8.456206e-06, 7.523107e-05, 6.123459e-06, 3.693612e-03, 1.312170e-05, 1.166373e-06, 1.249213e-01, 6.657733e-04, 0.000000e+00, 0.000000, 5.000000e-02, 0, 0.124921, 6.657733e-04 
2.511172e-02, 2.796963e-03, 8.164613e-06, 7.464789e-05, 6.123459e-06, 2.693739e-03, 1.312170e-05, 1.166373e-06, 1.248068e-01, 7.729144e-04, 0.000000e+00, 0.000000, 5.000000e-02, 0, 0.124807, 7.729144e-04 
0.750000, 0, 0, 0, 0, 0, 0, 0, 0, 0, 0, 0, 0, 0, 0 ,0