TRM WS=1, MS=2, TRMstep=0: ub=0.800000, lb=0.200000, grow=2.000000,shrink=0.500000, b_w=2,b_m=4, lr=0.400000, lambda=0.000000, n=9, n0=2, n1=2, n2=1, sub_tol=0.001000, sub_maxit=1000, tol=1.000000e-08, m=4, nobias=0 
time, iter_t, subset_m_time, g_time, subset_w_time, p1_time, t2, t3, total error, total gmag, rho, sigma, gamma, step, approx error, approx gmag 
3.355364e-03, 3.355364e-03, 9.330986e-06, 8.339569e-05, 7.873019e-06, 3.235228e-03, 1.807879e-05, 1.457967e-06, 1.280618e-01, 5.948827e-03, 0.000000e+00, 0.000000, 4.000000e-01, 0, 0.128062, 5.948827e-03 
6.429924e-03, 3.074560e-03, 9.039393e-06, 8.193772e-05, 7.289833e-06, 2.960838e-03, 1.399648e-05, 1.457967e-06, 1.275639e-01, 5.231748e-03, 0.000000e+00, 0.000000, 2.000000e-01, 0, 0.127564, 5.231748e-03 
9.467451e-03, 3.037527e-03, 8.456206e-06, 8.222931e-05, 6.706646e-06, 2.925264e-03, 1.399648e-05, 8.747799e-07, 1.271503e-01, 4.574903e-03, 0.000000e+00, 0.000000, 1.000000e-01, 0, 0.127150, 4.574903e-03 
1.249915e-02, 3.031696e-03, 8.456206e-06, 8.106294e-05, 6.706646e-06, 2.920015e-03, 1.428807e-05, 1.166373e-06, 1.253212e-01, 7.663261e-04, 0.000000e+00, 0.000000, 1.000000e-01, 0, 0.125321, 7.663261e-04 
1.553318e-02, 3.034028e-03, 8.747799e-06, 8.106294e-05, 6.706646e-06, 2.922057e-03, 1.428807e-05, 1.166373e-06, 1.252385e-01, 5.912009e-04, 0.000000e+00, 0.000000, 5.000000e-02, 0, 0.125238, 5.912009e-04 
1.878036e-02, 3.247183e-03, 8.747799e-06, 8.164613e-05, 6.415053e-06, 3.135794e-03, 1.341329e-05, 1.166373e-06, 1.251597e-01, 4.326681e-04, 0.000000e+00, 0.000000, 2.500000e-02, 0, 0.125160, 4.326681e-04 
2.161610e-02, 2.835745e-03, 8.456206e-06, 7.639745e-05, 6.415053e-06, 2.730771e-03, 1.283011e-05, 8.747799e-07, 1.251398e-01, 2.618577e-04, 0.000000e+00, 0.000000, 1.250000e-02, 0, 0.125140, 2.618577e-04 
2.441715e-02, 2.801045e-03, 7.873019e-06, 7.523107e-05, 6.123459e-06, 2.698113e-03, 1.283011e-05, 8.747799e-07, 1.251328e-01, 2.530888e-04, 0.000000e+00, 0.000000, 1.250000e-02, 0, 0.125133, 2.530888e-04 
0.500000, 0, 0, 0, 0, 0, 0, 0, 0, 0, 0, 0, 0, 0, 0 ,0