TRM WS=1, MS=2, TRMstep=0: ub=0.800000, lb=0.200000, grow=2.000000,shrink=0.500000, b_w=2,b_m=4, lr=0.400000, lambda=0.000000, n=9, n0=2, n1=2, n2=1, sub_tol=0.001000, sub_maxit=1000, tol=1.000000e-08, m=4 
time, iter_t, subset_m_time, g_time, subset_w_time, p1_time, t2, t3, total error, total gmag, rho, sigma, gamma, step, approx error, approx gmag 
5.004324e-03, 5.004324e-03, 9.651738e-05, 1.510453e-04, 1.379236e-04, 4.482081e-03, 6.473371e-05, 7.202355e-05, 1.286151e-01, 5.831189e-03, 0.000000e+00, 0.000000, 4.000000e-01, 0, 0.128615, 5.831189e-03 
8.912841e-03, 3.908517e-03, 1.166373e-05, 8.951915e-05, 8.456206e-06, 3.783132e-03, 1.428807e-05, 1.457967e-06, 1.282838e-01, 5.232723e-03, 0.000000e+00, 0.000000, 4.000000e-01, 0, 0.128284, 5.232723e-03 
1.279570e-02, 3.882856e-03, 1.020577e-05, 9.447623e-05, 1.049736e-05, 3.750765e-03, 1.574604e-05, 1.166373e-06, 1.273550e-01, 4.046565e-03, 0.000000e+00, 0.000000, 4.000000e-01, 0, 0.127355, 4.046565e-03 
1.570113e-02, 2.905436e-03, 8.747799e-06, 7.377311e-05, 6.706646e-06, 2.796671e-03, 1.837038e-05, 1.166373e-06, 1.256368e-01, 5.356401e-04, 0.000000e+00, 0.000000, 4.000000e-01, 0, 0.125637, 5.356401e-04 
1.923087e-02, 3.529737e-03, 9.039393e-06, 7.873019e-05, 6.998239e-06, 3.419515e-03, 1.428807e-05, 1.166373e-06, 1.254714e-01, 4.533862e-04, 0.000000e+00, 0.000000, 4.000000e-01, 0, 0.125471, 4.533862e-04 
2.264368e-02, 3.412808e-03, 1.049736e-05, 8.864437e-05, 7.289833e-06, 3.290047e-03, 1.516285e-05, 1.166373e-06, 1.254232e-01, 4.374431e-04, 0.000000e+00, 0.000000, 4.000000e-01, 0, 0.125423, 4.374431e-04 
2.608069e-02, 3.437010e-03, 1.049736e-05, 9.710057e-05, 8.164613e-06, 3.308709e-03, 1.137214e-05, 1.166373e-06, 1.254269e-01, 4.351907e-04, 0.000000e+00, 0.000000, 2.000000e-01, 0, 0.125427, 4.351907e-04 
2.893655e-02, 2.855865e-03, 8.164613e-06, 7.231514e-05, 6.123459e-06, 2.757015e-03, 1.137214e-05, 8.747799e-07, 1.253822e-01, 4.313285e-04, 0.000000e+00, 0.000000, 2.000000e-01, 0, 0.125382, 4.313285e-04 
3.193792e-02, 3.001370e-03, 8.164613e-06, 7.202355e-05, 6.123459e-06, 2.902811e-03, 1.137214e-05, 8.747799e-07, 1.253285e-01, 5.913610e-04, 0.000000e+00, 0.000000, 2.000000e-01, 0, 0.125328, 5.913610e-04 
3.474597e-02, 2.808044e-03, 8.164613e-06, 7.260673e-05, 6.415053e-06, 2.708902e-03, 1.108055e-05, 8.747799e-07, 1.251353e-01, 3.217091e-04, 0.000000e+00, 0.000000, 2.000000e-01, 0, 0.125135, 3.217091e-04 
3.753826e-02, 2.792298e-03, 7.873019e-06, 7.260673e-05, 6.123459e-06, 2.694031e-03, 1.108055e-05, 5.831866e-07, 1.250710e-01, 2.357402e-04, 0.000000e+00, 0.000000, 2.000000e-01, 0, 0.125071, 2.357402e-04 
4.072042e-02, 3.182158e-03, 8.456206e-06, 7.202355e-05, 5.831866e-06, 3.081558e-03, 1.341329e-05, 8.747799e-07, 1.250222e-01, 2.166574e-04, 0.000000e+00, 0.000000, 2.000000e-01, 0, 0.125022, 2.166574e-04 
4.402097e-02, 3.300545e-03, 9.622579e-06, 8.864437e-05, 7.289833e-06, 3.180700e-03, 1.312170e-05, 1.166373e-06, 1.249501e-01, 2.869143e-04, 0.000000e+00, 0.000000, 2.000000e-01, 0, 0.124950, 2.869143e-04 
4.701038e-02, 2.989415e-03, 9.622579e-06, 8.864437e-05, 6.998239e-06, 2.872194e-03, 1.108055e-05, 8.747799e-07, 1.249431e-01, 3.162253e-04, 0.000000e+00, 0.000000, 2.000000e-01, 0, 0.124943, 3.162253e-04 
5.005520e-02, 3.044817e-03, 8.164613e-06, 7.173195e-05, 9.914172e-06, 2.939552e-03, 1.428807e-05, 1.166373e-06, 1.249335e-01, 5.047905e-04, 0.000000e+00, 0.000000, 2.000000e-01, 0, 0.124934, 5.047905e-04 
5.308456e-02, 3.029363e-03, 9.622579e-06, 8.835277e-05, 6.998239e-06, 2.913017e-03, 1.078895e-05, 5.831866e-07, 1.248491e-01, 6.339987e-04, 0.000000e+00, 0.000000, 2.000000e-01, 0, 0.124849, 6.339987e-04 
5.638423e-02, 3.299670e-03, 8.164613e-06, 7.144036e-05, 6.415053e-06, 3.199362e-03, 1.253851e-05, 1.749560e-06, 1.248498e-01, 3.456389e-04, 0.000000e+00, 0.000000, 1.000000e-01, 0, 0.124850, 3.456389e-04 
5.974776e-02, 3.363529e-03, 9.330986e-06, 8.660321e-05, 7.289833e-06, 3.245725e-03, 1.370489e-05, 8.747799e-07, 1.246762e-01, 7.746499e-04, 0.000000e+00, 0.000000, 1.000000e-01, 0, 0.124676, 7.746499e-04 
6.312324e-02, 3.375484e-03, 1.020577e-05, 9.593420e-05, 8.164613e-06, 3.248058e-03, 1.224692e-05, 8.747799e-07, 1.245878e-01, 3.823923e-04, 0.000000e+00, 0.000000, 1.000000e-01, 0, 0.124588, 3.823923e-04 
6.634972e-02, 3.226480e-03, 9.914172e-06, 8.981074e-05, 7.289833e-06, 3.107218e-03, 1.137214e-05, 8.747799e-07, 1.245791e-01, 3.771963e-04, 0.000000e+00, 0.000000, 1.000000e-01, 0, 0.124579, 3.771963e-04 
6.925429e-02, 2.904561e-03, 8.747799e-06, 7.231514e-05, 6.123459e-06, 2.805128e-03, 1.137214e-05, 8.747799e-07, 1.245058e-01, 4.190959e-04, 0.000000e+00, 0.000000, 1.000000e-01, 0, 0.124506, 4.190959e-04 
7.248601e-02, 3.231729e-03, 8.456206e-06, 8.193772e-05, 8.747799e-06, 3.117716e-03, 1.370489e-05, 1.166373e-06, 1.244889e-01, 4.599201e-04, 0.000000e+00, 0.000000, 1.000000e-01, 0, 0.124489, 4.599201e-04 
7.572387e-02, 3.237852e-03, 9.622579e-06, 8.776959e-05, 7.289833e-06, 3.121506e-03, 1.108055e-05, 5.831866e-07, 1.244656e-01, 4.323146e-04, 0.000000e+00, 0.000000, 1.000000e-01, 0, 0.124466, 4.323146e-04 
7.874390e-02, 3.020032e-03, 8.456206e-06, 7.260673e-05, 6.123459e-06, 2.920890e-03, 1.137214e-05, 5.831866e-07, 1.244273e-01, 4.493697e-04, 0.000000e+00, 0.000000, 1.000000e-01, 0, 0.124427, 4.493697e-04 
8.154319e-02, 2.799296e-03, 8.164613e-06, 7.202355e-05, 6.123459e-06, 2.701612e-03, 1.078895e-05, 5.831866e-07, 1.243537e-01, 4.710562e-04, 0.000000e+00, 0.000000, 1.000000e-01, 0, 0.124354, 4.710562e-04 
8.488981e-02, 3.346616e-03, 8.164613e-06, 7.318992e-05, 6.415053e-06, 3.241351e-03, 1.632923e-05, 1.166373e-06, 1.241939e-01, 5.632154e-04, 0.000000e+00, 0.000000, 1.000000e-01, 0, 0.124194, 5.632154e-04 
8.938443e-02, 4.494619e-03, 1.195533e-05, 8.689481e-05, 6.998239e-06, 4.374774e-03, 1.283011e-05, 1.166373e-06, 1.241107e-01, 6.052176e-04, 0.000000e+00, 0.000000, 1.000000e-01, 0, 0.124111, 6.052176e-04 
9.232048e-02, 2.936053e-03, 1.195533e-05, 8.077135e-05, 6.415053e-06, 2.824664e-03, 1.137214e-05, 8.747799e-07, 1.240829e-01, 5.626463e-04, 0.000000e+00, 0.000000, 1.000000e-01, 0, 0.124083, 5.626463e-04 
9.511249e-02, 2.792006e-03, 7.873019e-06, 7.260673e-05, 6.123459e-06, 2.693447e-03, 1.108055e-05, 8.747799e-07, 1.239940e-01, 5.924646e-04, 0.000000e+00, 0.000000, 1.000000e-01, 0, 0.123994, 5.924646e-04 
9.790712e-02, 2.794630e-03, 9.622579e-06, 7.173195e-05, 6.123459e-06, 2.695489e-03, 1.078895e-05, 8.747799e-07, 1.239471e-01, 6.134532e-04, 0.000000e+00, 0.000000, 1.000000e-01, 0, 0.123947, 6.134532e-04 
1.006872e-01, 2.780051e-03, 8.164613e-06, 7.231514e-05, 5.831866e-06, 2.681784e-03, 1.137214e-05, 5.831866e-07, 1.238618e-01, 6.490884e-04, 0.000000e+00, 0.000000, 1.000000e-01, 0, 0.123862, 6.490884e-04 
1.037611e-01, 3.073977e-03, 8.456206e-06, 9.272667e-05, 6.706646e-06, 2.953549e-03, 1.166373e-05, 8.747799e-07, 1.237924e-01, 7.018015e-04, 0.000000e+00, 0.000000, 1.000000e-01, 0, 0.123792, 7.018015e-04 
1.065689e-01, 2.807752e-03, 8.456206e-06, 7.202355e-05, 6.123459e-06, 2.709193e-03, 1.108055e-05, 8.747799e-07, 1.237344e-01, 7.065118e-04, 0.000000e+00, 0.000000, 1.000000e-01, 0, 0.123734, 7.065118e-04 
1.093449e-01, 2.775968e-03, 8.456206e-06, 7.202355e-05, 6.123459e-06, 2.677701e-03, 1.108055e-05, 5.831866e-07, 1.236714e-01, 7.259305e-04, 0.000000e+00, 0.000000, 1.000000e-01, 0, 0.123671, 7.259305e-04 
1.121931e-01, 2.848283e-03, 8.164613e-06, 7.289833e-05, 6.123459e-06, 2.749142e-03, 1.108055e-05, 8.747799e-07, 1.235767e-01, 7.756945e-04, 0.000000e+00, 0.000000, 1.000000e-01, 0, 0.123577, 7.756945e-04 
1.149770e-01, 2.783841e-03, 8.164613e-06, 7.231514e-05, 5.831866e-06, 2.685574e-03, 1.137214e-05, 5.831866e-07, 1.235073e-01, 8.064559e-04, 0.000000e+00, 0.000000, 1.000000e-01, 0, 0.123507, 8.064559e-04 
1.179498e-01, 2.972794e-03, 7.873019e-06, 7.144036e-05, 6.123459e-06, 2.875110e-03, 1.137214e-05, 8.747799e-07, 1.234852e-01, 8.008198e-04, 0.000000e+00, 0.000000, 1.000000e-01, 0, 0.123485, 8.008198e-04 
1.207304e-01, 2.780634e-03, 8.164613e-06, 7.348151e-05, 6.123459e-06, 2.680909e-03, 1.108055e-05, 8.747799e-07, 1.234164e-01, 8.740434e-04, 0.000000e+00, 0.000000, 1.000000e-01, 0, 0.123416, 8.740434e-04 
1.235469e-01, 2.816500e-03, 8.164613e-06, 7.231514e-05, 6.123459e-06, 2.717650e-03, 1.137214e-05, 8.747799e-07, 1.233165e-01, 8.644566e-04, 0.000000e+00, 0.000000, 1.000000e-01, 0, 0.123316, 8.644566e-04 
1.264019e-01, 2.854990e-03, 7.873019e-06, 7.289833e-05, 6.123459e-06, 2.756140e-03, 1.108055e-05, 8.747799e-07, 1.231387e-01, 9.409175e-04, 0.000000e+00, 0.000000, 1.000000e-01, 0, 0.123139, 9.409175e-04 
1.291904e-01, 2.788507e-03, 8.164613e-06, 7.173195e-05, 6.123459e-06, 2.690531e-03, 1.108055e-05, 8.747799e-07, 1.230611e-01, 9.574112e-04, 0.000000e+00, 0.000000, 1.000000e-01, 0, 0.123061, 9.574112e-04 
1.321061e-01, 2.915641e-03, 8.164613e-06, 7.202355e-05, 5.831866e-06, 2.816791e-03, 1.195533e-05, 8.747799e-07, 1.227156e-01, 1.045464e-03, 0.000000e+00, 0.000000, 1.000000e-01, 0, 0.122716, 1.045464e-03 
1.352940e-01, 3.187990e-03, 8.747799e-06, 7.843860e-05, 6.123459e-06, 3.081558e-03, 1.195533e-05, 1.166373e-06, 1.226023e-01, 1.057251e-03, 0.000000e+00, 0.000000, 1.000000e-01, 0, 0.122602, 1.057251e-03 
1.381033e-01, 2.809210e-03, 9.039393e-06, 7.377311e-05, 6.706646e-06, 2.705986e-03, 1.283011e-05, 8.747799e-07, 1.222918e-01, 1.077226e-03, 0.000000e+00, 0.000000, 1.000000e-01, 0, 0.122292, 1.077226e-03 
1.408842e-01, 2.780925e-03, 7.873019e-06, 7.231514e-05, 5.831866e-06, 2.679159e-03, 1.516285e-05, 5.831866e-07, 1.221964e-01, 1.081324e-03, 0.000000e+00, 0.000000, 1.000000e-01, 0, 0.122196, 1.081324e-03 
1.443754e-01, 3.491247e-03, 1.312170e-05, 8.018816e-05, 6.123459e-06, 3.370819e-03, 1.953675e-05, 1.457967e-06, 1.218147e-01, 1.156740e-03, 0.000000e+00, 0.000000, 1.000000e-01, 0, 0.121815, 1.156740e-03 
1.474042e-01, 3.028780e-03, 1.341329e-05, 8.776959e-05, 6.415053e-06, 2.905727e-03, 1.457967e-05, 8.747799e-07, 1.217715e-01, 1.160362e-03, 0.000000e+00, 0.000000, 1.000000e-01, 0, 0.121771, 1.160362e-03 
1.505744e-01, 3.170202e-03, 8.747799e-06, 7.843860e-05, 6.706646e-06, 3.064062e-03, 1.137214e-05, 8.747799e-07, 1.213600e-01, 1.229030e-03, 0.000000e+00, 0.000000, 1.000000e-01, 0, 0.121360, 1.229030e-03 
1.537277e-01, 3.153290e-03, 8.164613e-06, 7.406470e-05, 6.415053e-06, 3.050358e-03, 1.312170e-05, 1.166373e-06, 1.211975e-01, 1.255126e-03, 0.000000e+00, 0.000000, 1.000000e-01, 0, 0.121197, 1.255126e-03 
1.567308e-01, 3.003119e-03, 8.456206e-06, 7.231514e-05, 6.123459e-06, 2.902811e-03, 1.253851e-05, 8.747799e-07, 1.210690e-01, 1.293018e-03, 0.000000e+00, 0.000000, 1.000000e-01, 0, 0.121069, 1.293018e-03 
1.606802e-01, 3.949340e-03, 1.253851e-05, 8.631162e-05, 6.998239e-06, 3.826871e-03, 1.545445e-05, 1.166373e-06, 1.209392e-01, 1.321186e-03, 0.000000e+00, 0.000000, 1.000000e-01, 0, 0.120939, 1.321186e-03 
1.648295e-01, 4.149373e-03, 1.399648e-05, 1.067232e-04, 9.914172e-06, 3.998911e-03, 1.837038e-05, 1.457967e-06, 1.205698e-01, 1.377532e-03, 0.000000e+00, 0.000000, 1.000000e-01, 0, 0.120570, 1.377532e-03 
1.679061e-01, 3.076601e-03, 1.137214e-05, 1.014745e-04, 7.289833e-06, 2.944509e-03, 1.108055e-05, 8.747799e-07, 1.202091e-01, 1.438424e-03, 0.000000e+00, 0.000000, 1.000000e-01, 0, 0.120209, 1.438424e-03 
1.709302e-01, 3.024114e-03, 8.164613e-06, 7.318992e-05, 6.123459e-06, 2.924681e-03, 1.108055e-05, 8.747799e-07, 1.198256e-01, 1.465297e-03, 0.000000e+00, 0.000000, 1.000000e-01, 0, 0.119826, 1.465297e-03 
1.745425e-01, 3.612258e-03, 8.456206e-06, 7.348151e-05, 6.123459e-06, 3.510783e-03, 1.253851e-05, 8.747799e-07, 1.194809e-01, 1.499971e-03, 0.000000e+00, 0.000000, 1.000000e-01, 0, 0.119481, 1.499971e-03 
1.777045e-01, 3.162038e-03, 1.399648e-05, 8.018816e-05, 6.706646e-06, 3.049191e-03, 1.108055e-05, 8.747799e-07, 1.190558e-01, 1.596129e-03, 0.000000e+00, 0.000000, 1.000000e-01, 0, 0.119056, 1.596129e-03 
1.807045e-01, 2.999912e-03, 8.456206e-06, 7.260673e-05, 5.831866e-06, 2.878318e-03, 3.295004e-05, 1.749560e-06, 1.186985e-01, 1.617304e-03, 0.000000e+00, 0.000000, 1.000000e-01, 0, 0.118699, 1.617304e-03 
1.836472e-01, 2.942760e-03, 1.049736e-05, 8.368728e-05, 7.581426e-06, 2.828747e-03, 1.137214e-05, 8.747799e-07, 1.184959e-01, 1.670807e-03, 0.000000e+00, 0.000000, 1.000000e-01, 0, 0.118496, 1.670807e-03 
1.864313e-01, 2.784133e-03, 8.164613e-06, 7.318992e-05, 6.123459e-06, 2.684991e-03, 1.108055e-05, 5.831866e-07, 1.180753e-01, 1.833328e-03, 0.000000e+00, 0.000000, 1.000000e-01, 0, 0.118075, 1.833328e-03 
1.892750e-01, 2.843618e-03, 8.164613e-06, 7.202355e-05, 6.123459e-06, 2.745351e-03, 1.108055e-05, 8.747799e-07, 1.179155e-01, 1.666473e-03, 0.000000e+00, 0.000000, 1.000000e-01, 0, 0.117915, 1.666473e-03 
1.922288e-01, 2.953840e-03, 7.873019e-06, 7.144036e-05, 6.123459e-06, 2.856156e-03, 1.137214e-05, 8.747799e-07, 1.176961e-01, 1.748917e-03, 0.000000e+00, 0.000000, 1.000000e-01, 0, 0.117696, 1.748917e-03 
1.952803e-01, 3.051524e-03, 8.456206e-06, 7.377311e-05, 6.123459e-06, 2.951216e-03, 1.108055e-05, 8.747799e-07, 1.173054e-01, 1.772424e-03, 0.000000e+00, 0.000000, 1.000000e-01, 0, 0.117305, 1.772424e-03 
1.981102e-01, 2.829913e-03, 8.456206e-06, 7.289833e-05, 6.123459e-06, 2.730480e-03, 1.108055e-05, 8.747799e-07, 1.171391e-01, 1.831349e-03, 0.000000e+00, 0.000000, 1.000000e-01, 0, 0.117139, 1.831349e-03 
2.009728e-01, 2.862571e-03, 9.914172e-06, 9.505942e-05, 7.289833e-06, 2.738353e-03, 1.108055e-05, 8.747799e-07, 1.168619e-01, 1.856472e-03, 0.000000e+00, 0.000000, 1.000000e-01, 0, 0.116862, 1.856472e-03 
2.042232e-01, 3.250391e-03, 8.747799e-06, 9.214348e-05, 6.998239e-06, 3.130254e-03, 1.137214e-05, 8.747799e-07, 1.166416e-01, 1.927130e-03, 0.000000e+00, 0.000000, 1.000000e-01, 0, 0.116642, 1.927130e-03 
2.071158e-01, 2.892606e-03, 8.164613e-06, 7.260673e-05, 6.415053e-06, 2.793172e-03, 1.137214e-05, 8.747799e-07, 1.164439e-01, 2.055406e-03, 0.000000e+00, 0.000000, 1.000000e-01, 0, 0.116444, 2.055406e-03 
2.101373e-01, 3.021490e-03, 8.164613e-06, 7.260673e-05, 6.123459e-06, 2.922640e-03, 1.108055e-05, 8.747799e-07, 1.162726e-01, 2.078754e-03, 0.000000e+00, 0.000000, 1.000000e-01, 0, 0.116273, 2.078754e-03 
2.130069e-01, 2.869570e-03, 8.164613e-06, 7.289833e-05, 6.123459e-06, 2.770428e-03, 1.108055e-05, 8.747799e-07, 1.160373e-01, 1.952050e-03, 0.000000e+00, 0.000000, 1.000000e-01, 0, 0.116037, 1.952050e-03 
2.158467e-01, 2.839827e-03, 8.164613e-06, 7.144036e-05, 5.831866e-06, 2.740394e-03, 1.341329e-05, 5.831866e-07, 1.155154e-01, 1.956190e-03, 0.000000e+00, 0.000000, 1.000000e-01, 0, 0.115515, 1.956190e-03 
2.188274e-01, 2.980667e-03, 8.164613e-06, 7.260673e-05, 5.831866e-06, 2.880359e-03, 1.283011e-05, 8.747799e-07, 1.152642e-01, 2.036722e-03, 0.000000e+00, 0.000000, 1.000000e-01, 0, 0.115264, 2.036722e-03 
2.220760e-01, 3.248641e-03, 9.039393e-06, 8.135453e-05, 6.706646e-06, 3.137836e-03, 1.283011e-05, 8.747799e-07, 1.147383e-01, 2.024323e-03, 0.000000e+00, 0.000000, 1.000000e-01, 0, 0.114738, 2.024323e-03 
2.251275e-01, 3.051524e-03, 9.330986e-06, 8.368728e-05, 6.706646e-06, 2.935178e-03, 1.603763e-05, 5.831866e-07, 1.142115e-01, 2.057143e-03, 0.000000e+00, 0.000000, 1.000000e-01, 0, 0.114212, 2.057143e-03 
2.279207e-01, 2.793172e-03, 8.164613e-06, 7.202355e-05, 6.123459e-06, 2.694031e-03, 1.195533e-05, 8.747799e-07, 1.139428e-01, 2.121730e-03, 0.000000e+00, 0.000000, 1.000000e-01, 0, 0.113943, 2.121730e-03 
2.306905e-01, 2.769845e-03, 8.164613e-06, 7.289833e-05, 6.123459e-06, 2.668954e-03, 1.224692e-05, 1.457967e-06, 1.136525e-01, 2.148514e-03, 0.000000e+00, 0.000000, 1.000000e-01, 0, 0.113653, 2.148514e-03 
2.335677e-01, 2.877151e-03, 7.873019e-06, 7.114877e-05, 5.831866e-06, 2.779467e-03, 1.195533e-05, 8.747799e-07, 1.135399e-01, 2.147794e-03, 0.000000e+00, 0.000000, 1.000000e-01, 0, 0.113540, 2.147794e-03 
2.363731e-01, 2.805419e-03, 8.747799e-06, 7.902179e-05, 6.415053e-06, 2.698988e-03, 1.137214e-05, 8.747799e-07, 1.130499e-01, 2.181749e-03, 0.000000e+00, 0.000000, 1.000000e-01, 0, 0.113050, 2.181749e-03 
2.394908e-01, 3.117716e-03, 8.164613e-06, 7.318992e-05, 6.123459e-06, 3.016533e-03, 1.253851e-05, 1.166373e-06, 1.125351e-01, 2.269431e-03, 0.000000e+00, 0.000000, 1.000000e-01, 0, 0.112535, 2.269431e-03 
2.425995e-01, 3.108676e-03, 9.039393e-06, 8.106294e-05, 6.998239e-06, 2.999620e-03, 1.108055e-05, 8.747799e-07, 1.120335e-01, 2.316779e-03, 0.000000e+00, 0.000000, 1.000000e-01, 0, 0.112034, 2.316779e-03 
2.454157e-01, 2.816208e-03, 8.747799e-06, 7.348151e-05, 6.123459e-06, 2.715608e-03, 1.137214e-05, 8.747799e-07, 1.116372e-01, 2.469617e-03, 0.000000e+00, 0.000000, 1.000000e-01, 0, 0.111637, 2.469617e-03 
2.485926e-01, 3.176909e-03, 8.456206e-06, 7.348151e-05, 6.415053e-06, 3.070186e-03, 1.720401e-05, 1.166373e-06, 1.114862e-01, 2.390373e-03, 0.000000e+00, 0.000000, 1.000000e-01, 0, 0.111486, 2.390373e-03 
2.521358e-01, 3.543150e-03, 1.253851e-05, 9.622579e-05, 7.581426e-06, 3.411059e-03, 1.457967e-05, 1.166373e-06, 1.108133e-01, 2.302190e-03, 0.000000e+00, 0.000000, 1.000000e-01, 0, 0.110813, 2.302190e-03 
2.553827e-01, 3.246891e-03, 1.049736e-05, 8.339569e-05, 7.581426e-06, 3.132295e-03, 1.224692e-05, 8.747799e-07, 1.104574e-01, 2.358567e-03, 0.000000e+00, 0.000000, 1.000000e-01, 0, 0.110457, 2.358567e-03 
2.588862e-01, 3.503494e-03, 8.747799e-06, 7.348151e-05, 6.415053e-06, 3.402019e-03, 1.166373e-05, 1.166373e-06, 1.101690e-01, 2.333287e-03, 0.000000e+00, 0.000000, 1.000000e-01, 0, 0.110169, 2.333287e-03 
2.617534e-01, 2.867237e-03, 8.456206e-06, 7.406470e-05, 6.123459e-06, 2.766346e-03, 1.137214e-05, 8.747799e-07, 1.095118e-01, 2.321970e-03, 0.000000e+00, 0.000000, 1.000000e-01, 0, 0.109512, 2.321970e-03 
2.652709e-01, 3.517490e-03, 7.873019e-06, 7.260673e-05, 6.123459e-06, 3.413974e-03, 1.574604e-05, 1.166373e-06, 1.092254e-01, 2.358684e-03, 0.000000e+00, 0.000000, 1.000000e-01, 0, 0.109225, 2.358684e-03 
2.691733e-01, 3.902393e-03, 1.982834e-05, 9.739216e-05, 6.998239e-06, 3.760096e-03, 1.691241e-05, 1.166373e-06, 1.088411e-01, 2.392720e-03, 0.000000e+00, 0.000000, 1.000000e-01, 0, 0.108841, 2.392720e-03 
2.734063e-01, 4.233060e-03, 1.108055e-05, 9.622579e-05, 8.456206e-06, 4.101551e-03, 1.428807e-05, 1.457967e-06, 1.083194e-01, 2.453842e-03, 0.000000e+00, 0.000000, 1.000000e-01, 0, 0.108319, 2.453842e-03 
2.767422e-01, 3.335827e-03, 1.049736e-05, 8.427047e-05, 7.873019e-06, 3.218607e-03, 1.370489e-05, 8.747799e-07, 1.076970e-01, 2.414480e-03, 0.000000e+00, 0.000000, 1.000000e-01, 0, 0.107697, 2.414480e-03 
2.800862e-01, 3.343992e-03, 1.662082e-05, 7.435629e-05, 6.998239e-06, 3.232895e-03, 1.224692e-05, 8.747799e-07, 1.071173e-01, 2.392706e-03, 0.000000e+00, 0.000000, 1.000000e-01, 0, 0.107117, 2.392706e-03 
2.831986e-01, 3.112467e-03, 9.039393e-06, 7.493948e-05, 6.998239e-06, 3.005452e-03, 1.487126e-05, 1.166373e-06, 1.069697e-01, 2.396289e-03, 0.000000e+00, 0.000000, 1.000000e-01, 0, 0.106970, 2.396289e-03 
2.867817e-01, 3.583099e-03, 9.914172e-06, 8.135453e-05, 7.289833e-06, 3.467336e-03, 1.603763e-05, 1.166373e-06, 1.064097e-01, 2.380965e-03, 0.000000e+00, 0.000000, 1.000000e-01, 0, 0.106410, 2.380965e-03 
2.903135e-01, 3.531778e-03, 9.914172e-06, 8.368728e-05, 7.581426e-06, 3.415724e-03, 1.370489e-05, 1.166373e-06, 1.061193e-01, 2.404857e-03, 0.000000e+00, 0.000000, 1.000000e-01, 0, 0.106119, 2.404857e-03 
2.935522e-01, 3.238727e-03, 9.622579e-06, 9.972491e-05, 7.873019e-06, 3.108093e-03, 1.253851e-05, 8.747799e-07, 1.055705e-01, 2.390268e-03, 0.000000e+00, 0.000000, 1.000000e-01, 0, 0.105570, 2.390268e-03 
2.968787e-01, 3.326496e-03, 9.330986e-06, 1.627091e-04, 9.039393e-06, 3.131712e-03, 1.283011e-05, 8.747799e-07, 1.052398e-01, 2.411112e-03, 0.000000e+00, 0.000000, 1.000000e-01, 0, 0.105240, 2.411112e-03 
3.001676e-01, 3.288881e-03, 1.078895e-05, 8.922755e-05, 7.289833e-06, 3.168453e-03, 1.224692e-05, 8.747799e-07, 1.046720e-01, 2.413586e-03, 0.000000e+00, 0.000000, 1.000000e-01, 0, 0.104672, 2.413586e-03 
3.037306e-01, 3.562979e-03, 8.747799e-06, 7.814701e-05, 6.415053e-06, 3.452465e-03, 1.603763e-05, 1.166373e-06, 1.040780e-01, 2.498032e-03, 0.000000e+00, 0.000000, 1.000000e-01, 0, 0.104078, 2.498032e-03 
3.079537e-01, 4.223146e-03, 1.341329e-05, 1.073063e-04, 1.020577e-05, 4.070934e-03, 1.924516e-05, 2.041153e-06, 1.037232e-01, 2.497369e-03, 0.000000e+00, 0.000000, 1.000000e-01, 0, 0.103723, 2.497369e-03 
3.111583e-01, 3.204610e-03, 1.487126e-05, 1.090559e-04, 1.166373e-05, 3.057064e-03, 1.137214e-05, 5.831866e-07, 1.031700e-01, 2.640679e-03, 0.000000e+00, 0.000000, 1.000000e-01, 0, 0.103170, 2.640679e-03 
3.144950e-01, 3.336702e-03, 8.164613e-06, 7.289833e-05, 8.456206e-06, 3.227938e-03, 1.837038e-05, 8.747799e-07, 1.029224e-01, 2.445720e-03, 0.000000e+00, 0.000000, 1.000000e-01, 0, 0.102922, 2.445720e-03 
3.177268e-01, 3.231729e-03, 8.747799e-06, 7.318992e-05, 6.415053e-06, 3.129963e-03, 1.253851e-05, 8.747799e-07, 1.028754e-01, 2.483317e-03, 0.000000e+00, 0.000000, 1.000000e-01, 0, 0.102875, 2.483317e-03 
3.210477e-01, 3.320956e-03, 1.137214e-05, 8.864437e-05, 7.581426e-06, 3.197612e-03, 1.457967e-05, 1.166373e-06, 1.022903e-01, 2.495419e-03, 0.000000e+00, 0.000000, 1.000000e-01, 0, 0.102290, 2.495419e-03 
3.243104e-01, 3.262638e-03, 9.622579e-06, 8.660321e-05, 7.581426e-06, 3.146292e-03, 1.166373e-05, 8.747799e-07, 1.016888e-01, 2.444282e-03, 0.000000e+00, 0.000000, 1.000000e-01, 0, 0.101689, 2.444282e-03 
3.271452e-01, 2.834870e-03, 8.456206e-06, 7.435629e-05, 6.123459e-06, 2.732812e-03, 1.137214e-05, 1.749560e-06, 1.017254e-01, 2.505715e-03, 0.000000e+00, 0.000000, 5.000000e-02, 0, 0.101725, 2.505715e-03 
3.299617e-01, 2.816500e-03, 8.164613e-06, 7.348151e-05, 6.123459e-06, 2.716483e-03, 1.137214e-05, 8.747799e-07, 1.015623e-01, 2.479376e-03, 0.000000e+00, 0.000000, 5.000000e-02, 0, 0.101562, 2.479376e-03 
3.331419e-01, 3.180117e-03, 8.164613e-06, 7.348151e-05, 6.123459e-06, 3.080100e-03, 1.137214e-05, 8.747799e-07, 1.013321e-01, 2.498597e-03, 0.000000e+00, 0.000000, 5.000000e-02, 0, 0.101332, 2.498597e-03 
3.362940e-01, 3.152124e-03, 8.456206e-06, 7.406470e-05, 6.123459e-06, 3.051232e-03, 1.137214e-05, 8.747799e-07, 1.010398e-01, 2.462336e-03, 0.000000e+00, 0.000000, 5.000000e-02, 0, 0.101040, 2.462336e-03 
3.392391e-01, 2.945092e-03, 9.039393e-06, 8.747799e-05, 6.706646e-06, 2.830205e-03, 1.108055e-05, 5.831866e-07, 1.007796e-01, 2.444652e-03, 0.000000e+00, 0.000000, 5.000000e-02, 0, 0.100780, 2.444652e-03 
3.422477e-01, 3.008660e-03, 8.164613e-06, 7.406470e-05, 6.123459e-06, 2.904269e-03, 1.487126e-05, 1.166373e-06, 1.005923e-01, 2.444915e-03, 0.000000e+00, 0.000000, 5.000000e-02, 0, 0.100592, 2.444915e-03 
3.451185e-01, 2.870736e-03, 1.049736e-05, 9.739216e-05, 6.415053e-06, 2.744476e-03, 1.108055e-05, 8.747799e-07, 1.003573e-01, 2.451601e-03, 0.000000e+00, 0.000000, 5.000000e-02, 0, 0.100357, 2.451601e-03 
3.480143e-01, 2.895813e-03, 8.164613e-06, 7.260673e-05, 6.123459e-06, 2.796088e-03, 1.195533e-05, 8.747799e-07, 1.001891e-01, 2.456772e-03, 0.000000e+00, 0.000000, 5.000000e-02, 0, 0.100189, 2.456772e-03 
3.512673e-01, 3.253015e-03, 9.039393e-06, 8.543684e-05, 6.706646e-06, 3.134045e-03, 1.662082e-05, 1.166373e-06, 9.986307e-02, 2.443285e-03, 0.000000e+00, 0.000000, 5.000000e-02, 0, 0.099863, 2.443285e-03 
3.542273e-01, 2.959964e-03, 1.049736e-05, 8.077135e-05, 6.706646e-06, 2.850616e-03, 1.049736e-05, 8.747799e-07, 9.954690e-02, 2.437198e-03, 0.000000e+00, 0.000000, 5.000000e-02, 0, 0.099547, 2.437198e-03 
3.570336e-01, 2.806294e-03, 7.873019e-06, 7.260673e-05, 5.831866e-06, 2.707735e-03, 1.137214e-05, 8.747799e-07, 9.922994e-02, 2.422225e-03, 0.000000e+00, 0.000000, 5.000000e-02, 0, 0.099230, 2.422225e-03 
3.599466e-01, 2.913017e-03, 8.164613e-06, 7.260673e-05, 6.123459e-06, 2.813292e-03, 1.195533e-05, 8.747799e-07, 9.906526e-02, 2.429242e-03, 0.000000e+00, 0.000000, 5.000000e-02, 0, 0.099065, 2.429242e-03 
3.629751e-01, 3.028488e-03, 8.164613e-06, 7.289833e-05, 6.123459e-06, 2.928472e-03, 1.195533e-05, 8.747799e-07, 9.896712e-02, 2.431401e-03, 0.000000e+00, 0.000000, 5.000000e-02, 0, 0.098967, 2.431401e-03 
3.658426e-01, 2.867529e-03, 9.330986e-06, 7.931338e-05, 6.415053e-06, 2.760514e-03, 1.108055e-05, 8.747799e-07, 9.865388e-02, 2.421204e-03, 0.000000e+00, 0.000000, 5.000000e-02, 0, 0.098654, 2.421204e-03 
3.687434e-01, 2.900770e-03, 8.164613e-06, 8.427047e-05, 6.706646e-06, 2.789673e-03, 1.108055e-05, 8.747799e-07, 9.829240e-02, 2.396494e-03, 0.000000e+00, 0.000000, 5.000000e-02, 0, 0.098292, 2.396494e-03 
3.715587e-01, 2.815333e-03, 8.164613e-06, 7.318992e-05, 6.123459e-06, 2.716483e-03, 1.078895e-05, 5.831866e-07, 9.804649e-02, 2.376362e-03, 0.000000e+00, 0.000000, 5.000000e-02, 0, 0.098046, 2.376362e-03 
3.744425e-01, 2.883858e-03, 7.873019e-06, 7.289833e-05, 6.415053e-06, 2.783841e-03, 1.195533e-05, 8.747799e-07, 9.785596e-02, 2.376153e-03, 0.000000e+00, 0.000000, 5.000000e-02, 0, 0.097856, 2.376153e-03 
3.772483e-01, 2.805711e-03, 9.039393e-06, 8.368728e-05, 6.123459e-06, 2.694905e-03, 1.137214e-05, 5.831866e-07, 9.768243e-02, 2.382211e-03, 0.000000e+00, 0.000000, 5.000000e-02, 0, 0.097682, 2.382211e-03 
3.801517e-01, 2.903395e-03, 8.164613e-06, 7.348151e-05, 6.123459e-06, 2.803670e-03, 1.108055e-05, 8.747799e-07, 9.763918e-02, 2.389230e-03, 0.000000e+00, 0.000000, 5.000000e-02, 0, 0.097639, 2.389230e-03 
3.831288e-01, 2.977168e-03, 7.873019e-06, 7.231514e-05, 5.831866e-06, 2.878609e-03, 1.166373e-05, 8.747799e-07, 9.740960e-02, 2.399276e-03, 0.000000e+00, 0.000000, 5.000000e-02, 0, 0.097410, 2.399276e-03 
3.859824e-01, 2.853532e-03, 8.747799e-06, 7.464789e-05, 6.123459e-06, 2.752349e-03, 1.108055e-05, 5.831866e-07, 9.716660e-02, 2.379265e-03, 0.000000e+00, 0.000000, 5.000000e-02, 0, 0.097167, 2.379265e-03 
3.889225e-01, 2.940135e-03, 8.164613e-06, 7.377311e-05, 6.123459e-06, 2.840119e-03, 1.108055e-05, 8.747799e-07, 9.713250e-02, 2.390201e-03, 0.000000e+00, 0.000000, 5.000000e-02, 0, 0.097132, 2.390201e-03 
3.920186e-01, 3.096138e-03, 7.114877e-05, 1.352993e-04, 8.747799e-06, 2.868695e-03, 1.137214e-05, 8.747799e-07, 9.698385e-02, 2.402238e-03, 0.000000e+00, 0.000000, 5.000000e-02, 0, 0.096984, 2.402238e-03 
3.949757e-01, 2.957048e-03, 8.164613e-06, 7.348151e-05, 6.123459e-06, 2.855573e-03, 1.253851e-05, 1.166373e-06, 9.666808e-02, 2.393690e-03, 0.000000e+00, 0.000000, 5.000000e-02, 0, 0.096668, 2.393690e-03 
3.981316e-01, 3.155914e-03, 9.039393e-06, 7.960497e-05, 6.706646e-06, 3.048608e-03, 1.108055e-05, 8.747799e-07, 9.638688e-02, 2.378409e-03, 0.000000e+00, 0.000000, 5.000000e-02, 0, 0.096387, 2.378409e-03 
4.011659e-01, 3.034320e-03, 8.164613e-06, 7.318992e-05, 6.123459e-06, 2.934887e-03, 1.137214e-05, 5.831866e-07, 9.620466e-02, 2.377949e-03, 0.000000e+00, 0.000000, 5.000000e-02, 0, 0.096205, 2.377949e-03 
4.048312e-01, 3.665328e-03, 1.020577e-05, 9.564260e-05, 7.873019e-06, 3.539360e-03, 1.137214e-05, 8.747799e-07, 9.607851e-02, 2.372010e-03, 0.000000e+00, 0.000000, 5.000000e-02, 0, 0.096079, 2.372010e-03 
4.076626e-01, 2.831371e-03, 8.456206e-06, 7.435629e-05, 6.415053e-06, 2.730188e-03, 1.108055e-05, 8.747799e-07, 9.580298e-02, 2.380442e-03, 0.000000e+00, 0.000000, 5.000000e-02, 0, 0.095803, 2.380442e-03 
4.106952e-01, 3.032570e-03, 1.049736e-05, 7.727223e-05, 6.706646e-06, 2.921765e-03, 1.545445e-05, 8.747799e-07, 9.563927e-02, 2.406632e-03, 0.000000e+00, 0.000000, 5.000000e-02, 0, 0.095639, 2.406632e-03 
4.135461e-01, 2.850908e-03, 1.166373e-05, 9.301826e-05, 6.123459e-06, 2.728439e-03, 1.108055e-05, 5.831866e-07, 9.543226e-02, 2.428062e-03, 0.000000e+00, 0.000000, 5.000000e-02, 0, 0.095432, 2.428062e-03 
4.163232e-01, 2.777135e-03, 8.164613e-06, 7.348151e-05, 6.415053e-06, 2.677118e-03, 1.108055e-05, 8.747799e-07, 9.519167e-02, 2.434170e-03, 0.000000e+00, 0.000000, 5.000000e-02, 0, 0.095192, 2.434170e-03 
4.191960e-01, 2.872777e-03, 9.914172e-06, 7.202355e-05, 6.123459e-06, 2.773052e-03, 1.078895e-05, 8.747799e-07, 9.491033e-02, 2.370734e-03, 0.000000e+00, 0.000000, 5.000000e-02, 0, 0.094910, 2.370734e-03 
4.219775e-01, 2.781509e-03, 8.164613e-06, 7.260673e-05, 5.831866e-06, 2.682950e-03, 1.108055e-05, 8.747799e-07, 9.479489e-02, 2.366281e-03, 0.000000e+00, 0.000000, 5.000000e-02, 0, 0.094795, 2.366281e-03 
4.248313e-01, 2.853824e-03, 8.164613e-06, 7.289833e-05, 6.123459e-06, 2.755265e-03, 1.078895e-05, 5.831866e-07, 9.463496e-02, 2.397313e-03, 0.000000e+00, 0.000000, 5.000000e-02, 0, 0.094635, 2.397313e-03 
4.277691e-01, 2.937803e-03, 8.164613e-06, 7.260673e-05, 6.123459e-06, 2.838952e-03, 1.108055e-05, 8.747799e-07, 9.431845e-02, 2.359333e-03, 0.000000e+00, 0.000000, 5.000000e-02, 0, 0.094318, 2.359333e-03 
4.305562e-01, 2.787049e-03, 7.873019e-06, 7.202355e-05, 6.415053e-06, 2.688782e-03, 1.137214e-05, 5.831866e-07, 9.421449e-02, 2.329386e-03, 0.000000e+00, 0.000000, 5.000000e-02, 0, 0.094214, 2.329386e-03 
4.334077e-01, 2.851491e-03, 8.164613e-06, 7.289833e-05, 6.123459e-06, 2.751474e-03, 1.195533e-05, 8.747799e-07, 9.421101e-02, 2.342733e-03, 0.000000e+00, 0.000000, 5.000000e-02, 0, 0.094211, 2.342733e-03 
4.362288e-01, 2.821165e-03, 8.747799e-06, 8.310409e-05, 6.415053e-06, 2.710943e-03, 1.108055e-05, 8.747799e-07, 9.395603e-02, 2.339565e-03, 0.000000e+00, 0.000000, 5.000000e-02, 0, 0.093956, 2.339565e-03 
4.389905e-01, 2.761680e-03, 8.164613e-06, 7.464789e-05, 8.747799e-06, 2.658165e-03, 1.108055e-05, 8.747799e-07, 9.372543e-02, 2.317603e-03, 0.000000e+00, 0.000000, 5.000000e-02, 0, 0.093725, 2.317603e-03 
4.422249e-01, 3.234353e-03, 8.164613e-06, 7.173195e-05, 5.831866e-06, 3.136378e-03, 1.137214e-05, 8.747799e-07, 9.353796e-02, 2.321229e-03, 0.000000e+00, 0.000000, 5.000000e-02, 0, 0.093538, 2.321229e-03 
4.450081e-01, 2.783258e-03, 8.456206e-06, 7.348151e-05, 5.831866e-06, 2.683533e-03, 1.108055e-05, 8.747799e-07, 9.330914e-02, 2.323304e-03, 0.000000e+00, 0.000000, 5.000000e-02, 0, 0.093309, 2.323304e-03 
4.478547e-01, 2.846534e-03, 8.164613e-06, 7.202355e-05, 6.123459e-06, 2.746226e-03, 1.312170e-05, 8.747799e-07, 9.299869e-02, 2.309996e-03, 0.000000e+00, 0.000000, 5.000000e-02, 0, 0.092999, 2.309996e-03 
4.507403e-01, 2.885607e-03, 1.078895e-05, 7.989657e-05, 6.415053e-06, 2.776551e-03, 1.108055e-05, 8.747799e-07, 9.271990e-02, 2.269654e-03, 0.000000e+00, 0.000000, 5.000000e-02, 0, 0.092720, 2.269654e-03 
4.536145e-01, 2.874235e-03, 9.330986e-06, 7.377311e-05, 6.706646e-06, 2.772761e-03, 1.108055e-05, 5.831866e-07, 9.254425e-02, 2.266274e-03, 0.000000e+00, 0.000000, 5.000000e-02, 0, 0.092544, 2.266274e-03 
4.566783e-01, 3.063771e-03, 7.873019e-06, 7.377311e-05, 6.123459e-06, 2.963171e-03, 1.195533e-05, 8.747799e-07, 9.236722e-02, 2.269357e-03, 0.000000e+00, 0.000000, 5.000000e-02, 0, 0.092367, 2.269357e-03 
4.604477e-01, 3.769427e-03, 8.747799e-06, 8.806118e-05, 8.164613e-06, 3.648707e-03, 1.457967e-05, 1.166373e-06, 9.216459e-02, 2.251357e-03, 0.000000e+00, 0.000000, 5.000000e-02, 0, 0.092165, 2.251357e-03 
4.637590e-01, 3.311334e-03, 1.224692e-05, 9.855854e-05, 7.873019e-06, 3.180117e-03, 1.137214e-05, 1.166373e-06, 9.192955e-02, 2.258751e-03, 0.000000e+00, 0.000000, 5.000000e-02, 0, 0.091930, 2.258751e-03 
4.666012e-01, 2.842160e-03, 8.747799e-06, 7.348151e-05, 6.415053e-06, 2.741560e-03, 1.108055e-05, 8.747799e-07, 9.173238e-02, 2.255644e-03, 0.000000e+00, 0.000000, 5.000000e-02, 0, 0.091732, 2.255644e-03 
4.701336e-01, 3.532361e-03, 1.049736e-05, 9.535101e-05, 7.873019e-06, 3.399395e-03, 1.778719e-05, 1.457967e-06, 9.154200e-02, 2.233513e-03, 0.000000e+00, 0.000000, 5.000000e-02, 0, 0.091542, 2.233513e-03 
4.733452e-01, 3.211609e-03, 1.108055e-05, 8.602003e-05, 7.289833e-06, 3.093513e-03, 1.283011e-05, 8.747799e-07, 9.131250e-02, 2.245890e-03, 0.000000e+00, 0.000000, 5.000000e-02, 0, 0.091313, 2.245890e-03 
4.762503e-01, 2.905144e-03, 8.747799e-06, 7.902179e-05, 6.706646e-06, 2.798421e-03, 1.137214e-05, 8.747799e-07, 9.126717e-02, 2.243987e-03, 0.000000e+00, 0.000000, 5.000000e-02, 0, 0.091267, 2.243987e-03 
4.792004e-01, 2.950049e-03, 7.873019e-06, 7.318992e-05, 5.831866e-06, 2.850908e-03, 1.137214e-05, 8.747799e-07, 9.104223e-02, 2.239989e-03, 0.000000e+00, 0.000000, 5.000000e-02, 0, 0.091042, 2.239989e-03 
4.820962e-01, 2.895813e-03, 8.164613e-06, 7.377311e-05, 5.831866e-06, 2.796088e-03, 1.137214e-05, 5.831866e-07, 9.081817e-02, 2.205574e-03, 0.000000e+00, 0.000000, 5.000000e-02, 0, 0.090818, 2.205574e-03 
4.850372e-01, 2.941010e-03, 8.456206e-06, 7.318992e-05, 6.123459e-06, 2.840119e-03, 1.224692e-05, 8.747799e-07, 9.079543e-02, 2.219723e-03, 0.000000e+00, 0.000000, 5.000000e-02, 0, 0.090795, 2.219723e-03 
4.879942e-01, 2.957048e-03, 9.039393e-06, 7.960497e-05, 6.706646e-06, 2.849741e-03, 1.108055e-05, 8.747799e-07, 9.054469e-02, 2.208582e-03, 0.000000e+00, 0.000000, 5.000000e-02, 0, 0.090545, 2.208582e-03 
4.908411e-01, 2.846825e-03, 8.456206e-06, 7.318992e-05, 6.123459e-06, 2.746809e-03, 1.137214e-05, 8.747799e-07, 9.030826e-02, 2.204158e-03, 0.000000e+00, 0.000000, 5.000000e-02, 0, 0.090308, 2.204158e-03 
4.936608e-01, 2.819707e-03, 7.873019e-06, 7.260673e-05, 6.415053e-06, 2.720274e-03, 1.166373e-05, 8.747799e-07, 9.006097e-02, 2.187090e-03, 0.000000e+00, 0.000000, 5.000000e-02, 0, 0.090061, 2.187090e-03 
4.964851e-01, 2.824373e-03, 8.456206e-06, 7.348151e-05, 6.123459e-06, 2.724356e-03, 1.108055e-05, 8.747799e-07, 8.995235e-02, 2.168137e-03, 0.000000e+00, 0.000000, 5.000000e-02, 0, 0.089952, 2.168137e-03 
4.994705e-01, 2.985332e-03, 8.164613e-06, 7.289833e-05, 6.123459e-06, 2.885899e-03, 1.137214e-05, 8.747799e-07, 8.984736e-02, 2.164256e-03, 0.000000e+00, 0.000000, 5.000000e-02, 0, 0.089847, 2.164256e-03 
5.026631e-01, 3.192655e-03, 9.039393e-06, 7.902179e-05, 6.706646e-06, 3.085057e-03, 1.195533e-05, 8.747799e-07, 8.967144e-02, 2.147086e-03, 0.000000e+00, 0.000000, 5.000000e-02, 0, 0.089671, 2.147086e-03 
5.054717e-01, 2.808627e-03, 9.330986e-06, 8.047975e-05, 6.415053e-06, 2.700446e-03, 1.108055e-05, 8.747799e-07, 8.963686e-02, 2.156265e-03, 0.000000e+00, 0.000000, 5.000000e-02, 0, 0.089637, 2.156265e-03 
5.084046e-01, 2.932845e-03, 8.164613e-06, 7.231514e-05, 5.831866e-06, 2.834579e-03, 1.108055e-05, 8.747799e-07, 8.946353e-02, 2.162822e-03, 0.000000e+00, 0.000000, 5.000000e-02, 0, 0.089464, 2.162822e-03 
5.111887e-01, 2.784133e-03, 7.873019e-06, 7.173195e-05, 1.312170e-05, 2.678868e-03, 1.108055e-05, 1.457967e-06, 8.946667e-02, 2.149110e-03, 0.000000e+00, 0.000000, 2.500000e-02, 0, 0.089467, 2.149110e-03 
5.139834e-01, 2.794630e-03, 7.873019e-06, 7.289833e-05, 1.341329e-05, 2.688490e-03, 1.108055e-05, 8.747799e-07, 8.929373e-02, 2.136952e-03, 0.000000e+00, 0.000000, 2.500000e-02, 0, 0.089294, 2.136952e-03 
5.168765e-01, 2.893189e-03, 8.164613e-06, 7.960497e-05, 8.456206e-06, 2.784716e-03, 1.137214e-05, 8.747799e-07, 8.919047e-02, 2.132907e-03, 0.000000e+00, 0.000000, 2.500000e-02, 0, 0.089190, 2.132907e-03 
5.201141e-01, 3.237560e-03, 7.873019e-06, 7.377311e-05, 6.123459e-06, 3.137836e-03, 1.108055e-05, 8.747799e-07, 8.906216e-02, 2.123542e-03, 0.000000e+00, 0.000000, 2.500000e-02, 0, 0.089062, 2.123542e-03 
5.231793e-01, 3.065229e-03, 7.873019e-06, 7.173195e-05, 6.123459e-06, 2.967253e-03, 1.108055e-05, 1.166373e-06, 8.893119e-02, 2.122765e-03, 0.000000e+00, 0.000000, 2.500000e-02, 0, 0.088931, 2.122765e-03 
5.260807e-01, 2.901353e-03, 8.164613e-06, 7.406470e-05, 6.123459e-06, 2.801045e-03, 1.108055e-05, 8.747799e-07, 8.884599e-02, 2.119165e-03, 0.000000e+00, 0.000000, 2.500000e-02, 0, 0.088846, 2.119165e-03 
5.288756e-01, 2.794922e-03, 8.164613e-06, 7.260673e-05, 6.123459e-06, 2.696072e-03, 1.108055e-05, 8.747799e-07, 8.872744e-02, 2.120118e-03, 0.000000e+00, 0.000000, 2.500000e-02, 0, 0.088727, 2.120118e-03 
5.320391e-01, 3.163496e-03, 7.873019e-06, 7.173195e-05, 5.831866e-06, 3.065520e-03, 1.137214e-05, 1.166373e-06, 8.866773e-02, 2.115730e-03, 0.000000e+00, 0.000000, 2.500000e-02, 0, 0.088668, 2.115730e-03 
5.349049e-01, 2.865779e-03, 8.164613e-06, 7.318992e-05, 6.415053e-06, 2.761389e-03, 1.574604e-05, 8.747799e-07, 8.853816e-02, 2.103551e-03, 0.000000e+00, 0.000000, 2.500000e-02, 0, 0.088538, 2.103551e-03 
5.379013e-01, 2.996413e-03, 1.078895e-05, 1.067232e-04, 8.164613e-06, 2.859072e-03, 1.108055e-05, 5.831866e-07, 8.843958e-02, 2.099588e-03, 0.000000e+00, 0.000000, 2.500000e-02, 0, 0.088440, 2.099588e-03 
5.407478e-01, 2.846534e-03, 8.164613e-06, 7.435629e-05, 6.123459e-06, 2.745934e-03, 1.108055e-05, 8.747799e-07, 8.831732e-02, 2.093970e-03, 0.000000e+00, 0.000000, 2.500000e-02, 0, 0.088317, 2.093970e-03 
5.435635e-01, 2.815625e-03, 8.164613e-06, 7.144036e-05, 5.831866e-06, 2.717941e-03, 1.137214e-05, 8.747799e-07, 8.819900e-02, 2.096220e-03, 0.000000e+00, 0.000000, 2.500000e-02, 0, 0.088199, 2.096220e-03 
5.465712e-01, 3.007785e-03, 8.164613e-06, 7.348151e-05, 6.123459e-06, 2.907768e-03, 1.137214e-05, 8.747799e-07, 8.814147e-02, 2.092725e-03, 0.000000e+00, 0.000000, 2.500000e-02, 0, 0.088141, 2.092725e-03 
5.494379e-01, 2.866654e-03, 8.164613e-06, 8.339569e-05, 6.123459e-06, 2.757015e-03, 1.108055e-05, 8.747799e-07, 8.803652e-02, 2.079068e-03, 0.000000e+00, 0.000000, 2.500000e-02, 0, 0.088037, 2.079068e-03 
5.525480e-01, 3.110134e-03, 1.108055e-05, 1.070147e-04, 8.456206e-06, 2.971336e-03, 1.137214e-05, 8.747799e-07, 8.791101e-02, 2.068692e-03, 0.000000e+00, 0.000000, 2.500000e-02, 0, 0.087911, 2.068692e-03 
5.554214e-01, 2.873360e-03, 8.456206e-06, 7.318992e-05, 5.831866e-06, 2.773636e-03, 1.137214e-05, 8.747799e-07, 8.781495e-02, 2.065427e-03, 0.000000e+00, 0.000000, 2.500000e-02, 0, 0.087815, 2.065427e-03 
5.582609e-01, 2.839536e-03, 8.164613e-06, 7.173195e-05, 6.123459e-06, 2.741269e-03, 1.137214e-05, 8.747799e-07, 8.768583e-02, 2.057531e-03, 0.000000e+00, 0.000000, 2.500000e-02, 0, 0.087686, 2.057531e-03 
5.610588e-01, 2.797838e-03, 8.164613e-06, 7.348151e-05, 6.123459e-06, 2.698113e-03, 1.108055e-05, 8.747799e-07, 8.756177e-02, 2.054199e-03, 0.000000e+00, 0.000000, 2.500000e-02, 0, 0.087562, 2.054199e-03 
5.638715e-01, 2.812709e-03, 8.164613e-06, 7.435629e-05, 5.831866e-06, 2.712401e-03, 1.108055e-05, 8.747799e-07, 8.743780e-02, 2.042882e-03, 0.000000e+00, 0.000000, 2.500000e-02, 0, 0.087438, 2.042882e-03 
5.670055e-01, 3.134045e-03, 8.164613e-06, 7.348151e-05, 6.123459e-06, 3.034028e-03, 1.137214e-05, 8.747799e-07, 8.734871e-02, 2.043985e-03, 0.000000e+00, 0.000000, 2.500000e-02, 0, 0.087349, 2.043985e-03 
5.698678e-01, 2.862280e-03, 8.164613e-06, 8.456206e-05, 6.123459e-06, 2.750891e-03, 1.166373e-05, 8.747799e-07, 8.725403e-02, 2.041576e-03, 0.000000e+00, 0.000000, 2.500000e-02, 0, 0.087254, 2.041576e-03 
5.731526e-01, 3.284799e-03, 8.164613e-06, 7.348151e-05, 6.123459e-06, 3.184199e-03, 1.195533e-05, 8.747799e-07, 8.715670e-02, 2.036016e-03, 0.000000e+00, 0.000000, 2.500000e-02, 0, 0.087157, 2.036016e-03 
5.762277e-01, 3.075143e-03, 8.747799e-06, 7.960497e-05, 6.415053e-06, 2.967837e-03, 1.137214e-05, 1.166373e-06, 8.707002e-02, 2.038690e-03, 0.000000e+00, 0.000000, 2.500000e-02, 0, 0.087070, 2.038690e-03 
5.791588e-01, 2.931096e-03, 8.164613e-06, 7.348151e-05, 6.415053e-06, 2.830788e-03, 1.137214e-05, 8.747799e-07, 8.697817e-02, 2.025816e-03, 0.000000e+00, 0.000000, 2.500000e-02, 0, 0.086978, 2.025816e-03 
5.829011e-01, 3.742308e-03, 3.120048e-05, 9.593420e-05, 6.415053e-06, 3.596512e-03, 1.137214e-05, 8.747799e-07, 8.688577e-02, 2.022958e-03, 0.000000e+00, 0.000000, 2.500000e-02, 0, 0.086886, 2.022958e-03 
5.863679e-01, 3.466753e-03, 2.449384e-05, 9.535101e-05, 6.706646e-06, 3.327080e-03, 1.224692e-05, 8.747799e-07, 8.679767e-02, 2.025671e-03, 0.000000e+00, 0.000000, 2.500000e-02, 0, 0.086798, 2.025671e-03 
5.898096e-01, 3.441676e-03, 9.039393e-06, 7.873019e-05, 6.706646e-06, 3.333786e-03, 1.253851e-05, 8.747799e-07, 8.672365e-02, 2.018238e-03, 0.000000e+00, 0.000000, 2.500000e-02, 0, 0.086724, 2.018238e-03 
5.931139e-01, 3.304335e-03, 9.039393e-06, 9.389304e-05, 9.039393e-06, 3.179533e-03, 1.195533e-05, 8.747799e-07, 8.660788e-02, 2.010986e-03, 0.000000e+00, 0.000000, 2.500000e-02, 0, 0.086608, 2.010986e-03 
5.965798e-01, 3.465878e-03, 1.428807e-05, 1.020577e-04, 6.706646e-06, 3.324455e-03, 1.720401e-05, 1.166373e-06, 8.649404e-02, 2.004842e-03, 0.000000e+00, 0.000000, 2.500000e-02, 0, 0.086494, 2.004842e-03 
5.995721e-01, 2.992331e-03, 1.108055e-05, 1.067232e-04, 8.747799e-06, 2.853532e-03, 1.137214e-05, 8.747799e-07, 8.637418e-02, 1.994524e-03, 0.000000e+00, 0.000000, 2.500000e-02, 0, 0.086374, 1.994524e-03 
6.023796e-01, 2.807460e-03, 8.164613e-06, 8.106294e-05, 6.123459e-06, 2.699862e-03, 1.137214e-05, 8.747799e-07, 8.624292e-02, 1.988345e-03, 0.000000e+00, 0.000000, 2.500000e-02, 0, 0.086243, 1.988345e-03 
6.051751e-01, 2.795505e-03, 8.164613e-06, 8.077135e-05, 6.415053e-06, 2.688490e-03, 1.108055e-05, 5.831866e-07, 8.614902e-02, 1.983261e-03, 0.000000e+00, 0.000000, 2.500000e-02, 0, 0.086149, 1.983261e-03 
6.080030e-01, 2.827872e-03, 2.303587e-05, 7.581426e-05, 6.415053e-06, 2.710360e-03, 1.137214e-05, 8.747799e-07, 8.614056e-02, 1.986425e-03, 0.000000e+00, 0.000000, 2.500000e-02, 0, 0.086141, 1.986425e-03 
6.108431e-01, 2.840119e-03, 8.164613e-06, 7.348151e-05, 5.831866e-06, 2.739519e-03, 1.195533e-05, 1.166373e-06, 8.608516e-02, 1.976539e-03, 0.000000e+00, 0.000000, 2.500000e-02, 0, 0.086085, 1.976539e-03 
6.140039e-01, 3.160871e-03, 8.747799e-06, 7.902179e-05, 6.415053e-06, 3.055023e-03, 1.078895e-05, 8.747799e-07, 8.596399e-02, 1.970518e-03, 0.000000e+00, 0.000000, 2.500000e-02, 0, 0.085964, 1.970518e-03 
6.168038e-01, 2.799879e-03, 8.164613e-06, 7.202355e-05, 5.831866e-06, 2.702195e-03, 1.078895e-05, 8.747799e-07, 8.585391e-02, 1.967669e-03, 0.000000e+00, 0.000000, 2.500000e-02, 0, 0.085854, 1.967669e-03 
6.197909e-01, 2.987082e-03, 9.914172e-06, 9.710057e-05, 7.581426e-06, 2.859947e-03, 1.166373e-05, 8.747799e-07, 8.576668e-02, 1.965438e-03, 0.000000e+00, 0.000000, 2.500000e-02, 0, 0.085767, 1.965438e-03 
6.227418e-01, 2.950924e-03, 8.164613e-06, 7.902179e-05, 6.998239e-06, 2.844493e-03, 1.137214e-05, 8.747799e-07, 8.565084e-02, 1.955065e-03, 0.000000e+00, 0.000000, 2.500000e-02, 0, 0.085651, 1.955065e-03 
6.255455e-01, 2.803670e-03, 8.164613e-06, 7.348151e-05, 7.873019e-06, 2.702195e-03, 1.108055e-05, 8.747799e-07, 8.554278e-02, 1.952509e-03, 0.000000e+00, 0.000000, 2.500000e-02, 0, 0.085543, 1.952509e-03 
6.289122e-01, 3.366736e-03, 1.049736e-05, 1.717485e-04, 9.622579e-06, 3.162621e-03, 1.137214e-05, 8.747799e-07, 8.549087e-02, 1.944495e-03, 0.000000e+00, 0.000000, 2.500000e-02, 0, 0.085491, 1.944495e-03 
6.317623e-01, 2.850033e-03, 8.164613e-06, 7.377311e-05, 6.123459e-06, 2.750016e-03, 1.108055e-05, 8.747799e-07, 8.537800e-02, 1.934718e-03, 0.000000e+00, 0.000000, 2.500000e-02, 0, 0.085378, 1.934718e-03 
6.347202e-01, 2.957923e-03, 8.164613e-06, 7.348151e-05, 6.415053e-06, 2.857906e-03, 1.108055e-05, 8.747799e-07, 8.525254e-02, 1.928697e-03, 0.000000e+00, 0.000000, 2.500000e-02, 0, 0.085253, 1.928697e-03 
6.375361e-01, 2.815917e-03, 8.164613e-06, 7.348151e-05, 6.415053e-06, 2.715900e-03, 1.108055e-05, 8.747799e-07, 8.513107e-02, 1.928104e-03, 0.000000e+00, 0.000000, 2.500000e-02, 0, 0.085131, 1.928104e-03 
6.404538e-01, 2.917683e-03, 7.873019e-06, 8.514525e-05, 9.039393e-06, 2.803961e-03, 1.108055e-05, 5.831866e-07, 8.501201e-02, 1.923977e-03, 0.000000e+00, 0.000000, 2.500000e-02, 0, 0.085012, 1.923977e-03 
6.434307e-01, 2.976876e-03, 8.164613e-06, 7.377311e-05, 6.123459e-06, 2.876568e-03, 1.137214e-05, 8.747799e-07, 8.499394e-02, 1.924158e-03, 0.000000e+00, 0.000000, 2.500000e-02, 0, 0.084994, 1.924158e-03 
6.462883e-01, 2.857614e-03, 8.456206e-06, 7.377311e-05, 6.415053e-06, 2.757306e-03, 1.078895e-05, 8.747799e-07, 8.498303e-02, 1.943482e-03, 0.000000e+00, 0.000000, 2.500000e-02, 0, 0.084983, 1.943482e-03 
6.490832e-01, 2.794922e-03, 8.164613e-06, 7.318992e-05, 6.123459e-06, 2.695197e-03, 1.137214e-05, 8.747799e-07, 8.488409e-02, 1.937349e-03, 0.000000e+00, 0.000000, 2.500000e-02, 0, 0.084884, 1.937349e-03 
6.519286e-01, 2.845367e-03, 7.873019e-06, 7.348151e-05, 5.831866e-06, 2.746226e-03, 1.108055e-05, 8.747799e-07, 8.476229e-02, 1.926252e-03, 0.000000e+00, 0.000000, 2.500000e-02, 0, 0.084762, 1.926252e-03 
6.548926e-01, 2.964046e-03, 8.164613e-06, 7.435629e-05, 5.831866e-06, 2.862863e-03, 1.166373e-05, 1.166373e-06, 8.467853e-02, 1.908087e-03, 0.000000e+00, 0.000000, 2.500000e-02, 0, 0.084679, 1.908087e-03 
6.578266e-01, 2.934012e-03, 9.039393e-06, 7.318992e-05, 6.123459e-06, 2.833121e-03, 1.166373e-05, 8.747799e-07, 8.458330e-02, 1.902717e-03, 0.000000e+00, 0.000000, 2.500000e-02, 0, 0.084583, 1.902717e-03 
6.609513e-01, 3.124714e-03, 7.873019e-06, 7.406470e-05, 5.831866e-06, 2.998746e-03, 3.703235e-05, 1.166373e-06, 8.453973e-02, 1.891571e-03, 0.000000e+00, 0.000000, 2.500000e-02, 0, 0.084540, 1.891571e-03 
6.639504e-01, 2.999037e-03, 9.622579e-06, 7.639745e-05, 6.415053e-06, 2.893480e-03, 1.195533e-05, 1.166373e-06, 8.445902e-02, 1.889733e-03, 0.000000e+00, 0.000000, 2.500000e-02, 0, 0.084459, 1.889733e-03 
6.667727e-01, 2.822332e-03, 8.164613e-06, 7.260673e-05, 6.123459e-06, 2.723481e-03, 1.108055e-05, 8.747799e-07, 8.433894e-02, 1.885666e-03, 0.000000e+00, 0.000000, 2.500000e-02, 0, 0.084339, 1.885666e-03 
6.697260e-01, 2.953257e-03, 8.164613e-06, 7.377311e-05, 6.123459e-06, 2.853532e-03, 1.108055e-05, 5.831866e-07, 8.426219e-02, 1.888964e-03, 0.000000e+00, 0.000000, 2.500000e-02, 0, 0.084262, 1.888964e-03 
6.727063e-01, 2.980375e-03, 8.164613e-06, 7.318992e-05, 5.831866e-06, 2.880650e-03, 1.166373e-05, 8.747799e-07, 8.417256e-02, 1.881339e-03, 0.000000e+00, 0.000000, 2.500000e-02, 0, 0.084173, 1.881339e-03 
6.755406e-01, 2.834287e-03, 8.747799e-06, 8.922755e-05, 6.706646e-06, 2.717358e-03, 1.137214e-05, 8.747799e-07, 8.409726e-02, 1.889801e-03, 0.000000e+00, 0.000000, 2.500000e-02, 0, 0.084097, 1.889801e-03 
6.783414e-01, 2.800754e-03, 8.164613e-06, 7.523107e-05, 6.123459e-06, 2.699279e-03, 1.108055e-05, 8.747799e-07, 8.400681e-02, 1.882589e-03, 0.000000e+00, 0.000000, 2.500000e-02, 0, 0.084007, 1.882589e-03 
6.811293e-01, 2.787924e-03, 9.039393e-06, 7.668904e-05, 6.123459e-06, 2.684408e-03, 1.078895e-05, 8.747799e-07, 8.391226e-02, 1.861596e-03, 0.000000e+00, 0.000000, 2.500000e-02, 0, 0.083912, 1.861596e-03 
6.839117e-01, 2.782383e-03, 8.747799e-06, 7.289833e-05, 6.123459e-06, 2.682950e-03, 1.078895e-05, 8.747799e-07, 8.390239e-02, 1.873414e-03, 0.000000e+00, 0.000000, 2.500000e-02, 0, 0.083902, 1.873414e-03 
6.867127e-01, 2.801045e-03, 1.253851e-05, 7.318992e-05, 6.123459e-06, 2.697821e-03, 1.078895e-05, 5.831866e-07, 8.377818e-02, 1.869939e-03, 0.000000e+00, 0.000000, 2.500000e-02, 0, 0.083778, 1.869939e-03 
6.896298e-01, 2.917099e-03, 8.456206e-06, 7.260673e-05, 6.123459e-06, 2.817958e-03, 1.108055e-05, 8.747799e-07, 8.366411e-02, 1.868312e-03, 0.000000e+00, 0.000000, 2.500000e-02, 0, 0.083664, 1.868312e-03 
6.925324e-01, 2.902520e-03, 9.914172e-06, 7.756382e-05, 6.415053e-06, 2.795213e-03, 1.253851e-05, 8.747799e-07, 8.366024e-02, 1.852452e-03, 0.000000e+00, 0.000000, 2.500000e-02, 0, 0.083660, 1.852452e-03 
6.954019e-01, 2.869570e-03, 8.747799e-06, 8.018816e-05, 6.415053e-06, 2.762555e-03, 1.108055e-05, 5.831866e-07, 8.357742e-02, 1.842912e-03, 0.000000e+00, 0.000000, 2.500000e-02, 0, 0.083577, 1.842912e-03 
6.981904e-01, 2.788507e-03, 8.164613e-06, 7.289833e-05, 5.831866e-06, 2.689365e-03, 1.137214e-05, 8.747799e-07, 8.345782e-02, 1.837297e-03, 0.000000e+00, 0.000000, 2.500000e-02, 0, 0.083458, 1.837297e-03 
7.011107e-01, 2.920307e-03, 8.164613e-06, 7.348151e-05, 6.415053e-06, 2.820582e-03, 1.108055e-05, 5.831866e-07, 8.337039e-02, 1.833139e-03, 0.000000e+00, 0.000000, 2.500000e-02, 0, 0.083370, 1.833139e-03 
7.040118e-01, 2.901062e-03, 8.164613e-06, 7.406470e-05, 6.123459e-06, 2.799879e-03, 1.195533e-05, 8.747799e-07, 8.325445e-02, 1.824656e-03, 0.000000e+00, 0.000000, 2.500000e-02, 0, 0.083254, 1.824656e-03 
7.068528e-01, 2.840994e-03, 8.747799e-06, 7.960497e-05, 6.415053e-06, 2.733979e-03, 1.137214e-05, 8.747799e-07, 8.315691e-02, 1.822063e-03, 0.000000e+00, 0.000000, 2.500000e-02, 0, 0.083157, 1.822063e-03 
7.097235e-01, 2.870736e-03, 8.164613e-06, 7.377311e-05, 6.123459e-06, 2.770136e-03, 1.166373e-05, 8.747799e-07, 8.306426e-02, 1.818656e-03, 0.000000e+00, 0.000000, 2.500000e-02, 0, 0.083064, 1.818656e-03 
7.125202e-01, 2.796671e-03, 7.873019e-06, 8.047975e-05, 6.123459e-06, 2.690531e-03, 1.108055e-05, 5.831866e-07, 8.298798e-02, 1.810813e-03, 0.000000e+00, 0.000000, 2.500000e-02, 0, 0.082988, 1.810813e-03 
7.153317e-01, 2.811543e-03, 8.164613e-06, 7.552267e-05, 6.123459e-06, 2.709777e-03, 1.108055e-05, 8.747799e-07, 8.290282e-02, 1.806122e-03, 0.000000e+00, 0.000000, 2.500000e-02, 0, 0.082903, 1.806122e-03 
7.181742e-01, 2.842452e-03, 7.873019e-06, 1.207196e-04, 9.039393e-06, 2.692573e-03, 1.137214e-05, 8.747799e-07, 8.279055e-02, 1.802748e-03, 0.000000e+00, 0.000000, 2.500000e-02, 0, 0.082791, 1.802748e-03 
7.209735e-01, 2.799296e-03, 8.456206e-06, 7.348151e-05, 6.123459e-06, 2.699279e-03, 1.108055e-05, 8.747799e-07, 8.271296e-02, 1.797835e-03, 0.000000e+00, 0.000000, 2.500000e-02, 0, 0.082713, 1.797835e-03 
7.238746e-01, 2.901062e-03, 7.873019e-06, 7.406470e-05, 5.831866e-06, 2.800754e-03, 1.166373e-05, 8.747799e-07, 8.260294e-02, 1.791480e-03, 0.000000e+00, 0.000000, 2.500000e-02, 0, 0.082603, 1.791480e-03 
7.267759e-01, 2.901353e-03, 1.195533e-05, 7.698063e-05, 6.415053e-06, 2.794047e-03, 1.108055e-05, 8.747799e-07, 8.252751e-02, 1.791982e-03, 0.000000e+00, 0.000000, 2.500000e-02, 0, 0.082528, 1.791982e-03 
7.295828e-01, 2.806877e-03, 7.873019e-06, 7.231514e-05, 5.831866e-06, 2.700154e-03, 1.953675e-05, 1.166373e-06, 8.241996e-02, 1.794637e-03, 0.000000e+00, 0.000000, 2.500000e-02, 0, 0.082420, 1.794637e-03 
7.325110e-01, 2.928180e-03, 8.747799e-06, 7.756382e-05, 6.415053e-06, 2.823498e-03, 1.108055e-05, 8.747799e-07, 8.234516e-02, 1.810538e-03, 0.000000e+00, 0.000000, 2.500000e-02, 0, 0.082345, 1.810538e-03 
7.356377e-01, 3.126755e-03, 8.164613e-06, 7.202355e-05, 6.123459e-06, 3.023823e-03, 1.545445e-05, 1.166373e-06, 8.226418e-02, 1.805194e-03, 0.000000e+00, 0.000000, 2.500000e-02, 0, 0.082264, 1.805194e-03 
7.384309e-01, 2.793172e-03, 9.914172e-06, 7.610585e-05, 6.123459e-06, 2.689657e-03, 1.078895e-05, 5.831866e-07, 8.216683e-02, 1.804716e-03, 0.000000e+00, 0.000000, 2.500000e-02, 0, 0.082167, 1.804716e-03 
7.412086e-01, 2.777718e-03, 8.164613e-06, 7.260673e-05, 6.123459e-06, 2.678576e-03, 1.137214e-05, 8.747799e-07, 8.209969e-02, 1.774790e-03, 0.000000e+00, 0.000000, 2.500000e-02, 0, 0.082100, 1.774790e-03 
7.441712e-01, 2.962588e-03, 9.330986e-06, 8.252091e-05, 6.123459e-06, 2.852949e-03, 1.108055e-05, 5.831866e-07, 8.200254e-02, 1.760739e-03, 0.000000e+00, 0.000000, 2.500000e-02, 0, 0.082003, 1.760739e-03 
7.470886e-01, 2.917391e-03, 9.330986e-06, 8.835277e-05, 6.706646e-06, 2.800754e-03, 1.108055e-05, 1.166373e-06, 8.197976e-02, 1.747412e-03, 0.000000e+00, 0.000000, 2.500000e-02, 0, 0.081980, 1.747412e-03 
7.499981e-01, 2.909518e-03, 8.164613e-06, 7.289833e-05, 5.831866e-06, 2.810668e-03, 1.137214e-05, 5.831866e-07, 8.191982e-02, 1.740700e-03, 0.000000e+00, 0.000000, 2.500000e-02, 0, 0.081920, 1.740700e-03 
7.529091e-01, 2.910976e-03, 8.164613e-06, 7.348151e-05, 6.123459e-06, 2.808627e-03, 1.370489e-05, 8.747799e-07, 8.184658e-02, 1.734384e-03, 0.000000e+00, 0.000000, 2.500000e-02, 0, 0.081847, 1.734384e-03 
7.556961e-01, 2.787049e-03, 8.164613e-06, 7.377311e-05, 6.123459e-06, 2.687324e-03, 1.108055e-05, 5.831866e-07, 8.181140e-02, 1.732606e-03, 0.000000e+00, 0.000000, 2.500000e-02, 0, 0.081811, 1.732606e-03 
7.585540e-01, 2.857906e-03, 8.164613e-06, 7.318992e-05, 5.831866e-06, 2.757889e-03, 1.195533e-05, 8.747799e-07, 8.178182e-02, 1.734988e-03, 0.000000e+00, 0.000000, 2.500000e-02, 0, 0.081782, 1.734988e-03 
7.614105e-01, 2.856448e-03, 8.456206e-06, 7.260673e-05, 5.831866e-06, 2.757306e-03, 1.137214e-05, 8.747799e-07, 8.174777e-02, 1.733910e-03, 0.000000e+00, 0.000000, 2.500000e-02, 0, 0.081748, 1.733910e-03 
7.656086e-01, 4.198069e-03, 1.020577e-05, 1.560024e-04, 1.166373e-05, 4.005909e-03, 1.283011e-05, 1.457967e-06, 8.171438e-02, 1.733053e-03, 0.000000e+00, 0.000000, 2.500000e-02, 0, 0.081714, 1.733053e-03 
7.688931e-01, 3.284507e-03, 9.622579e-06, 7.639745e-05, 6.706646e-06, 3.179825e-03, 1.108055e-05, 8.747799e-07, 8.161685e-02, 1.725695e-03, 0.000000e+00, 0.000000, 2.500000e-02, 0, 0.081617, 1.725695e-03 
7.717903e-01, 2.897271e-03, 8.164613e-06, 8.689481e-05, 6.123459e-06, 2.783841e-03, 1.137214e-05, 8.747799e-07, 8.153578e-02, 1.719471e-03, 0.000000e+00, 0.000000, 2.500000e-02, 0, 0.081536, 1.719471e-03 
7.748048e-01, 3.014492e-03, 8.164613e-06, 7.406470e-05, 6.123459e-06, 2.913017e-03, 1.224692e-05, 8.747799e-07, 8.151199e-02, 1.726169e-03, 0.000000e+00, 0.000000, 2.500000e-02, 0, 0.081512, 1.726169e-03 
7.776569e-01, 2.852074e-03, 1.049736e-05, 8.106294e-05, 5.831866e-06, 2.743018e-03, 1.108055e-05, 5.831866e-07, 8.144394e-02, 1.719796e-03, 0.000000e+00, 0.000000, 2.500000e-02, 0, 0.081444, 1.719796e-03 
7.805364e-01, 2.879484e-03, 8.456206e-06, 7.318992e-05, 6.415053e-06, 2.779176e-03, 1.137214e-05, 8.747799e-07, 8.134859e-02, 1.712662e-03, 0.000000e+00, 0.000000, 2.500000e-02, 0, 0.081349, 1.712662e-03 
7.837643e-01, 3.227938e-03, 8.164613e-06, 7.318992e-05, 6.415053e-06, 3.128213e-03, 1.108055e-05, 8.747799e-07, 8.125206e-02, 1.709373e-03, 0.000000e+00, 0.000000, 2.500000e-02, 0, 0.081252, 1.709373e-03 
7.865762e-01, 2.811834e-03, 8.164613e-06, 7.231514e-05, 5.831866e-06, 2.713276e-03, 1.137214e-05, 8.747799e-07, 8.115331e-02, 1.700678e-03, 0.000000e+00, 0.000000, 2.500000e-02, 0, 0.081153, 1.700678e-03 
7.894256e-01, 2.849450e-03, 8.164613e-06, 7.989657e-05, 6.123459e-06, 2.743018e-03, 1.137214e-05, 8.747799e-07, 8.107672e-02, 1.696236e-03, 0.000000e+00, 0.000000, 2.500000e-02, 0, 0.081077, 1.696236e-03 
7.922307e-01, 2.805128e-03, 1.574604e-05, 7.289833e-05, 6.123459e-06, 2.698696e-03, 1.108055e-05, 5.831866e-07, 8.096579e-02, 1.686923e-03, 0.000000e+00, 0.000000, 2.500000e-02, 0, 0.080966, 1.686923e-03 
7.950082e-01, 2.777426e-03, 7.873019e-06, 7.202355e-05, 6.123459e-06, 2.679159e-03, 1.108055e-05, 1.166373e-06, 8.096489e-02, 1.693310e-03, 0.000000e+00, 0.000000, 1.250000e-02, 0, 0.080965, 1.693310e-03 
7.983020e-01, 3.293838e-03, 8.164613e-06, 7.377311e-05, 5.831866e-06, 3.193530e-03, 1.166373e-05, 8.747799e-07, 8.087039e-02, 1.688193e-03, 0.000000e+00, 0.000000, 1.250000e-02, 0, 0.080870, 1.688193e-03 
8.013273e-01, 3.025281e-03, 8.164613e-06, 7.231514e-05, 5.831866e-06, 2.927014e-03, 1.108055e-05, 8.747799e-07, 8.083258e-02, 1.684240e-03, 0.000000e+00, 0.000000, 1.250000e-02, 0, 0.080833, 1.684240e-03 
8.041887e-01, 2.861405e-03, 8.456206e-06, 7.377311e-05, 6.415053e-06, 2.760514e-03, 1.137214e-05, 8.747799e-07, 8.078246e-02, 1.681759e-03, 0.000000e+00, 0.000000, 1.250000e-02, 0, 0.080782, 1.681759e-03 
8.071294e-01, 2.940718e-03, 8.747799e-06, 7.989657e-05, 6.706646e-06, 2.832246e-03, 1.224692e-05, 8.747799e-07, 8.074054e-02, 1.678986e-03, 0.000000e+00, 0.000000, 1.250000e-02, 0, 0.080741, 1.678986e-03 
8.099981e-01, 2.868695e-03, 1.224692e-05, 7.523107e-05, 6.706646e-06, 2.761972e-03, 1.166373e-05, 8.747799e-07, 8.071020e-02, 1.674684e-03, 0.000000e+00, 0.000000, 1.250000e-02, 0, 0.080710, 1.674684e-03 
8.131797e-01, 3.181575e-03, 8.456206e-06, 7.464789e-05, 6.415053e-06, 3.079517e-03, 1.166373e-05, 8.747799e-07, 8.068188e-02, 1.671043e-03, 0.000000e+00, 0.000000, 1.250000e-02, 0, 0.080682, 1.671043e-03 
8.160355e-01, 2.855865e-03, 8.456206e-06, 7.377311e-05, 6.123459e-06, 2.755557e-03, 1.108055e-05, 8.747799e-07, 8.063330e-02, 1.668429e-03, 0.000000e+00, 0.000000, 1.250000e-02, 0, 0.080633, 1.668429e-03 
8.190920e-01, 3.056481e-03, 8.747799e-06, 7.377311e-05, 6.123459e-06, 2.955298e-03, 1.166373e-05, 8.747799e-07, 8.060670e-02, 1.664670e-03, 0.000000e+00, 0.000000, 1.250000e-02, 0, 0.080607, 1.664670e-03 
8.219368e-01, 2.844784e-03, 8.456206e-06, 8.047975e-05, 6.123459e-06, 2.737770e-03, 1.108055e-05, 8.747799e-07, 8.055964e-02, 1.662523e-03, 0.000000e+00, 0.000000, 1.250000e-02, 0, 0.080560, 1.662523e-03 
8.247708e-01, 2.833995e-03, 8.164613e-06, 8.776959e-05, 6.415053e-06, 2.719691e-03, 1.108055e-05, 8.747799e-07, 8.054660e-02, 1.661622e-03, 0.000000e+00, 0.000000, 1.250000e-02, 0, 0.080547, 1.661622e-03 
8.280323e-01, 3.261471e-03, 8.456206e-06, 7.348151e-05, 5.831866e-06, 3.155914e-03, 1.662082e-05, 1.166373e-06, 8.051807e-02, 1.658844e-03, 0.000000e+00, 0.000000, 1.250000e-02, 0, 0.080518, 1.658844e-03 
8.321038e-01, 4.071517e-03, 1.166373e-05, 1.078895e-04, 9.039393e-06, 3.923680e-03, 1.778719e-05, 1.457967e-06, 8.047947e-02, 1.655993e-03, 0.000000e+00, 0.000000, 1.250000e-02, 0, 0.080479, 1.655993e-03 
8.362150e-01, 4.111174e-03, 1.312170e-05, 1.003081e-04, 8.456206e-06, 3.968293e-03, 2.011994e-05, 8.747799e-07, 8.042756e-02, 1.653117e-03, 0.000000e+00, 0.000000, 1.250000e-02, 0, 0.080428, 1.653117e-03 
8.392761e-01, 3.061147e-03, 1.020577e-05, 7.610585e-05, 6.706646e-06, 2.954715e-03, 1.253851e-05, 8.747799e-07, 8.037791e-02, 1.649694e-03, 0.000000e+00, 0.000000, 1.250000e-02, 0, 0.080378, 1.649694e-03 
8.425851e-01, 3.309001e-03, 9.622579e-06, 7.464789e-05, 6.706646e-06, 3.200237e-03, 1.632923e-05, 1.457967e-06, 8.031774e-02, 1.645445e-03, 0.000000e+00, 0.000000, 1.250000e-02, 0, 0.080318, 1.645445e-03 
8.460259e-01, 3.440801e-03, 1.603763e-05, 1.119718e-04, 8.456206e-06, 3.289172e-03, 1.370489e-05, 1.457967e-06, 8.026462e-02, 1.641163e-03, 0.000000e+00, 0.000000, 1.250000e-02, 0, 0.080265, 1.641163e-03 
8.492915e-01, 3.265553e-03, 9.622579e-06, 7.639745e-05, 6.706646e-06, 3.158539e-03, 1.312170e-05, 1.166373e-06, 8.025597e-02, 1.640510e-03, 0.000000e+00, 0.000000, 1.250000e-02, 0, 0.080256, 1.640510e-03 
8.522680e-01, 2.976584e-03, 1.370489e-05, 8.806118e-05, 7.289833e-06, 2.854698e-03, 1.195533e-05, 8.747799e-07, 8.021868e-02, 1.637902e-03, 0.000000e+00, 0.000000, 1.250000e-02, 0, 0.080219, 1.637902e-03 
8.553120e-01, 3.043943e-03, 8.164613e-06, 7.406470e-05, 6.123459e-06, 2.943343e-03, 1.137214e-05, 8.747799e-07, 8.019297e-02, 1.634663e-03, 0.000000e+00, 0.000000, 1.250000e-02, 0, 0.080193, 1.634663e-03 
8.587636e-01, 3.451590e-03, 8.164613e-06, 8.397887e-05, 6.706646e-06, 3.339035e-03, 1.253851e-05, 1.166373e-06, 8.015608e-02, 1.632264e-03, 0.000000e+00, 0.000000, 1.250000e-02, 0, 0.080156, 1.632264e-03 
8.615987e-01, 2.835162e-03, 9.622579e-06, 7.464789e-05, 6.415053e-06, 2.732229e-03, 1.137214e-05, 8.747799e-07, 8.010493e-02, 1.628800e-03, 0.000000e+00, 0.000000, 1.250000e-02, 0, 0.080105, 1.628800e-03 
8.645677e-01, 2.969003e-03, 8.747799e-06, 8.252091e-05, 6.998239e-06, 2.858489e-03, 1.137214e-05, 8.747799e-07, 8.007956e-02, 1.625793e-03, 0.000000e+00, 0.000000, 1.250000e-02, 0, 0.080080, 1.625793e-03 
8.674545e-01, 2.886774e-03, 1.137214e-05, 8.718640e-05, 6.123459e-06, 2.768678e-03, 1.253851e-05, 8.747799e-07, 8.005453e-02, 1.622870e-03, 0.000000e+00, 0.000000, 1.250000e-02, 0, 0.080055, 1.622870e-03 
8.703955e-01, 2.941010e-03, 8.747799e-06, 7.523107e-05, 6.415053e-06, 2.832246e-03, 1.691241e-05, 1.457967e-06, 8.004673e-02, 1.623613e-03, 0.000000e+00, 0.000000, 1.250000e-02, 0, 0.080047, 1.623613e-03 
8.736999e-01, 3.304335e-03, 1.224692e-05, 8.077135e-05, 6.998239e-06, 3.191489e-03, 1.195533e-05, 8.747799e-07, 7.999876e-02, 1.620026e-03, 0.000000e+00, 0.000000, 1.250000e-02, 0, 0.079999, 1.620026e-03 
8.768587e-01, 3.158830e-03, 8.747799e-06, 8.047975e-05, 6.706646e-06, 3.050941e-03, 1.108055e-05, 8.747799e-07, 7.995064e-02, 1.617470e-03, 0.000000e+00, 0.000000, 1.250000e-02, 0, 0.079951, 1.617470e-03 
8.797361e-01, 2.877443e-03, 8.747799e-06, 7.348151e-05, 6.123459e-06, 2.777135e-03, 1.108055e-05, 8.747799e-07, 7.991082e-02, 1.614643e-03, 0.000000e+00, 0.000000, 1.250000e-02, 0, 0.079911, 1.614643e-03 
8.825238e-01, 2.787632e-03, 8.164613e-06, 7.377311e-05, 6.415053e-06, 2.687907e-03, 1.078895e-05, 5.831866e-07, 7.987740e-02, 1.613703e-03, 0.000000e+00, 0.000000, 1.250000e-02, 0, 0.079877, 1.613703e-03 
8.854009e-01, 2.877151e-03, 7.873019e-06, 7.173195e-05, 6.123459e-06, 2.779176e-03, 1.137214e-05, 8.747799e-07, 7.984040e-02, 1.611324e-03, 0.000000e+00, 0.000000, 1.250000e-02, 0, 0.079840, 1.611324e-03 
8.883583e-01, 2.957339e-03, 8.164613e-06, 7.231514e-05, 6.123459e-06, 2.858781e-03, 1.137214e-05, 5.831866e-07, 7.980453e-02, 1.607329e-03, 0.000000e+00, 0.000000, 1.250000e-02, 0, 0.079805, 1.607329e-03 
8.912074e-01, 2.849158e-03, 8.164613e-06, 7.377311e-05, 6.415053e-06, 2.748267e-03, 1.166373e-05, 8.747799e-07, 7.974623e-02, 1.603834e-03, 0.000000e+00, 0.000000, 1.250000e-02, 0, 0.079746, 1.603834e-03 
8.940580e-01, 2.850616e-03, 8.747799e-06, 8.835277e-05, 6.706646e-06, 2.734854e-03, 1.108055e-05, 8.747799e-07, 7.972166e-02, 1.600439e-03, 0.000000e+00, 0.000000, 1.250000e-02, 0, 0.079722, 1.600439e-03 
8.968556e-01, 2.797546e-03, 8.164613e-06, 8.222931e-05, 6.123459e-06, 2.689073e-03, 1.108055e-05, 8.747799e-07, 7.968441e-02, 1.597711e-03, 0.000000e+00, 0.000000, 1.250000e-02, 0, 0.079684, 1.597711e-03 
8.996485e-01, 2.792881e-03, 8.164613e-06, 7.960497e-05, 6.123459e-06, 2.687032e-03, 1.108055e-05, 8.747799e-07, 7.967282e-02, 1.599476e-03, 0.000000e+00, 0.000000, 1.250000e-02, 0, 0.079673, 1.599476e-03 
9.026775e-01, 3.029071e-03, 7.873019e-06, 7.639745e-05, 5.831866e-06, 2.924098e-03, 1.399648e-05, 8.747799e-07, 7.962356e-02, 1.597554e-03, 0.000000e+00, 0.000000, 1.250000e-02, 0, 0.079624, 1.597554e-03 
9.057334e-01, 3.055898e-03, 8.164613e-06, 7.406470e-05, 6.123459e-06, 2.955007e-03, 1.137214e-05, 1.166373e-06, 7.958089e-02, 1.594652e-03, 0.000000e+00, 0.000000, 1.250000e-02, 0, 0.079581, 1.594652e-03 
9.086211e-01, 2.887649e-03, 9.622579e-06, 7.377311e-05, 6.415053e-06, 2.786174e-03, 1.078895e-05, 8.747799e-07, 7.954616e-02, 1.593611e-03, 0.000000e+00, 0.000000, 1.250000e-02, 0, 0.079546, 1.593611e-03 
9.114606e-01, 2.839536e-03, 7.873019e-06, 7.318992e-05, 6.123459e-06, 2.740685e-03, 1.078895e-05, 8.747799e-07, 7.951236e-02, 1.596688e-03, 0.000000e+00, 0.000000, 1.250000e-02, 0, 0.079512, 1.596688e-03 
9.142914e-01, 2.830788e-03, 8.164613e-06, 7.260673e-05, 6.123459e-06, 2.731938e-03, 1.108055e-05, 8.747799e-07, 7.947612e-02, 1.596674e-03, 0.000000e+00, 0.000000, 1.250000e-02, 0, 0.079476, 1.596674e-03 
9.179220e-01, 3.630628e-03, 1.049736e-05, 1.475462e-04, 9.914172e-06, 3.447216e-03, 1.399648e-05, 1.457967e-06, 7.942862e-02, 1.591420e-03, 0.000000e+00, 0.000000, 1.250000e-02, 0, 0.079429, 1.591420e-03 
9.213972e-01, 3.475209e-03, 1.341329e-05, 7.873019e-05, 1.049736e-05, 3.359155e-03, 1.224692e-05, 1.166373e-06, 7.939208e-02, 1.587660e-03, 0.000000e+00, 0.000000, 1.250000e-02, 0, 0.079392, 1.587660e-03 
9.242700e-01, 2.872777e-03, 9.039393e-06, 8.018816e-05, 6.706646e-06, 2.764888e-03, 1.108055e-05, 8.747799e-07, 7.935276e-02, 1.582950e-03, 0.000000e+00, 0.000000, 1.250000e-02, 0, 0.079353, 1.582950e-03 
9.270813e-01, 2.811251e-03, 8.164613e-06, 7.318992e-05, 5.831866e-06, 2.712401e-03, 1.108055e-05, 5.831866e-07, 7.930074e-02, 1.578248e-03, 0.000000e+00, 0.000000, 1.250000e-02, 0, 0.079301, 1.578248e-03 
9.298683e-01, 2.787049e-03, 8.164613e-06, 7.202355e-05, 6.123459e-06, 2.688490e-03, 1.137214e-05, 8.747799e-07, 7.926789e-02, 1.572895e-03, 0.000000e+00, 0.000000, 1.250000e-02, 0, 0.079268, 1.572895e-03 
9.326737e-01, 2.805419e-03, 7.873019e-06, 7.144036e-05, 6.123459e-06, 2.708319e-03, 1.108055e-05, 5.831866e-07, 7.923290e-02, 1.570195e-03, 0.000000e+00, 0.000000, 1.250000e-02, 0, 0.079233, 1.570195e-03 
9.356923e-01, 3.018574e-03, 7.873019e-06, 7.318992e-05, 7.581426e-06, 2.917099e-03, 1.195533e-05, 8.747799e-07, 7.920763e-02, 1.569546e-03, 0.000000e+00, 0.000000, 1.250000e-02, 0, 0.079208, 1.569546e-03 
9.388261e-01, 3.133753e-03, 9.039393e-06, 1.277179e-04, 8.747799e-06, 2.976293e-03, 1.108055e-05, 8.747799e-07, 7.916142e-02, 1.565814e-03, 0.000000e+00, 0.000000, 1.250000e-02, 0, 0.079161, 1.565814e-03 
9.416504e-01, 2.824373e-03, 7.873019e-06, 7.289833e-05, 6.123459e-06, 2.725523e-03, 1.108055e-05, 8.747799e-07, 7.915822e-02, 1.566140e-03, 0.000000e+00, 0.000000, 1.250000e-02, 0, 0.079158, 1.566140e-03 
9.444486e-01, 2.798129e-03, 8.164613e-06, 7.377311e-05, 6.123459e-06, 2.698113e-03, 1.108055e-05, 8.747799e-07, 7.910989e-02, 1.562893e-03, 0.000000e+00, 0.000000, 1.250000e-02, 0, 0.079110, 1.562893e-03 
9.473482e-01, 2.899604e-03, 8.456206e-06, 7.377311e-05, 6.123459e-06, 2.799004e-03, 1.137214e-05, 8.747799e-07, 7.907663e-02, 1.561544e-03, 0.000000e+00, 0.000000, 1.250000e-02, 0, 0.079077, 1.561544e-03 
9.503953e-01, 3.047150e-03, 8.164613e-06, 7.377311e-05, 5.831866e-06, 2.946842e-03, 1.137214e-05, 1.166373e-06, 7.904284e-02, 1.562343e-03, 0.000000e+00, 0.000000, 1.250000e-02, 0, 0.079043, 1.562343e-03 
9.533480e-01, 2.952674e-03, 9.330986e-06, 7.348151e-05, 6.123459e-06, 2.851783e-03, 1.108055e-05, 8.747799e-07, 7.899581e-02, 1.557825e-03, 0.000000e+00, 0.000000, 1.250000e-02, 0, 0.078996, 1.557825e-03 
9.561639e-01, 2.815917e-03, 8.164613e-06, 8.776959e-05, 6.123459e-06, 2.702195e-03, 1.078895e-05, 8.747799e-07, 7.898600e-02, 1.559969e-03, 0.000000e+00, 0.000000, 1.250000e-02, 0, 0.078986, 1.559969e-03 
9.589466e-01, 2.782675e-03, 1.137214e-05, 7.348151e-05, 6.123459e-06, 2.679742e-03, 1.108055e-05, 8.747799e-07, 7.896342e-02, 1.557790e-03, 0.000000e+00, 0.000000, 1.250000e-02, 0, 0.078963, 1.557790e-03 
9.619334e-01, 2.986790e-03, 9.039393e-06, 8.397887e-05, 6.123459e-06, 2.875693e-03, 1.108055e-05, 8.747799e-07, 7.892614e-02, 1.554327e-03, 0.000000e+00, 0.000000, 1.250000e-02, 0, 0.078926, 1.554327e-03 
9.647496e-01, 2.816208e-03, 8.456206e-06, 7.348151e-05, 5.831866e-06, 2.716483e-03, 1.108055e-05, 8.747799e-07, 7.887918e-02, 1.552913e-03, 0.000000e+00, 0.000000, 1.250000e-02, 0, 0.078879, 1.552913e-03 
9.679125e-01, 3.162913e-03, 8.164613e-06, 7.377311e-05, 5.831866e-06, 3.062604e-03, 1.137214e-05, 1.166373e-06, 7.886526e-02, 1.551117e-03, 0.000000e+00, 0.000000, 1.250000e-02, 0, 0.078865, 1.551117e-03 
9.707558e-01, 2.843326e-03, 8.456206e-06, 7.377311e-05, 6.415053e-06, 2.743018e-03, 1.108055e-05, 5.831866e-07, 7.885709e-02, 1.554473e-03, 0.000000e+00, 0.000000, 1.250000e-02, 0, 0.078857, 1.554473e-03 
9.735397e-01, 2.783841e-03, 8.164613e-06, 7.260673e-05, 6.123459e-06, 2.684991e-03, 1.108055e-05, 8.747799e-07, 7.880942e-02, 1.549466e-03, 0.000000e+00, 0.000000, 1.250000e-02, 0, 0.078809, 1.549466e-03 
9.763457e-01, 2.806002e-03, 7.873019e-06, 7.377311e-05, 6.123459e-06, 2.705986e-03, 1.137214e-05, 8.747799e-07, 7.876230e-02, 1.544913e-03, 0.000000e+00, 0.000000, 1.250000e-02, 0, 0.078762, 1.544913e-03 
9.793193e-01, 2.973669e-03, 7.873019e-06, 7.231514e-05, 6.123459e-06, 2.874818e-03, 1.166373e-05, 8.747799e-07, 7.872155e-02, 1.541726e-03, 0.000000e+00, 0.000000, 1.250000e-02, 0, 0.078722, 1.541726e-03 
9.822391e-01, 2.919724e-03, 1.049736e-05, 7.581426e-05, 5.831866e-06, 2.815042e-03, 1.166373e-05, 8.747799e-07, 7.867495e-02, 1.537423e-03, 0.000000e+00, 0.000000, 1.250000e-02, 0, 0.078675, 1.537423e-03 
9.851865e-01, 2.947425e-03, 8.747799e-06, 7.843860e-05, 6.706646e-06, 2.840994e-03, 1.166373e-05, 8.747799e-07, 7.863455e-02, 1.534309e-03, 0.000000e+00, 0.000000, 1.250000e-02, 0, 0.078635, 1.534309e-03 
9.881155e-01, 2.929055e-03, 8.456206e-06, 7.406470e-05, 6.123459e-06, 2.828163e-03, 1.137214e-05, 8.747799e-07, 7.861288e-02, 1.531965e-03, 0.000000e+00, 0.000000, 1.250000e-02, 0, 0.078613, 1.531965e-03 
9.909457e-01, 2.830205e-03, 8.456206e-06, 7.435629e-05, 6.123459e-06, 2.729022e-03, 1.137214e-05, 8.747799e-07, 7.857463e-02, 1.530674e-03, 0.000000e+00, 0.000000, 1.250000e-02, 0, 0.078575, 1.530674e-03 
9.937310e-01, 2.785299e-03, 8.164613e-06, 7.231514e-05, 6.415053e-06, 2.686449e-03, 1.108055e-05, 8.747799e-07, 7.856386e-02, 1.526590e-03, 0.000000e+00, 0.000000, 1.250000e-02, 0, 0.078564, 1.526590e-03 
9.965534e-01, 2.822332e-03, 8.164613e-06, 7.260673e-05, 5.831866e-06, 2.723773e-03, 1.108055e-05, 8.747799e-07, 7.855456e-02, 1.529551e-03, 0.000000e+00, 0.000000, 1.250000e-02, 0, 0.078555, 1.529551e-03 
9.997833e-01, 3.229979e-03, 8.747799e-06, 7.843860e-05, 6.415053e-06, 3.124422e-03, 1.108055e-05, 8.747799e-07, 7.852300e-02, 1.529486e-03, 0.000000e+00, 0.000000, 1.250000e-02, 0, 0.078523, 1.529486e-03 
1.002579e+00, 2.795505e-03, 7.873019e-06, 7.289833e-05, 6.123459e-06, 2.696946e-03, 1.078895e-05, 8.747799e-07, 7.850190e-02, 1.527035e-03, 0.000000e+00, 0.000000, 1.250000e-02, 0, 0.078502, 1.527035e-03 
1.005515e+00, 2.936636e-03, 8.164613e-06, 7.231514e-05, 5.831866e-06, 2.825831e-03, 2.332746e-05, 1.166373e-06, 7.847105e-02, 1.527793e-03, 0.000000e+00, 0.000000, 1.250000e-02, 0, 0.078471, 1.527793e-03 
1.008476e+00, 2.960838e-03, 1.195533e-05, 9.972491e-05, 8.456206e-06, 2.827872e-03, 1.195533e-05, 8.747799e-07, 7.845029e-02, 1.525129e-03, 0.000000e+00, 0.000000, 1.250000e-02, 0, 0.078450, 1.525129e-03 
1.011338e+00, 2.861697e-03, 9.039393e-06, 7.989657e-05, 6.415053e-06, 2.754390e-03, 1.108055e-05, 8.747799e-07, 7.843641e-02, 1.522641e-03, 0.000000e+00, 0.000000, 1.250000e-02, 0, 0.078436, 1.522641e-03 
1.014324e+00, 2.986207e-03, 8.164613e-06, 7.231514e-05, 6.123459e-06, 2.887649e-03, 1.108055e-05, 8.747799e-07, 7.838135e-02, 1.517133e-03, 0.000000e+00, 0.000000, 1.250000e-02, 0, 0.078381, 1.517133e-03 
1.017104e+00, 2.780051e-03, 8.164613e-06, 7.289833e-05, 6.123459e-06, 2.681492e-03, 1.078895e-05, 5.831866e-07, 7.835154e-02, 1.516044e-03, 0.000000e+00, 0.000000, 1.250000e-02, 0, 0.078352, 1.516044e-03 
1.019997e+00, 2.892314e-03, 8.456206e-06, 7.289833e-05, 5.831866e-06, 2.793172e-03, 1.108055e-05, 8.747799e-07, 7.832230e-02, 1.515306e-03, 0.000000e+00, 0.000000, 1.250000e-02, 0, 0.078322, 1.515306e-03 
1.022771e+00, 2.774219e-03, 7.873019e-06, 7.318992e-05, 5.831866e-06, 2.675660e-03, 1.108055e-05, 5.831866e-07, 7.830191e-02, 1.513102e-03, 0.000000e+00, 0.000000, 1.250000e-02, 0, 0.078302, 1.513102e-03 
1.025709e+00, 2.938094e-03, 8.164613e-06, 7.318992e-05, 6.123459e-06, 2.838369e-03, 1.137214e-05, 8.747799e-07, 7.826915e-02, 1.510959e-03, 0.000000e+00, 0.000000, 1.250000e-02, 0, 0.078269, 1.510959e-03 
1.028824e+00, 3.115383e-03, 8.747799e-06, 9.272667e-05, 6.706646e-06, 2.989998e-03, 1.603763e-05, 1.166373e-06, 7.822193e-02, 1.506804e-03, 0.000000e+00, 0.000000, 1.250000e-02, 0, 0.078222, 1.506804e-03 
1.031783e+00, 2.958506e-03, 1.137214e-05, 1.055568e-04, 8.747799e-06, 2.821457e-03, 1.078895e-05, 5.831866e-07, 7.819932e-02, 1.503048e-03, 0.000000e+00, 0.000000, 1.250000e-02, 0, 0.078199, 1.503048e-03 
1.034740e+00, 2.957339e-03, 8.164613e-06, 7.260673e-05, 5.831866e-06, 2.858781e-03, 1.108055e-05, 8.747799e-07, 7.817712e-02, 1.499590e-03, 0.000000e+00, 0.000000, 1.250000e-02, 0, 0.078177, 1.499590e-03 
1.037546e+00, 2.805711e-03, 9.914172e-06, 7.289833e-05, 6.123459e-06, 2.705111e-03, 1.078895e-05, 8.747799e-07, 7.813549e-02, 1.497562e-03, 0.000000e+00, 0.000000, 1.250000e-02, 0, 0.078135, 1.497562e-03 
1.040470e+00, 2.923806e-03, 8.164613e-06, 7.289833e-05, 5.831866e-06, 2.824956e-03, 1.108055e-05, 8.747799e-07, 7.808960e-02, 1.493178e-03, 0.000000e+00, 0.000000, 1.250000e-02, 0, 0.078090, 1.493178e-03 
1.043466e+00, 2.996121e-03, 4.140625e-05, 1.802047e-04, 6.123459e-06, 2.756432e-03, 1.137214e-05, 5.831866e-07, 7.807009e-02, 1.491014e-03, 0.000000e+00, 0.000000, 1.250000e-02, 0, 0.078070, 1.491014e-03 
1.046614e+00, 3.148041e-03, 8.164613e-06, 7.493948e-05, 6.123459e-06, 3.046858e-03, 1.108055e-05, 8.747799e-07, 7.802391e-02, 1.488489e-03, 0.000000e+00, 0.000000, 1.250000e-02, 0, 0.078024, 1.488489e-03 
1.049416e+00, 2.802503e-03, 8.164613e-06, 7.318992e-05, 6.123459e-06, 2.703362e-03, 1.078895e-05, 8.747799e-07, 7.800473e-02, 1.486520e-03, 0.000000e+00, 0.000000, 1.250000e-02, 0, 0.078005, 1.486520e-03 
1.052206e+00, 2.789382e-03, 8.456206e-06, 7.231514e-05, 6.123459e-06, 2.690531e-03, 1.108055e-05, 8.747799e-07, 7.795822e-02, 1.481416e-03, 0.000000e+00, 0.000000, 1.250000e-02, 0, 0.077958, 1.481416e-03 
1.055153e+00, 2.946842e-03, 7.873019e-06, 7.348151e-05, 6.123459e-06, 2.847117e-03, 1.108055e-05, 1.166373e-06, 7.792909e-02, 1.479322e-03, 0.000000e+00, 0.000000, 1.250000e-02, 0, 0.077929, 1.479322e-03 
1.058082e+00, 2.929346e-03, 8.164613e-06, 7.318992e-05, 5.831866e-06, 2.829621e-03, 1.166373e-05, 8.747799e-07, 7.789833e-02, 1.477584e-03, 0.000000e+00, 0.000000, 1.250000e-02, 0, 0.077898, 1.477584e-03 
1.061325e+00, 3.243101e-03, 8.164613e-06, 7.377311e-05, 2.099472e-05, 3.128505e-03, 1.108055e-05, 5.831866e-07, 7.786964e-02, 1.475721e-03, 0.000000e+00, 0.000000, 1.250000e-02, 0, 0.077870, 1.475721e-03 
1.064668e+00, 3.343409e-03, 1.020577e-05, 9.797535e-05, 7.289833e-06, 3.214233e-03, 1.224692e-05, 1.457967e-06, 7.786949e-02, 1.476830e-03, 0.000000e+00, 0.000000, 6.250000e-03, 0, 0.077869, 1.476830e-03 
1.067664e+00, 2.995830e-03, 1.166373e-05, 9.972491e-05, 6.998239e-06, 2.864904e-03, 1.166373e-05, 8.747799e-07, 7.783362e-02, 1.474368e-03, 0.000000e+00, 0.000000, 6.250000e-03, 0, 0.077834, 1.474368e-03 
1.070534e+00, 2.869570e-03, 8.164613e-06, 7.406470e-05, 6.123459e-06, 2.768387e-03, 1.195533e-05, 8.747799e-07, 7.781613e-02, 1.472939e-03, 0.000000e+00, 0.000000, 6.250000e-03, 0, 0.077816, 1.472939e-03 
1.073437e+00, 2.903686e-03, 9.039393e-06, 7.931338e-05, 6.415053e-06, 2.797255e-03, 1.108055e-05, 5.831866e-07, 7.779349e-02, 1.470749e-03, 0.000000e+00, 0.000000, 6.250000e-03, 0, 0.077793, 1.470749e-03 
1.076662e+00, 3.224439e-03, 8.164613e-06, 7.377311e-05, 6.123459e-06, 3.123548e-03, 1.195533e-05, 8.747799e-07, 7.778917e-02, 1.469564e-03, 0.000000e+00, 0.000000, 6.250000e-03, 0, 0.077789, 1.469564e-03 
1.079506e+00, 2.843618e-03, 8.456206e-06, 7.406470e-05, 6.415053e-06, 2.742727e-03, 1.108055e-05, 8.747799e-07, 7.778462e-02, 1.470687e-03, 0.000000e+00, 0.000000, 6.250000e-03, 0, 0.077785, 1.470687e-03 
1.082342e+00, 2.836037e-03, 8.164613e-06, 7.406470e-05, 6.123459e-06, 2.735728e-03, 1.108055e-05, 8.747799e-07, 7.775614e-02, 1.468155e-03, 0.000000e+00, 0.000000, 6.250000e-03, 0, 0.077756, 1.468155e-03 
1.085182e+00, 2.840119e-03, 8.164613e-06, 7.435629e-05, 6.123459e-06, 2.738936e-03, 1.166373e-05, 8.747799e-07, 7.773181e-02, 1.465859e-03, 0.000000e+00, 0.000000, 6.250000e-03, 0, 0.077732, 1.465859e-03 
1.088040e+00, 2.858198e-03, 8.164613e-06, 7.377311e-05, 6.123459e-06, 2.757889e-03, 1.137214e-05, 8.747799e-07, 7.772732e-02, 1.467072e-03, 0.000000e+00, 0.000000, 6.250000e-03, 0, 0.077727, 1.467072e-03 
1.091284e+00, 3.243684e-03, 8.164613e-06, 7.377311e-05, 6.123459e-06, 3.138710e-03, 1.574604e-05, 1.166373e-06, 7.769893e-02, 1.464534e-03, 0.000000e+00, 0.000000, 6.250000e-03, 0, 0.077699, 1.464534e-03 
1.094148e+00, 2.864904e-03, 1.078895e-05, 1.218860e-04, 7.289833e-06, 2.712693e-03, 1.137214e-05, 8.747799e-07, 7.768325e-02, 1.464301e-03, 0.000000e+00, 0.000000, 6.250000e-03, 0, 0.077683, 1.464301e-03 
1.097021e+00, 2.872777e-03, 8.164613e-06, 1.291758e-04, 8.747799e-06, 2.715025e-03, 1.108055e-05, 5.831866e-07, 7.767910e-02, 1.465885e-03, 0.000000e+00, 0.000000, 6.250000e-03, 0, 0.077679, 1.465885e-03 
1.099808e+00, 2.786466e-03, 8.456206e-06, 7.318992e-05, 6.123459e-06, 2.686158e-03, 1.108055e-05, 1.457967e-06, 7.767902e-02, 1.465757e-03, 0.000000e+00, 0.000000, 3.125000e-03, 0, 0.077679, 1.465757e-03 
1.102747e+00, 2.938969e-03, 7.873019e-06, 7.348151e-05, 6.123459e-06, 2.839536e-03, 1.108055e-05, 8.747799e-07, 7.766175e-02, 1.464300e-03, 0.000000e+00, 0.000000, 3.125000e-03, 0, 0.077662, 1.464300e-03 
1.105684e+00, 2.937803e-03, 8.164613e-06, 7.289833e-05, 6.123459e-06, 2.832829e-03, 1.662082e-05, 1.166373e-06, 7.765467e-02, 1.463829e-03, 0.000000e+00, 0.000000, 3.125000e-03, 0, 0.077655, 1.463829e-03 
1.108650e+00, 2.965504e-03, 1.108055e-05, 1.084727e-04, 8.164613e-06, 2.826122e-03, 1.108055e-05, 5.831866e-07, 7.764159e-02, 1.462801e-03, 0.000000e+00, 0.000000, 3.125000e-03, 0, 0.077642, 1.462801e-03 
1.111446e+00, 2.796088e-03, 7.873019e-06, 7.348151e-05, 6.415053e-06, 2.696655e-03, 1.108055e-05, 5.831866e-07, 7.763179e-02, 1.461881e-03, 0.000000e+00, 0.000000, 3.125000e-03, 0, 0.077632, 1.461881e-03 
1.114268e+00, 2.821457e-03, 8.164613e-06, 7.377311e-05, 6.123459e-06, 2.721440e-03, 1.108055e-05, 8.747799e-07, 7.762321e-02, 1.461176e-03, 0.000000e+00, 0.000000, 3.125000e-03, 0, 0.077623, 1.461176e-03 
1.117067e+00, 2.799004e-03, 7.873019e-06, 7.231514e-05, 6.123459e-06, 2.700737e-03, 1.108055e-05, 8.747799e-07, 7.761802e-02, 1.460436e-03, 0.000000e+00, 0.000000, 3.125000e-03, 0, 0.077618, 1.460436e-03 
1.119852e+00, 2.785008e-03, 8.164613e-06, 7.231514e-05, 6.123459e-06, 2.686449e-03, 1.108055e-05, 8.747799e-07, 7.760827e-02, 1.459531e-03, 0.000000e+00, 0.000000, 3.125000e-03, 0, 0.077608, 1.459531e-03 
1.123215e+00, 3.363529e-03, 8.164613e-06, 7.260673e-05, 5.831866e-06, 3.264679e-03, 1.108055e-05, 1.166373e-06, 7.760609e-02, 1.459151e-03, 0.000000e+00, 0.000000, 3.125000e-03, 0, 0.077606, 1.459151e-03 
1.126162e+00, 2.946842e-03, 8.456206e-06, 7.202355e-05, 6.123459e-06, 2.848283e-03, 1.108055e-05, 8.747799e-07, 7.759464e-02, 1.458216e-03, 0.000000e+00, 0.000000, 3.125000e-03, 0, 0.077595, 1.458216e-03 
1.129315e+00, 3.152998e-03, 8.164613e-06, 7.231514e-05, 5.831866e-06, 3.052982e-03, 1.253851e-05, 1.166373e-06, 7.758110e-02, 1.457067e-03, 0.000000e+00, 0.000000, 3.125000e-03, 0, 0.077581, 1.457067e-03 
1.132603e+00, 3.287715e-03, 9.039393e-06, 8.018816e-05, 6.706646e-06, 3.157372e-03, 3.265845e-05, 1.749560e-06, 7.757028e-02, 1.456357e-03, 0.000000e+00, 0.000000, 3.125000e-03, 0, 0.077570, 1.456357e-03 
1.135672e+00, 3.069603e-03, 1.166373e-05, 8.776959e-05, 7.581426e-06, 2.950633e-03, 1.108055e-05, 8.747799e-07, 7.756720e-02, 1.456362e-03, 0.000000e+00, 0.000000, 3.125000e-03, 0, 0.077567, 1.456362e-03 
1.139019e+00, 3.346908e-03, 9.330986e-06, 8.018816e-05, 6.706646e-06, 3.236977e-03, 1.283011e-05, 8.747799e-07, 7.756022e-02, 1.456275e-03, 0.000000e+00, 0.000000, 3.125000e-03, 0, 0.077560, 1.456275e-03 
1.142222e+00, 3.202861e-03, 9.914172e-06, 8.456206e-05, 6.706646e-06, 3.089431e-03, 1.137214e-05, 8.747799e-07, 7.755716e-02, 1.456291e-03, 0.000000e+00, 0.000000, 3.125000e-03, 0, 0.077557, 1.456291e-03 
1.145148e+00, 2.926430e-03, 8.456206e-06, 7.435629e-05, 6.123459e-06, 2.825539e-03, 1.108055e-05, 8.747799e-07, 7.754574e-02, 1.455361e-03, 0.000000e+00, 0.000000, 3.125000e-03, 0, 0.077546, 1.455361e-03 
1.147949e+00, 2.800171e-03, 8.164613e-06, 7.873019e-05, 6.123459e-06, 2.694905e-03, 1.137214e-05, 8.747799e-07, 7.753789e-02, 1.454982e-03, 0.000000e+00, 0.000000, 3.125000e-03, 0, 0.077538, 1.454982e-03 
1.151161e+00, 3.212775e-03, 8.164613e-06, 8.193772e-05, 6.123459e-06, 3.100803e-03, 1.428807e-05, 1.457967e-06, 7.753569e-02, 1.454352e-03, 0.000000e+00, 0.000000, 3.125000e-03, 0, 0.077536, 1.454352e-03 
1.154451e+00, 3.289464e-03, 1.078895e-05, 8.981074e-05, 9.914172e-06, 3.166703e-03, 1.137214e-05, 8.747799e-07, 7.752909e-02, 1.454076e-03, 0.000000e+00, 0.000000, 3.125000e-03, 0, 0.077529, 1.454076e-03 
1.157629e+00, 3.177784e-03, 1.895356e-05, 7.435629e-05, 6.415053e-06, 3.063479e-03, 1.341329e-05, 1.166373e-06, 7.752695e-02, 1.454463e-03, 0.000000e+00, 0.000000, 3.125000e-03, 0, 0.077527, 1.454463e-03 
1.161183e+00, 3.554522e-03, 1.020577e-05, 8.164613e-05, 6.706646e-06, 3.441093e-03, 1.370489e-05, 1.166373e-06, 7.751549e-02, 1.453338e-03, 0.000000e+00, 0.000000, 3.125000e-03, 0, 0.077515, 1.453338e-03 
1.164482e+00, 3.298795e-03, 9.330986e-06, 8.135453e-05, 6.706646e-06, 3.189448e-03, 1.108055e-05, 8.747799e-07, 7.751037e-02, 1.452617e-03, 0.000000e+00, 0.000000, 3.125000e-03, 0, 0.077510, 1.452617e-03 
1.167677e+00, 3.194696e-03, 8.164613e-06, 7.493948e-05, 6.123459e-06, 3.092639e-03, 1.224692e-05, 5.831866e-07, 7.750824e-02, 1.453072e-03, 0.000000e+00, 0.000000, 3.125000e-03, 0, 0.077508, 1.453072e-03 
1.171429e+00, 3.752514e-03, 1.224692e-05, 1.145962e-04, 9.039393e-06, 3.604385e-03, 1.137214e-05, 8.747799e-07, 7.750620e-02, 1.453714e-03, 0.000000e+00, 0.000000, 3.125000e-03, 0, 0.077506, 1.453714e-03 
1.174733e+00, 3.304335e-03, 1.078895e-05, 8.864437e-05, 6.706646e-06, 3.182158e-03, 1.487126e-05, 1.166373e-06, 7.749470e-02, 1.452515e-03, 0.000000e+00, 0.000000, 3.125000e-03, 0, 0.077495, 1.452515e-03 
1.177842e+00, 3.108676e-03, 9.039393e-06, 7.348151e-05, 6.123459e-06, 3.006327e-03, 1.283011e-05, 8.747799e-07, 7.748813e-02, 1.452254e-03, 0.000000e+00, 0.000000, 3.125000e-03, 0, 0.077488, 1.452254e-03 
1.181527e+00, 3.684573e-03, 9.039393e-06, 8.106294e-05, 6.706646e-06, 3.572018e-03, 1.428807e-05, 1.457967e-06, 7.748310e-02, 1.451968e-03, 0.000000e+00, 0.000000, 3.125000e-03, 0, 0.077483, 1.451968e-03 
1.185067e+00, 3.540234e-03, 9.914172e-06, 8.864437e-05, 8.747799e-06, 3.420681e-03, 1.137214e-05, 8.747799e-07, 7.747850e-02, 1.451439e-03, 0.000000e+00, 0.000000, 3.125000e-03, 0, 0.077479, 1.451439e-03 
1.188063e+00, 2.996413e-03, 8.456206e-06, 8.368728e-05, 6.415053e-06, 2.885607e-03, 1.137214e-05, 8.747799e-07, 7.746977e-02, 1.450894e-03, 0.000000e+00, 0.000000, 3.125000e-03, 0, 0.077470, 1.450894e-03 
1.191006e+00, 2.943051e-03, 8.456206e-06, 8.660321e-05, 6.706646e-06, 2.829330e-03, 1.108055e-05, 8.747799e-07, 7.746322e-02, 1.450577e-03, 0.000000e+00, 0.000000, 3.125000e-03, 0, 0.077463, 1.450577e-03 
1.193836e+00, 2.829621e-03, 7.873019e-06, 7.202355e-05, 6.123459e-06, 2.729605e-03, 1.312170e-05, 8.747799e-07, 7.745445e-02, 1.449966e-03, 0.000000e+00, 0.000000, 3.125000e-03, 0, 0.077454, 1.449966e-03 
1.196709e+00, 2.873360e-03, 8.747799e-06, 7.931338e-05, 6.706646e-06, 2.766637e-03, 1.108055e-05, 8.747799e-07, 7.744141e-02, 1.448839e-03, 0.000000e+00, 0.000000, 3.125000e-03, 0, 0.077441, 1.448839e-03 
1.199962e+00, 3.253015e-03, 8.164613e-06, 7.231514e-05, 6.123459e-06, 3.152415e-03, 1.283011e-05, 1.166373e-06, 7.742790e-02, 1.447697e-03, 0.000000e+00, 0.000000, 3.125000e-03, 0, 0.077428, 1.447697e-03 
1.203153e+00, 3.190906e-03, 9.039393e-06, 8.164613e-05, 6.998239e-06, 3.079517e-03, 1.253851e-05, 1.166373e-06, 7.742294e-02, 1.447489e-03, 0.000000e+00, 0.000000, 3.125000e-03, 0, 0.077423, 1.447489e-03 
1.206470e+00, 3.316582e-03, 9.039393e-06, 8.252091e-05, 6.706646e-06, 3.204610e-03, 1.253851e-05, 1.166373e-06, 7.740945e-02, 1.446363e-03, 0.000000e+00, 0.000000, 3.125000e-03, 0, 0.077409, 1.446363e-03 
1.209461e+00, 2.991164e-03, 8.747799e-06, 7.435629e-05, 6.123459e-06, 2.889690e-03, 1.108055e-05, 1.166373e-06, 7.740935e-02, 1.446927e-03, 0.000000e+00, 0.000000, 1.562500e-03, 0, 0.077409, 1.446927e-03 
1.212769e+00, 3.307834e-03, 8.164613e-06, 7.348151e-05, 6.123459e-06, 3.205485e-03, 1.341329e-05, 1.166373e-06, 7.740286e-02, 1.446645e-03, 0.000000e+00, 0.000000, 1.562500e-03, 0, 0.077403, 1.446645e-03 
1.216118e+00, 3.349532e-03, 9.914172e-06, 8.893596e-05, 7.581426e-06, 3.228521e-03, 1.341329e-05, 1.166373e-06, 7.739947e-02, 1.446615e-03, 0.000000e+00, 0.000000, 1.562500e-03, 0, 0.077399, 1.446615e-03 
1.219799e+00, 3.680491e-03, 1.049736e-05, 8.864437e-05, 7.581426e-06, 3.555689e-03, 1.662082e-05, 1.457967e-06, 7.739341e-02, 1.445999e-03, 0.000000e+00, 0.000000, 1.562500e-03, 0, 0.077393, 1.445999e-03 
1.222827e+00, 3.027905e-03, 1.137214e-05, 8.339569e-05, 6.998239e-06, 2.914184e-03, 1.108055e-05, 8.747799e-07, 7.739018e-02, 1.445863e-03, 0.000000e+00, 0.000000, 1.562500e-03, 0, 0.077390, 1.445863e-03 
1.226059e+00, 3.231729e-03, 8.456206e-06, 7.348151e-05, 6.123459e-06, 3.113633e-03, 2.857614e-05, 1.457967e-06, 7.738790e-02, 1.445583e-03, 0.000000e+00, 0.000000, 1.562500e-03, 0, 0.077388, 1.445583e-03 
1.229204e+00, 3.145417e-03, 9.330986e-06, 7.960497e-05, 6.415053e-06, 3.036944e-03, 1.224692e-05, 8.747799e-07, 7.738354e-02, 1.445256e-03, 0.000000e+00, 0.000000, 1.562500e-03, 0, 0.077384, 1.445256e-03 
1.232440e+00, 3.236394e-03, 9.330986e-06, 7.843860e-05, 6.706646e-06, 3.129963e-03, 1.108055e-05, 8.747799e-07, 7.738127e-02, 1.444982e-03, 0.000000e+00, 0.000000, 1.562500e-03, 0, 0.077381, 1.444982e-03 
1.235223e+00, 2.782967e-03, 8.456206e-06, 7.318992e-05, 6.123459e-06, 2.683533e-03, 1.108055e-05, 5.831866e-07, 7.737557e-02, 1.444489e-03, 0.000000e+00, 0.000000, 1.562500e-03, 0, 0.077376, 1.444489e-03 
1.238304e+00, 3.080392e-03, 7.873019e-06, 7.289833e-05, 6.123459e-06, 2.980084e-03, 1.224692e-05, 1.166373e-06, 7.737130e-02, 1.444119e-03, 0.000000e+00, 0.000000, 1.562500e-03, 0, 0.077371, 1.444119e-03 
1.241186e+00, 2.882400e-03, 8.747799e-06, 7.318992e-05, 6.123459e-06, 2.782383e-03, 1.108055e-05, 8.747799e-07, 7.736456e-02, 1.443544e-03, 0.000000e+00, 0.000000, 1.562500e-03, 0, 0.077365, 1.443544e-03 
1.244001e+00, 2.814459e-03, 7.873019e-06, 7.260673e-05, 6.123459e-06, 2.714734e-03, 1.224692e-05, 8.747799e-07, 7.736113e-02, 1.443311e-03, 0.000000e+00, 0.000000, 1.562500e-03, 0, 0.077361, 1.443311e-03 
1.247316e+00, 3.315416e-03, 8.456206e-06, 9.855854e-05, 7.873019e-06, 3.186823e-03, 1.253851e-05, 1.166373e-06, 7.735547e-02, 1.442895e-03, 0.000000e+00, 0.000000, 1.562500e-03, 0, 0.077355, 1.442895e-03 
1.250624e+00, 3.308418e-03, 9.622579e-06, 8.456206e-05, 9.039393e-06, 3.191489e-03, 1.283011e-05, 8.747799e-07, 7.735121e-02, 1.442530e-03, 0.000000e+00, 0.000000, 1.562500e-03, 0, 0.077351, 1.442530e-03 
1.253868e+00, 3.243101e-03, 9.330986e-06, 8.397887e-05, 7.289833e-06, 3.128505e-03, 1.312170e-05, 8.747799e-07, 7.734726e-02, 1.442264e-03, 0.000000e+00, 0.000000, 1.562500e-03, 0, 0.077347, 1.442264e-03 
1.257103e+00, 3.235811e-03, 9.039393e-06, 8.281250e-05, 7.289833e-06, 3.122090e-03, 1.341329e-05, 1.166373e-06, 7.734473e-02, 1.441874e-03, 0.000000e+00, 0.000000, 1.562500e-03, 0, 0.077345, 1.441874e-03 
1.260201e+00, 3.097887e-03, 9.622579e-06, 8.252091e-05, 6.998239e-06, 2.986207e-03, 1.137214e-05, 1.166373e-06, 7.734376e-02, 1.442210e-03, 0.000000e+00, 0.000000, 7.812500e-04, 0, 0.077344, 1.442210e-03 
1.263364e+00, 3.162621e-03, 8.164613e-06, 7.406470e-05, 6.415053e-06, 3.059397e-03, 1.370489e-05, 8.747799e-07, 7.733807e-02, 1.441715e-03, 0.000000e+00, 0.000000, 7.812500e-04, 0, 0.077338, 1.441715e-03 
1.266752e+00, 3.388314e-03, 9.914172e-06, 9.214348e-05, 7.289833e-06, 3.265553e-03, 1.224692e-05, 1.166373e-06, 7.733749e-02, 1.441532e-03, 0.000000e+00, 0.000000, 3.906250e-04, 0, 0.077337, 1.441532e-03 
1.270185e+00, 3.432345e-03, 9.914172e-06, 9.593420e-05, 7.581426e-06, 3.306668e-03, 1.137214e-05, 8.747799e-07, 7.733532e-02, 1.441375e-03, 0.000000e+00, 0.000000, 3.906250e-04, 0, 0.077335, 1.441375e-03 
1.273006e+00, 2.821748e-03, 8.456206e-06, 7.435629e-05, 6.123459e-06, 2.720566e-03, 1.137214e-05, 8.747799e-07, 7.733436e-02, 1.441347e-03, 0.000000e+00, 0.000000, 1.953125e-04, 0, 0.077334, 1.441347e-03 
1.276477e+00, 3.471127e-03, 2.157790e-05, 8.718640e-05, 6.706646e-06, 3.338452e-03, 1.574604e-05, 1.457967e-06, 7.733380e-02, 1.441281e-03, 0.000000e+00, 0.000000, 9.765625e-05, 0, 0.077334, 1.441281e-03 
1.279654e+00, 3.176909e-03, 1.137214e-05, 1.075979e-04, 8.456206e-06, 3.035778e-03, 1.253851e-05, 1.166373e-06, 7.733292e-02, 1.441198e-03, 0.000000e+00, 0.000000, 4.882813e-05, 0, 0.077333, 1.441198e-03 
1.282881e+00, 3.226772e-03, 9.914172e-06, 8.835277e-05, 6.998239e-06, 3.106927e-03, 1.341329e-05, 1.166373e-06, 7.733248e-02, 1.441152e-03, 0.000000e+00, 0.000000, 4.882813e-05, 0, 0.077333, 1.441163e-03 
0.750000, 0, 0, 0, 0, 0, 0, 0, 0, 0, 0, 0, 0, 0, 0 ,0