TRM WS=1, MS=2, TRMstep=0: ub=0.800000, lb=0.200000, grow=2.000000,shrink=0.500000, b_w=2,b_m=4, lr=0.400000, lambda=0.000000, n=9, n0=2, n1=2, n2=1, sub_tol=0.001000, sub_maxit=1000, tol=1.000000e-08, m=4, nobias=0 
time, iter_t, subset_m_time, g_time, subset_w_time, p1_time, t2, t3, total error, total gmag, rho, sigma, gamma, step, approx error, approx gmag 
3.278092e-03, 3.278092e-03, 1.166373e-05, 8.164613e-05, 7.581426e-06, 3.159122e-03, 1.662082e-05, 1.457967e-06, 1.267561e-01, 4.394159e-03, 0.000000e+00, 0.000000, 4.000000e-01, 0, 0.126756, 4.394159e-03 
6.259342e-03, 2.981250e-03, 8.747799e-06, 7.523107e-05, 7.289833e-06, 2.871319e-03, 1.632923e-05, 2.332746e-06, 1.264741e-01, 3.990836e-03, 0.000000e+00, 0.000000, 2.000000e-01, 0, 0.126474, 3.990836e-03 
9.778873e-03, 3.519531e-03, 1.224692e-05, 1.239272e-04, 7.581426e-06, 3.360030e-03, 1.457967e-05, 1.166373e-06, 1.260762e-01, 3.307341e-03, 0.000000e+00, 0.000000, 1.000000e-01, 0, 0.126076, 3.307341e-03 
1.263882e-02, 2.859947e-03, 8.456206e-06, 7.639745e-05, 6.123459e-06, 2.754974e-03, 1.312170e-05, 8.747799e-07, 1.250687e-01, 9.603491e-05, 0.000000e+00, 0.000000, 1.000000e-01, 0, 0.125069, 9.603491e-05 
1.542879e-02, 2.789965e-03, 7.873019e-06, 7.493948e-05, 6.123459e-06, 2.686741e-03, 1.312170e-05, 1.166373e-06, 1.250592e-01, 1.063125e-04, 0.000000e+00, 0.000000, 5.000000e-02, 0, 0.125059, 1.063125e-04 
1.830973e-02, 2.880942e-03, 7.581426e-06, 7.493948e-05, 6.415053e-06, 2.777135e-03, 1.399648e-05, 8.747799e-07, 1.250560e-01, 9.579986e-05, 0.000000e+00, 0.000000, 2.500000e-02, 0, 0.125056, 9.579986e-05 
2.141374e-02, 3.104011e-03, 8.456206e-06, 7.989657e-05, 6.706646e-06, 2.994372e-03, 1.341329e-05, 1.166373e-06, 1.250512e-01, 1.306612e-04, 0.000000e+00, 0.000000, 1.250000e-02, 0, 0.125051, 1.306612e-04 
2.435242e-02, 2.938677e-03, 8.747799e-06, 7.493948e-05, 6.123459e-06, 2.834870e-03, 1.283011e-05, 1.166373e-06, 1.250496e-01, 8.069975e-05, 0.000000e+00, 0.000000, 1.250000e-02, 0, 0.125050, 8.069975e-05 
0.500000, 0, 0, 0, 0, 0, 0, 0, 0, 0, 0, 0, 0, 0, 0 ,0