TRM WS=1, MS=2, TRMstep=0: ub=0.800000, lb=0.200000, grow=2.000000,shrink=0.500000, b_w=2,b_m=4, lr=0.400000, lambda=0.000000, n=9, n0=2, n1=2, n2=1, sub_tol=0.001000, sub_maxit=1000, tol=1.000000e-08, m=4, nobias=0 
time, iter_t, subset_m_time, g_time, subset_w_time, p1_time, t2, t3, total error, total gmag, rho, sigma, gamma, step, approx error, approx gmag 
3.108676e-03, 3.108676e-03, 9.622579e-06, 8.252091e-05, 7.289833e-06, 2.991747e-03, 1.603763e-05, 1.457967e-06, 1.350517e-01, 1.034463e-02, 0.000000e+00, 0.000000, 4.000000e-01, 0, 0.135052, 1.034463e-02 
6.030441e-03, 2.921765e-03, 8.164613e-06, 7.493948e-05, 6.706646e-06, 2.817958e-03, 1.283011e-05, 1.166373e-06, 1.287231e-01, 6.680019e-03, 0.000000e+00, 0.000000, 4.000000e-01, 0, 0.128723, 6.680019e-03 
9.277041e-03, 3.246600e-03, 9.039393e-06, 8.077135e-05, 6.415053e-06, 3.136669e-03, 1.283011e-05, 8.747799e-07, 1.272211e-01, 5.089529e-03, 0.000000e+00, 0.000000, 4.000000e-01, 0, 0.127221, 5.089529e-03 
1.206934e-02, 2.792298e-03, 8.456206e-06, 7.435629e-05, 6.415053e-06, 2.689657e-03, 1.253851e-05, 8.747799e-07, 1.249452e-01, 7.116081e-04, 0.000000e+00, 0.000000, 4.000000e-01, 0, 0.124945, 7.116081e-04 
1.485930e-02, 2.789965e-03, 7.581426e-06, 7.377311e-05, 6.123459e-06, 2.688782e-03, 1.253851e-05, 1.166373e-06, 1.249230e-01, 1.791005e-04, 0.000000e+00, 0.000000, 2.000000e-01, 0, 0.124923, 1.791005e-04 
1.775103e-02, 2.891731e-03, 7.873019e-06, 7.377311e-05, 5.831866e-06, 2.790256e-03, 1.312170e-05, 8.747799e-07, 1.249155e-01, 2.061037e-04, 0.000000e+00, 0.000000, 1.000000e-01, 0, 0.124916, 2.061037e-04 
2.052467e-02, 2.773636e-03, 7.873019e-06, 7.406470e-05, 6.123459e-06, 2.671578e-03, 1.283011e-05, 1.166373e-06, 1.248359e-01, 2.430514e-04, 0.000000e+00, 0.000000, 5.000000e-02, 0, 0.124836, 2.430514e-04 
2.347209e-02, 2.947425e-03, 7.873019e-06, 7.464789e-05, 6.123459e-06, 2.844784e-03, 1.283011e-05, 1.166373e-06, 1.247723e-01, 2.671172e-04, 0.000000e+00, 0.000000, 5.000000e-02, 0, 0.124772, 2.671172e-04 
0.500000, 0, 0, 0, 0, 0, 0, 0, 0, 0, 0, 0, 0, 0, 0 ,0