TRM WS=1, MS=2, TRMstep=0: ub=0.800000, lb=0.200000, grow=2.000000,shrink=0.500000, b_w=2,b_m=4, lr=0.400000, lambda=0.000000, n=9, n0=2, n1=2, n2=1, sub_tol=0.001000, sub_maxit=1000, tol=1.000000e-08, m=4, nobias=0 
time, iter_t, subset_m_time, g_time, subset_w_time, p1_time, t2, t3, total error, total gmag, rho, sigma, gamma, step, approx error, approx gmag 
3.071352e-03, 3.071352e-03, 9.914172e-06, 8.310409e-05, 7.581426e-06, 2.952965e-03, 1.632923e-05, 1.457967e-06, 1.394585e-01, 1.167346e-02, 0.000000e+00, 0.000000, 4.000000e-01, 0, 0.139459, 1.167346e-02 
5.889310e-03, 2.817958e-03, 8.456206e-06, 8.572843e-05, 6.706646e-06, 2.703070e-03, 1.283011e-05, 1.166373e-06, 1.269675e-01, 4.756749e-03, 0.000000e+00, 0.000000, 4.000000e-01, 0, 0.126967, 4.756749e-03 
8.710475e-03, 2.821165e-03, 7.873019e-06, 9.564260e-05, 6.415053e-06, 2.697530e-03, 1.253851e-05, 1.166373e-06, 1.261483e-01, 3.457226e-03, 0.000000e+00, 0.000000, 2.000000e-01, 0, 0.126148, 3.457226e-03 
1.202414e-02, 3.313666e-03, 8.164613e-06, 8.018816e-05, 6.123459e-06, 3.201403e-03, 1.632923e-05, 1.457967e-06, 1.250117e-01, 9.100957e-05, 0.000000e+00, 0.000000, 2.000000e-01, 0, 0.125012, 9.100957e-05 
1.486951e-02, 2.845367e-03, 8.747799e-06, 7.552267e-05, 6.123459e-06, 2.740685e-03, 1.283011e-05, 1.457967e-06, 1.249953e-01, 5.856007e-05, 0.000000e+00, 0.000000, 1.000000e-01, 0, 0.124995, 5.856007e-05 
1.797323e-02, 3.103719e-03, 8.456206e-06, 8.660321e-05, 6.706646e-06, 2.987665e-03, 1.341329e-05, 8.747799e-07, 1.249847e-01, 5.811181e-05, 0.000000e+00, 0.000000, 5.000000e-02, 0, 0.124985, 5.811181e-05 
2.079469e-02, 2.821457e-03, 7.873019e-06, 8.193772e-05, 7.289833e-06, 2.710360e-03, 1.283011e-05, 1.166373e-06, 1.249776e-01, 1.011500e-04, 0.000000e+00, 0.000000, 2.500000e-02, 0, 0.124978, 1.011500e-04 
2.358669e-02, 2.792006e-03, 8.164613e-06, 8.252091e-05, 6.123459e-06, 2.681200e-03, 1.283011e-05, 1.166373e-06, 1.249736e-01, 1.171134e-04, 0.000000e+00, 0.000000, 2.500000e-02, 0, 0.124974, 1.171134e-04 
0.500000, 0, 0, 0, 0, 0, 0, 0, 0, 0, 0, 0, 0, 0, 0 ,0