TRM WS=1, MS=2, TRMstep=0: ub=0.800000, lb=0.200000, grow=2.000000,shrink=0.500000, b_w=2,b_m=4, lr=0.400000, lambda=0.000000, n=9, n0=2, n1=2, n2=1, sub_tol=0.001000, sub_maxit=1000, tol=1.000000e-08, m=4, nobias=0 
time, iter_t, subset_m_time, g_time, subset_w_time, p1_time, t2, t3, total error, total gmag, rho, sigma, gamma, step, approx error, approx gmag 
3.864194e-03, 3.864194e-03, 1.428807e-05, 1.213028e-04, 9.039393e-06, 3.695945e-03, 2.186950e-05, 1.749560e-06, 1.293262e-01, 7.545939e-03, 0.000000e+00, 0.000000, 4.000000e-01, 0, 0.129326, 7.545939e-03 
7.301205e-03, 3.437010e-03, 9.622579e-06, 8.456206e-05, 7.581426e-06, 3.316291e-03, 1.662082e-05, 2.332746e-06, 1.288332e-01, 6.868850e-03, 0.000000e+00, 0.000000, 2.000000e-01, 0, 0.128833, 6.868850e-03 
1.058338e-02, 3.282174e-03, 1.049736e-05, 9.476782e-05, 7.581426e-06, 3.154748e-03, 1.341329e-05, 1.166373e-06, 1.275335e-01, 5.441919e-03, 0.000000e+00, 0.000000, 2.000000e-01, 0, 0.127533, 5.441919e-03 
1.343720e-02, 2.853824e-03, 8.456206e-06, 7.523107e-05, 6.415053e-06, 2.750308e-03, 1.253851e-05, 8.747799e-07, 1.260028e-01, 3.412449e-03, 0.000000e+00, 0.000000, 2.000000e-01, 0, 0.126003, 3.412449e-03 
1.630386e-02, 2.866654e-03, 7.873019e-06, 7.989657e-05, 5.831866e-06, 2.758764e-03, 1.312170e-05, 1.166373e-06, 1.257280e-01, 2.856045e-03, 0.000000e+00, 0.000000, 1.000000e-01, 0, 0.125728, 2.856045e-03 
2.024182e-02, 3.937968e-03, 8.456206e-06, 7.464789e-05, 6.123459e-06, 3.829786e-03, 1.749560e-05, 1.457967e-06, 1.250287e-01, 5.234952e-05, 0.000000e+00, 0.000000, 5.000000e-02, 0, 0.125029, 5.234952e-05 
2.403400e-02, 3.792171e-03, 1.399648e-05, 1.288842e-04, 9.914172e-06, 3.623630e-03, 1.457967e-05, 1.166373e-06, 1.250238e-01, 1.196816e-04, 0.000000e+00, 0.000000, 2.500000e-02, 0, 0.125024, 1.196816e-04 
2.707356e-02, 3.039569e-03, 9.039393e-06, 7.698063e-05, 6.998239e-06, 2.930513e-03, 1.487126e-05, 1.166373e-06, 1.250217e-01, 6.451795e-05, 0.000000e+00, 0.000000, 2.500000e-02, 0, 0.125022, 6.451795e-05 
0.500000, 0, 0, 0, 0, 0, 0, 0, 0, 0, 0, 0, 0, 0, 0 ,0