TRM WS=1, MS=2, TRMstep=0: ub=0.800000, lb=0.200000, grow=2.000000,shrink=0.500000, b_w=2,b_m=4, lr=0.400000, lambda=0.000000, n=9, n0=2, n1=2, n2=1, sub_tol=0.001000, sub_maxit=1000, tol=1.000000e-08, m=4, nobias=0 
time, iter_t, subset_m_time, g_time, subset_w_time, p1_time, t2, t3, total error, total gmag, rho, sigma, gamma, step, approx error, approx gmag 
3.313083e-03, 3.313083e-03, 1.924516e-05, 8.368728e-05, 7.873019e-06, 3.184491e-03, 1.632923e-05, 1.457967e-06, 1.404554e-01, 1.188567e-02, 0.000000e+00, 0.000000, 4.000000e-01, 0, 0.140455, 1.188567e-02 
6.196649e-03, 2.883566e-03, 8.456206e-06, 7.581426e-05, 6.998239e-06, 2.778009e-03, 1.312170e-05, 1.166373e-06, 1.394421e-01, 1.202797e-02, 0.000000e+00, 0.000000, 4.000000e-01, 0, 0.139442, 1.202797e-02 
9.257504e-03, 3.060855e-03, 7.873019e-06, 7.464789e-05, 6.123459e-06, 2.958506e-03, 1.283011e-05, 8.747799e-07, 1.317900e-01, 8.864881e-03, 0.000000e+00, 0.000000, 4.000000e-01, 0, 0.131790, 8.864881e-03 
1.212008e-02, 2.862571e-03, 8.164613e-06, 7.377311e-05, 6.415053e-06, 2.760514e-03, 1.283011e-05, 8.747799e-07, 1.251800e-01, 1.519856e-03, 0.000000e+00, 0.000000, 4.000000e-01, 0, 0.125180, 1.519856e-03 
1.493191e-02, 2.811834e-03, 8.164613e-06, 7.523107e-05, 6.123459e-06, 2.708027e-03, 1.312170e-05, 1.166373e-06, 1.249329e-01, 3.438136e-04, 0.000000e+00, 0.000000, 2.000000e-01, 0, 0.124933, 3.438136e-04 
1.786971e-02, 2.937803e-03, 8.164613e-06, 7.348151e-05, 6.123459e-06, 2.836037e-03, 1.283011e-05, 1.166373e-06, 1.249623e-01, 2.326263e-04, 0.000000e+00, 0.000000, 1.000000e-01, 0, 0.124962, 2.326263e-04 
2.092590e-02, 3.056189e-03, 7.873019e-06, 7.464789e-05, 6.123459e-06, 2.952382e-03, 1.370489e-05, 1.457967e-06, 1.247728e-01, 2.919369e-04, 0.000000e+00, 0.000000, 5.000000e-02, 0, 0.124773, 2.919369e-04 
2.471049e-02, 3.784590e-03, 9.622579e-06, 1.052652e-04, 8.164613e-06, 3.645208e-03, 1.487126e-05, 1.457967e-06, 1.247265e-01, 4.050404e-04, 0.000000e+00, 0.000000, 5.000000e-02, 0, 0.124727, 4.050404e-04 
0.750000, 0, 0, 0, 0, 0, 0, 0, 0, 0, 0, 0, 0, 0, 0 ,0