TRM WS=1, MS=2, TRMstep=0: ub=0.800000, lb=0.200000, grow=2.000000,shrink=0.500000, b_w=2,b_m=4, lr=0.400000, lambda=0.000000, n=9, n0=2, n1=2, n2=1, sub_tol=0.001000, sub_maxit=1000, tol=1.000000e-08, m=4, nobias=0 
time, iter_t, subset_m_time, g_time, subset_w_time, p1_time, t2, t3, total error, total gmag, rho, sigma, gamma, step, approx error, approx gmag 
2.901645e-03, 2.901645e-03, 8.164613e-06, 7.610585e-05, 6.123459e-06, 2.794630e-03, 1.516285e-05, 1.457967e-06, 1.461250e-01, 1.380990e-02, 0.000000e+00, 0.000000, 4.000000e-01, 0, 0.146125, 1.380990e-02 
5.868898e-03, 2.967253e-03, 8.164613e-06, 7.581426e-05, 6.415053e-06, 2.862863e-03, 1.283011e-05, 1.166373e-06, 1.373571e-01, 1.147030e-02, 0.000000e+00, 0.000000, 4.000000e-01, 0, 0.137357, 1.147030e-02 
8.656239e-03, 2.787340e-03, 8.164613e-06, 7.523107e-05, 6.123459e-06, 2.684116e-03, 1.283011e-05, 8.747799e-07, 1.344154e-01, 9.933843e-03, 0.000000e+00, 0.000000, 4.000000e-01, 0, 0.134415, 9.933843e-03 
1.143833e-02, 2.782092e-03, 7.873019e-06, 7.523107e-05, 6.123459e-06, 2.679451e-03, 1.253851e-05, 8.747799e-07, 1.254536e-01, 2.027595e-03, 0.000000e+00, 0.000000, 4.000000e-01, 0, 0.125454, 2.027595e-03 
1.451756e-02, 3.079225e-03, 7.873019e-06, 7.523107e-05, 6.123459e-06, 2.974543e-03, 1.399648e-05, 1.457967e-06, 1.251014e-01, 8.978878e-04, 0.000000e+00, 0.000000, 2.000000e-01, 0, 0.125101, 8.978878e-04 
1.733260e-02, 2.815042e-03, 8.747799e-06, 8.135453e-05, 6.706646e-06, 2.704528e-03, 1.283011e-05, 8.747799e-07, 1.250366e-01, 1.267950e-04, 0.000000e+00, 0.000000, 1.000000e-01, 0, 0.125037, 1.267950e-04 
2.011002e-02, 2.777426e-03, 7.873019e-06, 7.493948e-05, 5.831866e-06, 2.675369e-03, 1.253851e-05, 8.747799e-07, 1.250311e-01, 1.428189e-04, 0.000000e+00, 0.000000, 5.000000e-02, 0, 0.125031, 1.428189e-04 
2.290232e-02, 2.792298e-03, 7.873019e-06, 9.418464e-05, 1.020577e-05, 2.666329e-03, 1.283011e-05, 8.747799e-07, 1.249954e-01, 1.398572e-04, 0.000000e+00, 0.000000, 5.000000e-02, 0, 0.124995, 1.398572e-04 
0.500000, 0, 0, 0, 0, 0, 0, 0, 0, 0, 0, 0, 0, 0, 0 ,0