TRM WS=1, MS=2, TRMstep=0: ub=0.800000, lb=0.200000, grow=2.000000,shrink=0.500000, b_w=2,b_m=4, lr=0.400000, lambda=0.000000, n=9, n0=2, n1=2, n2=1, sub_tol=0.001000, sub_maxit=1000, tol=1.000000e-08, m=4, nobias=0 
time, iter_t, subset_m_time, g_time, subset_w_time, p1_time, t2, t3, total error, total gmag, rho, sigma, gamma, step, approx error, approx gmag 
3.207526e-03, 3.207526e-03, 9.330986e-06, 8.281250e-05, 6.998239e-06, 3.089723e-03, 1.720401e-05, 1.457967e-06, 1.321186e-01, 8.385006e-03, 0.000000e+00, 0.000000, 4.000000e-01, 0, 0.132119, 8.385006e-03 
6.278295e-03, 3.070769e-03, 9.039393e-06, 8.164613e-05, 6.706646e-06, 2.958214e-03, 1.399648e-05, 1.166373e-06, 1.301440e-01, 7.057668e-03, 0.000000e+00, 0.000000, 4.000000e-01, 0, 0.130144, 7.057668e-03 
9.325737e-03, 3.047442e-03, 8.456206e-06, 8.106294e-05, 6.706646e-06, 2.936345e-03, 1.399648e-05, 8.747799e-07, 1.285982e-01, 5.827022e-03, 0.000000e+00, 0.000000, 4.000000e-01, 0, 0.128598, 5.827022e-03 
1.235889e-02, 3.033154e-03, 8.747799e-06, 8.135453e-05, 6.706646e-06, 2.921473e-03, 1.399648e-05, 8.747799e-07, 1.268108e-01, 4.138288e-03, 0.000000e+00, 0.000000, 4.000000e-01, 0, 0.126811, 4.138288e-03 
1.547836e-02, 3.119465e-03, 8.747799e-06, 8.106294e-05, 6.706646e-06, 3.007493e-03, 1.399648e-05, 1.457967e-06, 1.263367e-01, 3.499762e-03, 0.000000e+00, 0.000000, 2.000000e-01, 0, 0.126337, 3.499762e-03 
1.862231e-02, 3.143959e-03, 8.747799e-06, 8.135453e-05, 6.706646e-06, 3.032279e-03, 1.399648e-05, 8.747799e-07, 1.255318e-01, 2.180583e-03, 0.000000e+00, 0.000000, 1.000000e-01, 0, 0.125532, 2.180583e-03 
2.166363e-02, 3.041318e-03, 8.747799e-06, 8.077135e-05, 6.706646e-06, 2.929930e-03, 1.428807e-05, 8.747799e-07, 1.252794e-01, 1.523399e-03, 0.000000e+00, 0.000000, 5.000000e-02, 0, 0.125279, 1.523399e-03 
2.469824e-02, 3.034612e-03, 8.747799e-06, 8.164613e-05, 6.706646e-06, 2.923223e-03, 1.341329e-05, 8.747799e-07, 1.252491e-01, 1.449442e-03, 0.000000e+00, 0.000000, 5.000000e-02, 0, 0.125249, 1.449442e-03 
0.500000, 0, 0, 0, 0, 0, 0, 0, 0, 0, 0, 0, 0, 0, 0 ,0