TRM WS=1, MS=2, TRMstep=0: ub=0.800000, lb=0.200000, grow=2.000000,shrink=0.500000, b_w=2,b_m=4, lr=0.400000, lambda=0.000000, n=9, n0=2, n1=2, n2=1, sub_tol=0.001000, sub_maxit=1000, tol=1.000000e-08, m=4, nobias=0 
time, iter_t, subset_m_time, g_time, subset_w_time, p1_time, t2, t3, total error, total gmag, rho, sigma, gamma, step, approx error, approx gmag 
3.634127e-03, 3.634127e-03, 9.914172e-06, 8.427047e-05, 7.581426e-06, 3.512825e-03, 1.778719e-05, 1.749560e-06, 1.293219e-01, 7.036145e-03, 0.000000e+00, 0.000000, 4.000000e-01, 0, 0.129322, 7.036145e-03 
6.703730e-03, 3.069603e-03, 1.049736e-05, 8.164613e-05, 7.581426e-06, 2.954423e-03, 1.428807e-05, 1.166373e-06, 1.273690e-01, 5.114203e-03, 0.000000e+00, 0.000000, 4.000000e-01, 0, 0.127369, 5.114203e-03 
9.836317e-03, 3.132587e-03, 9.039393e-06, 8.135453e-05, 6.415053e-06, 3.007202e-03, 2.740977e-05, 1.166373e-06, 1.261101e-01, 3.332381e-03, 0.000000e+00, 0.000000, 4.000000e-01, 0, 0.126110, 3.332381e-03 
1.297882e-02, 3.142501e-03, 8.747799e-06, 8.047975e-05, 6.706646e-06, 3.031112e-03, 1.457967e-05, 8.747799e-07, 1.250374e-01, 1.404889e-04, 0.000000e+00, 0.000000, 4.000000e-01, 0, 0.125037, 1.404889e-04 
1.614261e-02, 3.163787e-03, 9.039393e-06, 9.039393e-05, 6.706646e-06, 3.041318e-03, 1.487126e-05, 1.457967e-06, 1.250035e-01, 4.079668e-05, 0.000000e+00, 0.000000, 2.000000e-01, 0, 0.125004, 4.079668e-05 
1.953150e-02, 3.388897e-03, 9.039393e-06, 8.106294e-05, 7.289833e-06, 3.274593e-03, 1.545445e-05, 1.457967e-06, 1.249869e-01, 6.829733e-05, 0.000000e+00, 0.000000, 1.000000e-01, 0, 0.124987, 6.829733e-05 
2.289999e-02, 3.368486e-03, 1.020577e-05, 8.602003e-05, 6.998239e-06, 3.249516e-03, 1.457967e-05, 1.166373e-06, 1.249768e-01, 8.011096e-05, 0.000000e+00, 0.000000, 5.000000e-02, 0, 0.124977, 8.011096e-05 
2.626498e-02, 3.364987e-03, 1.224692e-05, 9.885013e-05, 7.873019e-06, 3.230271e-03, 1.457967e-05, 1.166373e-06, 1.249703e-01, 7.892687e-05, 0.000000e+00, 0.000000, 5.000000e-02, 0, 0.124970, 7.892687e-05 
0.500000, 0, 0, 0, 0, 0, 0, 0, 0, 0, 0, 0, 0, 0, 0 ,0