TRM WS=1, MS=2, TRMstep=0: ub=0.800000, lb=0.200000, grow=2.000000,shrink=0.500000, b_w=2,b_m=4, lr=0.400000, lambda=0.000000, n=9, n0=2, n1=2, n2=1, sub_tol=0.001000, sub_maxit=1000, tol=1.000000e-08, m=4, nobias=0 
time, iter_t, subset_m_time, g_time, subset_w_time, p1_time, t2, t3, total error, total gmag, rho, sigma, gamma, step, approx error, approx gmag 
3.208693e-03, 3.208693e-03, 9.330986e-06, 7.727223e-05, 6.998239e-06, 3.097304e-03, 1.632923e-05, 1.457967e-06, 1.379934e-01, 1.089525e-02, 0.000000e+00, 0.000000, 4.000000e-01, 0, 0.137993, 1.089525e-02 
6.332532e-03, 3.123839e-03, 8.456206e-06, 7.523107e-05, 6.415053e-06, 3.018866e-03, 1.341329e-05, 1.457967e-06, 1.273416e-01, 4.902274e-03, 0.000000e+00, 0.000000, 4.000000e-01, 0, 0.127342, 4.902274e-03 
9.152239e-03, 2.819707e-03, 8.747799e-06, 7.464789e-05, 6.415053e-06, 2.715608e-03, 1.312170e-05, 1.166373e-06, 1.270203e-01, 4.686022e-03, 0.000000e+00, 0.000000, 2.000000e-01, 0, 0.127020, 4.686022e-03 
1.218364e-02, 3.031404e-03, 7.873019e-06, 7.464789e-05, 6.123459e-06, 2.928763e-03, 1.312170e-05, 8.747799e-07, 1.250074e-01, 2.133415e-04, 0.000000e+00, 0.000000, 2.000000e-01, 0, 0.125007, 2.133415e-04 
1.519464e-02, 3.010992e-03, 8.164613e-06, 7.435629e-05, 6.123459e-06, 2.908352e-03, 1.283011e-05, 1.166373e-06, 1.249811e-01, 1.580134e-04, 0.000000e+00, 0.000000, 1.000000e-01, 0, 0.124981, 1.580134e-04 
1.797002e-02, 2.775385e-03, 7.873019e-06, 7.318992e-05, 6.123459e-06, 2.674494e-03, 1.283011e-05, 8.747799e-07, 1.249664e-01, 1.572719e-04, 0.000000e+00, 0.000000, 5.000000e-02, 0, 0.124966, 1.572719e-04 
2.147731e-02, 3.507284e-03, 7.873019e-06, 7.377311e-05, 5.831866e-06, 3.405227e-03, 1.341329e-05, 1.166373e-06, 1.249210e-01, 2.709671e-04, 0.000000e+00, 0.000000, 2.500000e-02, 0, 0.124921, 2.709671e-04 
2.498430e-02, 3.506993e-03, 1.166373e-05, 9.214348e-05, 6.415053e-06, 3.379566e-03, 1.603763e-05, 1.166373e-06, 1.249178e-01, 2.306317e-04, 0.000000e+00, 0.000000, 2.500000e-02, 0, 0.124918, 2.306317e-04 
0.750000, 0, 0, 0, 0, 0, 0, 0, 0, 0, 0, 0, 0, 0, 0 ,0