TRM WS=0, MS=2, TRMstep=1: ub=0.800000, lb=0.200000, grow=2.000000,shrink=0.500000, b_w=2,b_m=2, lr=1.000000, lambda=0.000000, n=9, n0=2, n1=2, n2=1, sub_tol=0.001000, sub_maxit=1000, tol=1.000000e-08, m=4, nobias=0 
time, iter_t, subset_m_time, g_time, subset_w_time, p1_time, t2, t3, total error, total gmag, rho, sigma, gamma, step, approx error, approx gmag 
5.104632e-02, 5.104632e-02, 1.180953e-04, 1.405480e-04, 0, 7.733638e-03, 4.272367e-02, 3.303752e-04, 1.251603e-01, 5.745822e-04, 7.945067e-01, -0.121086, 1.000000e+00, 1, 0.121401, 3.667388e-02 
1.446122e-01, 9.356588e-02, 1.137214e-05, 8.106294e-05, 0, 7.393348e-03, 8.597774e-02, 1.023493e-04, 1.628525e-01, 1.504144e-02, 8.514245e-01, -0.049764, 2.000000e+00, 1, 0.169388, 1.554041e-02 
1.631438e-01, 1.853163e-02, 1.370489e-05, 8.047975e-05, 0, 8.040102e-03, 1.028129e-02, 1.160541e-04, 1.266447e-01, 4.235616e-03, 3.104806e-01, -0.040367, 2.000000e+00, 1, 0.126272, 3.928911e-03 
1.876266e-01, 2.448276e-02, 1.020577e-05, 8.047975e-05, 0, 7.506195e-03, 1.676895e-02, 1.169289e-04, 1.280504e-01, 2.951323e-03, 6.903277e-01, -0.038162, 2.000000e+00, 1, 0.142362, 5.171672e-03 
2.962967e-01, 1.086701e-01, 9.622579e-06, 7.989657e-05, 0, 8.164321e-03, 1.003075e-01, 1.087643e-04, 1.284120e-01, 4.929963e-03, 6.593625e-01, -0.064951, 2.000000e+00, 1, 0.140806, 9.598268e-03 
4.367499e-01, 1.404532e-01, 1.253851e-05, 8.106294e-05, 0, 8.135162e-03, 1.321119e-01, 1.125550e-04, 1.373490e-01, 9.474899e-03, 4.604770e-01, -0.430813, 2.000000e+00, 1, 0.203705, 4.980122e-02 
6.880952e-01, 2.513453e-01, 1.370489e-05, 8.106294e-05, 0, 8.272502e-03, 2.428672e-01, 1.108055e-04, 2.031385e-01, 1.278017e-02, 6.622198e-01, -0.127673, 2.000000e+00, 1, 0.195895, 1.475869e-02 
8.268277e-01, 1.387325e-01, 1.195533e-05, 7.581426e-05, 0, 7.652866e-03, 1.308802e-01, 1.116802e-04, 1.241245e-01, 3.737651e-03, 6.480443e-01, -0.126102, 2.000000e+00, 1, 0.100984, 3.848668e-02 
9.503236e-01, 1.234959e-01, 1.253851e-05, 7.523107e-05, 0, 7.795164e-03, 1.155010e-01, 1.119718e-04, 1.689817e-01, 1.629689e-02, 6.740354e-01, -0.135050, 2.000000e+00, 1, 0.184089, 1.519932e-02 
1.167672e+00, 2.173484e-01, 1.195533e-05, 7.464789e-05, 0, 7.587258e-03, 2.095597e-01, 1.148878e-04, 1.358098e-01, 9.722221e-03, 5.853386e-01, -0.092901, 2.000000e+00, 1, 0.093061, 1.192564e-02 
1.238998e+00, 7.132635e-02, 1.253851e-05, 7.523107e-05, 0, 7.777668e-03, 6.343787e-02, 2.303587e-05, 1.482669e-01, 5.761918e-03, 6.254768e-01, -0.142136, 2.000000e+00, 1, 0.198366, 1.480383e-02 
1.319383e+00, 8.038498e-02, 1.312170e-05, 8.222931e-05, 0, 7.712643e-03, 7.255629e-02, 2.070312e-05, 1.299577e-01, 7.439064e-03, 7.775107e-01, -0.108158, 2.000000e+00, 1, 0.150452, 1.371101e-02 
1.429772e+00, 1.103882e-01, 1.253851e-05, 7.552267e-05, 0, 7.489282e-03, 1.027898e-01, 2.099472e-05, 1.406915e-01, 4.405563e-03, 4.666974e-01, -0.070496, 2.000000e+00, 1, 0.081532, 1.234513e-02 
1.520658e+00, 9.088643e-02, 1.312170e-05, 7.523107e-05, 0, 7.615834e-03, 8.309739e-02, 8.485365e-05, 1.483796e-01, 6.395358e-03, 1.000316e+00, -0.083960, 4.000000e+00, 1, 0.230919, 6.805779e-03 
1.545498e+00, 2.483996e-02, 1.341329e-05, 8.193772e-05, 0, 8.423547e-03, 1.616652e-02, 1.545445e-04, 1.327723e-01, 5.890964e-03, 1.104392e+00, -0.084792, 4.762931e+00, 0, 0.098836, 3.738000e-02 
1.831406e+00, 2.859078e-01, 1.224692e-05, 8.222931e-05, 0, 7.789624e-03, 2.779610e-01, 6.269256e-05, 2.014554e-01, 1.707431e-02, 1.245742e-01, -0.911062, 2.381466e+00, 1, 0.164644, 3.058068e-02 
2.115482e+00, 2.840763e-01, 1.312170e-05, 7.523107e-05, 0, 7.819949e-03, 2.761479e-01, 2.011994e-05, 2.014554e-01, 1.707431e-02, 6.644167e-01, -0.138302, 2.381466e+00, 1, 0.242734, 3.296730e-03 
2.221312e+00, 1.058303e-01, 1.341329e-05, 7.581426e-05, 0, 7.573845e-03, 9.814739e-02, 1.982834e-05, 1.547742e-01, 1.595819e-02, 6.590038e-01, -0.028509, 2.381466e+00, 1, 0.037483, 1.895023e-02 
2.385857e+00, 1.645446e-01, 1.195533e-05, 1.880777e-04, 0, 7.630705e-03, 1.566273e-01, 8.660321e-05, 1.466914e-01, 1.649381e-02, 1.422553e-01, -0.186833, 1.190733e+00, 1, 0.101632, 2.211570e-02 
2.418735e+00, 3.287802e-02, 1.195533e-05, 1.664998e-04, 0, 8.779000e-03, 2.379635e-02, 1.242187e-04, 1.466914e-01, 1.649381e-02, 9.471346e-01, -0.109139, 2.381466e+00, 1, 0.191750, 1.611984e-02 
2.490822e+00, 7.208682e-02, 1.428807e-05, 1.490042e-04, 0, 8.829445e-03, 6.306522e-02, 2.886774e-05, 1.018331e-01, 8.425516e-03, 5.966718e-01, -0.108515, 2.381466e+00, 1, 0.088381, 1.945178e-02 
2.678388e+00, 1.875659e-01, 1.119718e-04, 9.797535e-05, 0, 9.080507e-03, 1.782551e-01, 2.041153e-05, 1.247243e-01, 8.282608e-03, 4.417960e-01, -0.005310, 2.381466e+00, 1, 0.023633, 5.573837e-03 
2.820237e+00, 1.418494e-01, 9.185189e-05, 7.523107e-05, 0, 7.861939e-03, 1.337993e-01, 2.099472e-05, 1.278708e-01, 1.299741e-02, 4.508445e-01, -0.002049, 2.381466e+00, 1, 0.021287, 4.819743e-03 
2.909862e+00, 8.962441e-02, 9.126870e-05, 7.581426e-05, 0, 8.026106e-03, 8.133150e-02, 9.972491e-05, 1.168910e-01, 4.292710e-03, 8.128294e-01, -0.226181, 4.762931e+00, 1, 0.211815, 2.155660e-02 
3.005876e+00, 9.601468e-02, 9.185189e-05, 9.126870e-05, 0, 7.339987e-03, 8.847437e-02, 1.720401e-05, 1.413974e-01, 2.082735e-02, 1.313587e-01, -0.210655, 2.381466e+00, 1, 0.027969, 1.464540e-02 
3.043515e+00, 3.763916e-02, 1.341329e-05, 8.339569e-05, 0, 7.882350e-03, 2.965446e-02, 5.540273e-06, 1.413974e-01, 2.082735e-02, 1.133941e-03, -0.498928, 1.190733e+00, 1, 0.162548, 2.869261e-02 
3.072024e+00, 2.850849e-02, 1.108055e-05, 7.610585e-05, 0, 7.511444e-03, 2.088420e-02, 2.566021e-05, 1.413974e-01, 2.082735e-02, 6.434264e-01, -0.160459, 1.190733e+00, 1, 0.162548, 2.869261e-02 
3.164345e+00, 9.232107e-02, 1.166373e-05, 1.023493e-04, 0, 8.137494e-03, 8.404769e-02, 2.186950e-05, 1.004888e-01, 5.228251e-03, 5.756419e-01, -0.091763, 1.190733e+00, 1, 0.068447, 3.297758e-02 
3.263280e+00, 9.893528e-02, 1.283011e-05, 8.222931e-05, 0, 7.803912e-03, 9.101677e-02, 1.953675e-05, 1.369584e-01, 2.086918e-02, 5.058584e-01, -0.133119, 1.190733e+00, 1, 0.095789, 3.016625e-02 
3.296228e+00, 3.294829e-02, 1.166373e-05, 7.552267e-05, 0, 7.412885e-03, 2.542810e-02, 2.011994e-05, 1.076104e-01, 8.370139e-03, 7.985329e-01, -0.136398, 1.190733e+00, 1, 0.131304, 3.116863e-02 
3.507541e+00, 2.113124e-01, 1.253851e-05, 7.610585e-05, 0, 7.424257e-03, 2.036846e-01, 1.148878e-04, 1.503498e-01, 1.923666e-02, 8.423910e-01, -0.253368, 2.381466e+00, 1, 0.278314, 4.935458e-02 
3.576396e+00, 6.885509e-02, 1.341329e-05, 8.485365e-05, 0, 9.055139e-03, 5.967865e-02, 2.303587e-05, 9.601930e-02, 4.367379e-03, 3.512541e-01, -0.040528, 2.381466e+00, 1, 0.038028, 8.772924e-03 
3.621937e+00, 4.554104e-02, 1.341329e-05, 8.806118e-05, 0, 7.949708e-03, 3.746828e-02, 2.157790e-05, 1.447602e-01, 9.682103e-03, 4.029955e-01, -0.040990, 2.381466e+00, 1, 0.023792, 5.360774e-03 
3.647797e+00, 2.585966e-02, 1.283011e-05, 8.281250e-05, 0, 7.999571e-03, 1.775891e-02, 5.540273e-06, 1.426983e-01, 1.751275e-02, -1.274166e-01, -0.453374, 1.190733e+00, 1, 0.112646, 4.848972e-02 
3.671776e+00, 2.397976e-02, 1.049736e-05, 2.927597e-04, 0, 9.043766e-03, 1.460678e-02, 2.595180e-05, 1.426983e-01, 1.751275e-02, 3.528548e-01, -0.177780, 1.190733e+00, 1, 0.278123, 3.484486e-02 
3.739167e+00, 6.739042e-02, 1.428807e-05, 1.038072e-04, 0, 9.530727e-03, 5.771681e-02, 2.478543e-05, 1.197167e-01, 1.138232e-02, 8.646943e-01, -0.096089, 2.381466e+00, 1, 0.210875, 1.212944e-02 
3.762325e+00, 2.315834e-02, 1.108055e-05, 8.135453e-05, 0, 7.589299e-03, 1.544686e-02, 2.974252e-05, 9.933955e-02, 1.032454e-02, 8.242025e-01, -0.084720, 4.762931e+00, 1, 0.176042, 1.669973e-02 
3.817399e+00, 5.507381e-02, 1.253851e-05, 1.032240e-04, 0, 9.253422e-03, 4.556816e-02, 1.364657e-04, 9.278638e-02, 7.434391e-03, 2.079372e-01, -0.381394, 4.762931e+00, 1, 0.106215, 1.283856e-02 
3.907882e+00, 9.048315e-02, 1.166373e-05, 7.464789e-05, 0, 7.673278e-03, 8.271773e-02, 5.831866e-06, 1.529517e-01, 1.311706e-02, 4.134460e-02, -1.892426, 2.381466e+00, 1, 0.278994, 2.110989e-02 
3.957884e+00, 5.000155e-02, 1.137214e-05, 7.639745e-05, 0, 7.812076e-03, 4.208187e-02, 1.982834e-05, 1.529517e-01, 1.311706e-02, 7.286389e-01, -0.162367, 2.381466e+00, 1, 0.227783, 1.365443e-02 
4.034535e+00, 7.665084e-02, 9.039393e-06, 7.523107e-05, 0, 8.070428e-03, 6.849119e-02, 4.957086e-06, 9.025224e-02, 9.115041e-03, 1.971072e-01, -0.147064, 1.190733e+00, 1, 0.071028, 1.833625e-02 
4.113633e+00, 7.909848e-02, 1.049736e-05, 7.406470e-05, 0, 7.491324e-03, 7.150130e-02, 2.128631e-05, 9.025224e-02, 9.115041e-03, 4.847724e-01, -0.078695, 1.190733e+00, 1, 0.071028, 1.833625e-02 
4.137991e+00, 2.435825e-02, 1.108055e-05, 8.164613e-05, 0, 7.359232e-03, 1.688792e-02, 1.837038e-05, 1.048896e-01, 1.247240e-02, 6.403204e-01, -0.000914, 1.190733e+00, 1, 0.055073, 1.536712e-02 
4.265257e+00, 1.272659e-01, 9.622579e-06, 8.018816e-05, 0, 7.961664e-03, 1.191937e-01, 2.070312e-05, 1.305459e-01, 6.356236e-03, 3.838566e-01, -0.029464, 1.190733e+00, 1, 0.028334, 1.221008e-02 
4.415884e+00, 1.506272e-01, 1.283011e-05, 7.552267e-05, 0, 7.807119e-03, 1.427116e-01, 2.011994e-05, 1.118018e-01, 1.091608e-02, 3.838034e-01, -0.243818, 1.190733e+00, 1, 0.146423, 3.628385e-02 
4.474655e+00, 5.877092e-02, 1.224692e-05, 7.552267e-05, 0, 7.329489e-03, 5.133179e-02, 2.186950e-05, 1.297525e-01, 1.305674e-02, 9.224137e-01, -0.212434, 2.381466e+00, 1, 0.249258, 3.212199e-02 
4.492007e+00, 1.735155e-02, 9.330986e-06, 7.552267e-05, 0, 7.127124e-03, 1.003985e-02, 9.972491e-05, 9.415686e-02, 1.136783e-02, 6.876006e-01, -0.076152, 2.381466e+00, 1, 0.053306, 3.818570e-02 
4.572892e+00, 8.088565e-02, 1.049736e-05, 7.960497e-05, 0, 7.540895e-03, 7.323308e-02, 2.157790e-05, 2.015575e-01, 2.305354e-02, 4.948166e-01, -0.000245, 2.381466e+00, 1, 0.000944, 9.542472e-04 
4.603083e+00, 3.019040e-02, 1.341329e-05, 8.252091e-05, 0, 7.917633e-03, 2.216984e-02, 6.998239e-06, 1.988546e-01, 2.179912e-02, 1.158081e-01, -0.266219, 1.190733e+00, 1, 0.230433, 8.303507e-03 
4.738183e+00, 1.351004e-01, 1.253851e-05, 8.981074e-05, 0, 8.514233e-03, 1.264588e-01, 2.507702e-05, 1.988546e-01, 2.179912e-02, 1.385691e+00, -0.091770, 2.381466e+00, 1, 0.229822, 8.866775e-03 
4.799102e+00, 6.091851e-02, 1.662082e-05, 1.108055e-04, 0, 8.357939e-03, 5.241040e-02, 2.274428e-05, 9.866390e-02, 1.508577e-02, 5.435795e-01, -0.123965, 2.381466e+00, 1, 0.094670, 2.093962e-02 
4.955763e+00, 1.566608e-01, 1.487126e-05, 8.864437e-05, 0, 7.766296e-03, 1.487709e-01, 2.011994e-05, 8.450216e-02, 1.167126e-02, 3.544177e-01, -0.200656, 2.381466e+00, 1, 0.098993, 2.583823e-02 
5.111218e+00, 1.554557e-01, 1.049736e-05, 7.727223e-05, 0, 7.587258e-03, 1.477591e-01, 2.157790e-05, 1.298747e-01, 1.109241e-02, 3.758997e-01, -0.449934, 2.381466e+00, 1, 0.226074, 1.241195e-02 
5.305638e+00, 1.944193e-01, 1.078895e-05, 8.310409e-05, 0, 7.385475e-03, 1.869341e-01, 5.831866e-06, 1.436519e-01, 1.339554e-02, -1.635836e-01, -0.143936, 1.190733e+00, 1, 0.056944, 2.267488e-02 
5.319211e+00, 1.357367e-02, 1.253851e-05, 7.698063e-05, 0, 7.577635e-03, 5.877938e-03, 2.857614e-05, 1.436519e-01, 1.339554e-02, 1.382433e+00, -0.050639, 2.381466e+00, 1, 0.231100, 5.273124e-03 
5.388514e+00, 6.930269e-02, 1.108055e-05, 9.535101e-05, 0, 9.108500e-03, 6.006880e-02, 1.895356e-05, 9.021207e-02, 1.391571e-02, 5.449760e-01, -0.032231, 2.381466e+00, 1, 0.036171, 2.513524e-02 
5.539587e+00, 1.510727e-01, 1.049736e-05, 7.873019e-05, 0, 7.435629e-03, 1.435283e-01, 1.953675e-05, 5.544667e-02, 1.889088e-02, 4.121431e-01, -0.059800, 2.381466e+00, 1, 0.061655, 1.992785e-02 
5.611184e+00, 7.159695e-02, 1.078895e-05, 7.581426e-05, 0, 7.587549e-03, 6.390238e-02, 2.041153e-05, 1.024901e-01, 1.244157e-02, 2.399795e-01, -0.035386, 2.381466e+00, 1, 0.037009, 7.826790e-03 
5.805906e+00, 1.947225e-01, 1.137214e-05, 7.668904e-05, 0, 7.530397e-03, 1.870801e-01, 2.391065e-05, 7.257981e-02, 1.142931e-02, 1.010638e+00, -0.016667, 4.762931e+00, 1, 0.042895, 1.103339e-02 
5.836737e+00, 3.083133e-02, 1.720401e-05, 8.893596e-05, 0, 8.584799e-03, 2.197564e-02, 1.647502e-04, 8.677491e-02, 9.474008e-03, -1.145262e-01, -0.032709, 2.381466e+00, 0, 0.147499, 2.245711e-02 
6.042913e+00, 2.061757e-01, 2.886774e-05, 2.399813e-04, 0, 1.041309e-02, 1.954874e-01, 6.415053e-06, 8.677491e-02, 9.474008e-03, 1.748270e-01, -0.646408, 1.190733e+00, 1, 0.113593, 3.403264e-02 
6.070494e+00, 2.758035e-02, 1.341329e-05, 8.193772e-05, 0, 7.610294e-03, 1.985255e-02, 2.216109e-05, 8.677491e-02, 9.474008e-03, 4.584520e-01, -0.165108, 1.190733e+00, 1, 0.130381, 2.586658e-02 
6.174778e+00, 1.042840e-01, 1.020577e-05, 8.077135e-05, 0, 7.874769e-03, 9.629490e-02, 2.332746e-05, 8.353371e-02, 2.573707e-02, 1.007694e+00, -0.038535, 2.381466e+00, 1, 0.054687, 1.932280e-02 
6.244747e+00, 6.996898e-02, 1.253851e-05, 7.639745e-05, 0, 7.700396e-03, 6.215895e-02, 2.070312e-05, 8.438271e-02, 2.374889e-02, 7.576976e-01, -0.001578, 2.381466e+00, 1, 0.027234, 6.913579e-03 
6.288098e+00, 4.335147e-02, 1.195533e-05, 7.610585e-05, 0, 8.049142e-03, 3.519415e-02, 2.011994e-05, 1.112583e-01, 1.931036e-02, 3.116804e-01, -0.032904, 2.381466e+00, 1, 0.013489, 6.145557e-03 
6.416018e+00, 1.279199e-01, 1.108055e-05, 7.639745e-05, 0, 7.858440e-03, 1.199539e-01, 2.011994e-05, 5.460221e-02, 1.162578e-02, 4.740884e-01, -0.160204, 2.381466e+00, 1, 0.093907, 2.453328e-02 
6.463420e+00, 4.740170e-02, 1.078895e-05, 7.581426e-05, 0, 7.533021e-03, 3.976166e-02, 2.041153e-05, 8.248713e-02, 2.922743e-02, 2.350430e-01, -0.601473, 2.381466e+00, 1, 0.147564, 5.292101e-02 
6.482588e+00, 1.916847e-02, 9.914172e-06, 7.727223e-05, 0, 7.631580e-03, 1.142638e-02, 2.332746e-05, 1.046151e-01, 7.206176e-03, 4.677687e-01, -0.436472, 2.381466e+00, 1, 0.204560, 1.637652e-02 
6.534752e+00, 5.216342e-02, 1.137214e-05, 9.768376e-05, 0, 9.223679e-03, 4.281319e-02, 1.749560e-05, 1.247638e-01, 4.075646e-02, 2.355579e-01, -1.040358, 2.381466e+00, 1, 0.249135, 8.164983e-02 
6.545091e+00, 1.033990e-02, 8.747799e-06, 7.581426e-05, 0, 7.402096e-03, 2.845951e-03, 7.289833e-06, 8.145411e-02, 2.137011e-02, 5.405875e-02, -1.295729, 1.190733e+00, 1, 0.153300, 4.250039e-02 
6.610516e+00, 6.542479e-02, 1.195533e-05, 1.043904e-04, 0, 9.774791e-03, 5.551033e-02, 2.332746e-05, 8.145411e-02, 2.137011e-02, 9.222986e-01, -0.000538, 2.381466e+00, 1, 0.004071, 2.126389e-03 
6.626770e+00, 1.625429e-02, 1.020577e-05, 8.164613e-05, 0, 7.688149e-03, 8.468453e-03, 5.831866e-06, 5.161321e-02, 3.099667e-02, 6.203822e-02, -0.752308, 1.190733e+00, 1, 0.093796, 6.190649e-02 
6.706708e+00, 7.993768e-02, 9.914172e-06, 8.222931e-05, 0, 8.813991e-03, 7.101055e-02, 2.099472e-05, 5.161321e-02, 3.099667e-02, 7.815517e-01, -0.001305, 1.190733e+00, 1, 0.003574, 1.895183e-03 
6.814434e+00, 1.077254e-01, 1.108055e-05, 8.281250e-05, 0, 7.999279e-03, 9.962635e-02, 5.831866e-06, 1.942909e-02, 1.946087e-02, -1.724069e-02, -0.001781, 5.953664e-01, 1, 0.011158, 4.779184e-03 
6.868165e+00, 5.373161e-02, 1.312170e-05, 7.698063e-05, 0, 8.653906e-03, 4.496340e-02, 2.420224e-05, 1.942909e-02, 1.946087e-02, 1.154025e+00, -0.005242, 1.190733e+00, 1, 0.010272, 5.037448e-03 
6.879541e+00, 1.137564e-02, 1.253851e-05, 7.698063e-05, 0, 7.843277e-03, 3.414558e-03, 2.828455e-05, 2.542319e-02, 2.589389e-02, 7.061409e-01, -0.061966, 1.190733e+00, 1, 0.045610, 5.211118e-02 
7.055638e+00, 1.760970e-01, 1.166373e-05, 9.097711e-05, 0, 8.378642e-03, 1.675912e-01, 2.449384e-05, 8.878873e-03, 4.198680e-03, 9.073860e-01, -0.001290, 2.381466e+00, 1, 0.001853, 3.179068e-03 
7.122223e+00, 6.658504e-02, 1.224692e-05, 7.639745e-05, 0, 7.837445e-03, 5.863533e-02, 2.361906e-05, 2.389713e-02, 9.487886e-03, 1.075184e+00, -0.038774, 2.381466e+00, 0, 0.047486, 1.910629e-02 
7.154172e+00, 3.194959e-02, 1.137214e-05, 7.668904e-05, 0, 7.524565e-03, 2.431684e-02, 2.011994e-05, 3.368850e-03, 1.572666e-03, 2.327578e-01, -0.000008, 2.381466e+00, 1, 0.000321, 2.366377e-04 
7.179756e+00, 2.558411e-02, 1.078895e-05, 7.639745e-05, 0, 7.432130e-03, 1.805750e-02, 7.289833e-06, 4.718108e-02, 3.504208e-02, -1.017670e+01, 0.000425, 1.190733e+00, 0, 0.004946, 2.877451e-03 
7.245447e+00, 6.569014e-02, 1.195533e-05, 1.026408e-04, 0, 8.057598e-03, 5.749870e-02, 1.924516e-05, 4.718108e-02, 3.504208e-02, 4.973136e-01, -0.000354, 1.190733e+00, 1, 0.000319, 2.328577e-04 
7.257044e+00, 1.159754e-02, 9.330986e-06, 7.523107e-05, 0, 7.302371e-03, 4.182614e-03, 2.799296e-05, 2.238099e-02, 1.522284e-02, 1.193857e+00, -0.013734, 1.329180e+00, 0, 0.021644, 1.111933e-02 
7.291420e+00, 3.437623e-02, 1.137214e-05, 1.040988e-04, 0, 9.792286e-03, 2.444631e-02, 2.216109e-05, 2.166743e-02, 2.203225e-02, 9.690953e-01, -0.003428, 2.658361e+00, 1, 0.005324, 3.207552e-03 
7.314899e+00, 2.347822e-02, 9.914172e-06, 7.610585e-05, 0, 7.307911e-03, 1.606154e-02, 2.274428e-05, 3.445281e-03, 3.977400e-03, 8.654821e-01, -0.001336, 5.316722e+00, 1, 0.002002, 1.246041e-03 
7.330519e+00, 1.562036e-02, 1.020577e-05, 8.339569e-05, 0, 7.966329e-03, 7.553433e-03, 6.998239e-06, 1.093781e-01, 1.271700e-02, 2.779976e-02, -3.881216, 2.658361e+00, 1, 0.217910, 2.532229e-02 
7.351739e+00, 2.122012e-02, 1.137214e-05, 1.026408e-04, 0, 9.818238e-03, 1.126600e-02, 2.186950e-05, 1.093781e-01, 1.271700e-02, 1.288750e+00, -0.000403, 2.843828e+00, 0, 0.000846, 5.521978e-04 
7.525119e+00, 1.733802e-01, 9.622579e-06, 8.222931e-05, 0, 7.631580e-03, 1.656507e-01, 6.123459e-06, 1.045397e-01, 1.495162e-02, -2.565078e+00, -0.000130, 1.421914e+00, 1, 0.000363, 1.808255e-04 
7.535690e+00, 1.057055e-02, 1.312170e-05, 7.843860e-05, 0, 7.963413e-03, 2.484083e-03, 3.149208e-05, 1.045397e-01, 1.495162e-02, 3.611436e-01, -0.577484, 1.421914e+00, 1, 0.208716, 2.987715e-02 
7.724956e+00, 1.892659e-01, 1.370489e-05, 1.285926e-04, 0, 1.234110e-02, 1.767624e-01, 2.011994e-05, 4.038348e-04, 1.326808e-04, 6.113447e-01, -0.000335, 1.421914e+00, 1, 0.000579, 4.082901e-04 
7.753360e+00, 2.840381e-02, 1.224692e-05, 7.668904e-05, 0, 7.823157e-03, 2.043311e-02, 5.861025e-05, 4.179475e-04, 1.364928e-04, 2.061999e-01, -0.000298, 1.421914e+00, 1, 0.000462, 3.290685e-04 
7.809130e+00, 5.577014e-02, 2.624340e-05, 2.615592e-04, 0, 9.426337e-03, 4.602946e-02, 2.653499e-05, 1.084997e-03, 6.007948e-04, 1.271013e+00, -0.000805, 1.421914e+00, 0, 0.001998, 1.186672e-03 
7.848723e+00, 3.959283e-02, 1.457967e-05, 8.893596e-05, 0, 8.892429e-03, 3.057472e-02, 2.216109e-05, 6.085430e-04, 2.334295e-04, 5.929634e-01, -0.000289, 1.421914e+00, 1, 0.000299, 7.590960e-05 
7.860916e+00, 1.219356e-02, 1.137214e-05, 2.277344e-04, 0, 8.099879e-03, 3.824246e-03, 3.032570e-05, 4.816265e-04, 6.503009e-04, 1.137244e+00, -0.000132, 1.655634e+00, 0, 0.000214, 1.507415e-04 
7.884869e+00, 2.395293e-02, 1.224692e-05, 1.014745e-04, 0, 9.679731e-03, 1.415394e-02, 5.540273e-06, 1.036620e-03, 1.541675e-03, -4.492036e+00, 0.000087, 8.278168e-01, 0, 0.000438, 2.968112e-04 
7.911244e+00, 2.637461e-02, 1.049736e-05, 8.106294e-05, 0, 8.670819e-03, 1.758862e-02, 2.361906e-05, 1.036620e-03, 1.541675e-03, 5.272653e-01, -0.000061, 8.278168e-01, 1, 0.000063, 5.015071e-05 
7.926766e+00, 1.552239e-02, 1.253851e-05, 9.068552e-05, 0, 8.324697e-03, 7.067930e-03, 2.653499e-05, 1.940384e-03, 2.544234e-03, 2.281352e+00, -0.000881, 8.278168e-01, 0, 0.002644, 4.900020e-03 
7.955592e+00, 2.882546e-02, 1.195533e-05, 9.068552e-05, 0, 8.879599e-03, 1.981464e-02, 2.857614e-05, 9.388257e-04, 7.232095e-04, 9.764740e-01, -0.000301, 1.655634e+00, 1, 0.000667, 1.043116e-03 
7.971659e+00, 1.606767e-02, 1.312170e-05, 9.243508e-05, 0, 8.386223e-03, 7.549059e-03, 2.682658e-05, 1.794540e-03, 1.215678e-03, 2.251692e+00, -0.000111, 1.655634e+00, 0, 0.000373, 5.903943e-04 
8.003989e+00, 3.233012e-02, 1.166373e-05, 9.039393e-05, 0, 8.342776e-03, 2.387945e-02, 5.831866e-06, 1.659241e-03, 1.134658e-03, 1.245085e-01, -0.002824, 8.278168e-01, 1, 0.003294, 2.282431e-03 
8.063814e+00, 5.982474e-02, 1.253851e-05, 8.252091e-05, 0, 8.055557e-03, 5.166800e-02, 6.123459e-06, 1.659241e-03, 1.134658e-03, 1.152692e-01, -0.000000, 4.139084e-01, 1, 0.000124, 1.300634e-04 
8.106863e+00, 4.304879e-02, 1.108055e-05, 8.310409e-05, 0, 8.936168e-03, 3.399453e-02, 2.391065e-05, 1.659241e-03, 1.134658e-03, 1.031215e+00, -0.000058, 8.278168e-01, 1, 0.000124, 1.300634e-04 
8.151593e+00, 4.473041e-02, 1.166373e-05, 7.668904e-05, 0, 7.999571e-03, 3.662208e-02, 2.041153e-05, 2.674041e-03, 1.886775e-03, 7.797501e-01, -0.000031, 8.278168e-01, 1, 0.000064, 5.893650e-05 
8.203851e+00, 5.225789e-02, 1.020577e-05, 7.639745e-05, 0, 7.522233e-03, 4.462515e-02, 2.391065e-05, 7.576713e-03, 5.224881e-03, 8.359736e-01, -0.000019, 1.655634e+00, 1, 0.000040, 3.849436e-05 
8.214883e+00, 1.103185e-02, 1.078895e-05, 8.339569e-05, 0, 7.845318e-03, 3.064646e-03, 2.770136e-05, 1.989250e-02, 1.210709e-02, 1.070733e+00, -0.031604, 3.311267e+00, 1, 0.039781, 2.421577e-02 
8.276699e+00, 6.181603e-02, 1.137214e-05, 1.029324e-04, 0, 9.731927e-03, 5.196397e-02, 5.831866e-06, 2.972192e-03, 2.541944e-03, -6.916195e-01, -0.013045, 1.655634e+00, 1, 0.005914, 5.076564e-03 
8.290828e+00, 1.412886e-02, 1.049736e-05, 8.222931e-05, 0, 7.929297e-03, 6.077388e-03, 2.945092e-05, 2.972192e-03, 2.541944e-03, 3.248996e+00, -0.001599, 3.311267e+00, 1, 0.005941, 5.085473e-03 
8.310415e+00, 1.958691e-02, 1.108055e-05, 1.029324e-04, 0, 9.043766e-03, 1.042388e-02, 5.248680e-06, 3.987780e-04, 3.436001e-04, -4.987376e+00, 0.000009, 1.655634e+00, 0, 0.000053, 7.950187e-05 
8.328560e+00, 1.814498e-02, 9.039393e-06, 8.135453e-05, 0, 7.630122e-03, 1.041921e-02, 5.248680e-06, 3.987780e-04, 3.436001e-04, -4.987376e+00, 0.000009, 8.278168e-01, 0, 0.000053, 7.950187e-05 
8.346758e+00, 1.819863e-02, 9.622579e-06, 8.252091e-05, 0, 7.048977e-03, 1.103564e-02, 2.186950e-05, 3.987780e-04, 3.436001e-04, 1.439969e+00, -0.000351, 1.348402e+00, 0, 0.000789, 6.857173e-04 
8.398999e+00, 5.224069e-02, 9.330986e-06, 8.047975e-05, 0, 7.572095e-03, 4.457412e-02, 4.665493e-06, 1.481802e-04, 1.313205e-04, 1.858473e-01, -0.000434, 6.742010e-01, 1, 0.000282, 2.702243e-04 
8.468021e+00, 6.902159e-02, 9.330986e-06, 7.552267e-05, 0, 7.337362e-03, 6.157955e-02, 1.982834e-05, 1.481802e-04, 1.313205e-04, 7.126759e-01, -0.000000, 6.742010e-01, 1, 0.000026, 1.117849e-05 
8.477681e+00, 9.660486e-03, 9.622579e-06, 7.698063e-05, 0, 7.625748e-03, 1.919559e-03, 2.857614e-05, 1.671201e-04, 1.488244e-04, 1.249310e+00, -0.000159, 1.348402e+00, 1, 0.000308, 3.019939e-04 
8.489501e+00, 1.182032e-02, 1.137214e-05, 1.017661e-04, 0, 9.547348e-03, 2.134171e-03, 2.566021e-05, 6.948593e-05, 5.375936e-05, 2.308171e+00, -0.000004, 2.696804e+00, 1, 0.000012, 1.382409e-05 
8.500422e+00, 1.092046e-02, 1.049736e-05, 9.593420e-05, 0, 8.951331e-03, 1.839662e-03, 2.303587e-05, 7.438291e-04, 7.136300e-04, 1.150565e+00, -0.000798, 5.393608e+00, 1, 0.001350, 1.394203e-03 
8.566662e+00, 6.624038e-02, 1.020577e-05, 8.193772e-05, 0, 7.607961e-03, 5.853473e-02, 5.540273e-06, 1.665405e-03, 1.254867e-03, -9.305923e-02, 0.004627, 2.696804e+00, 0, 0.000432, 4.624230e-04 
8.576181e+00, 9.518189e-03, 9.914172e-06, 7.698063e-05, 0, 7.497156e-03, 1.905854e-03, 2.828455e-05, 1.665405e-03, 1.254867e-03, 1.170497e+00, -0.000242, 5.393608e+00, 1, 0.000432, 4.622870e-04 
8.596701e+00, 2.052088e-02, 1.108055e-05, 1.026408e-04, 0, 7.626331e-03, 1.277529e-02, 5.540273e-06, 1.813013e-02, 1.022771e-02, -9.782857e+00, 0.003604, 2.696804e+00, 0, 0.036112, 2.041486e-02 
8.617518e+00, 2.081655e-02, 9.914172e-06, 8.252091e-05, 0, 7.683484e-03, 1.303510e-02, 5.540273e-06, 1.813013e-02, 1.022771e-02, -9.782857e+00, 0.003604, 1.348402e+00, 0, 0.036112, 2.041486e-02 
8.627525e+00, 1.000661e-02, 9.914172e-06, 8.193772e-05, 0, 7.949708e-03, 1.937346e-03, 2.770136e-05, 1.813013e-02, 1.022771e-02, 1.130960e+00, -0.026353, 2.696804e+00, 1, 0.036112, 2.041484e-02 
8.638207e+00, 1.068252e-02, 1.224692e-05, 9.593420e-05, 0, 9.067385e-03, 1.433764e-03, 7.318992e-05, 3.159776e-03, 2.396085e-03, 1.239737e+00, -0.003469, 2.696804e+00, 0, 0.006280, 4.812944e-03 
8.659441e+00, 2.123353e-02, 1.108055e-05, 1.026408e-04, 0, 9.636576e-03, 1.146137e-02, 2.186950e-05, 1.026355e-03, 7.972681e-04, 3.602734e+01, -0.000002, 2.696804e+00, 0, 0.000073, 1.777615e-04 
8.668967e+00, 9.526353e-03, 9.039393e-06, 8.164613e-05, 0, 7.552850e-03, 1.846660e-03, 3.615757e-05, 1.160248e-03, 9.805777e-04, 1.055519e+00, -0.000007, 5.393608e+00, 1, 0.000011, 2.633231e-05 
8.682765e+00, 1.379761e-02, 1.108055e-05, 1.035156e-04, 0, 9.747673e-03, 3.907933e-03, 2.740977e-05, 1.653676e-03, 1.382021e-03, 1.245020e+00, -0.000002, 5.393608e+00, 0, 0.000004, 8.104139e-06 
8.729818e+00, 4.705354e-02, 1.108055e-05, 1.026408e-04, 0, 9.870725e-03, 3.706355e-02, 5.540273e-06, 2.854958e-03, 2.337381e-03, -1.914276e-01, 0.000001, 2.696804e+00, 0, 0.000000, 1.698265e-07 
8.757254e+00, 2.743631e-02, 9.914172e-06, 8.164613e-05, 0, 8.068678e-03, 1.926849e-02, 7.581426e-06, 2.854958e-03, 2.337381e-03, -9.086131e+00, 0.000557, 1.348402e+00, 0, 0.005708, 4.675801e-03 
8.778711e+00, 2.145689e-02, 1.283011e-05, 1.035156e-04, 0, 8.680150e-03, 1.265486e-02, 5.540273e-06, 2.854958e-03, 2.337381e-03, -1.453143e+01, 0.000000, 6.742010e-01, 0, 0.000001, 3.038567e-06 
8.821403e+00, 4.269188e-02, 9.622579e-06, 8.164613e-05, 0, 7.711768e-03, 3.486902e-02, 1.982834e-05, 2.854958e-03, 2.337381e-03, 3.808552e-01, -0.000000, 6.742010e-01, 1, 0.000000, 1.698265e-07 
8.846409e+00, 2.500588e-02, 9.622579e-06, 7.698063e-05, 0, 7.829280e-03, 1.706929e-02, 2.070312e-05, 1.726637e-03, 1.444173e-03, 6.172689e-01, -0.001200, 6.742010e-01, 1, 0.003420, 2.914774e-03 
8.865923e+00, 1.951401e-02, 1.049736e-05, 8.135453e-05, 0, 8.828862e-03, 1.056763e-02, 2.566021e-05, 1.395022e-03, 1.127410e-03, 1.405803e+00, -0.001317, 1.116669e+00, 0, 0.002790, 2.254815e-03 
8.889735e+00, 2.381238e-02, 1.253851e-05, 9.651738e-05, 0, 9.432460e-03, 1.424783e-02, 2.303587e-05, 4.695887e-04, 4.083100e-04, 1.541143e+00, -0.000041, 2.233338e+00, 1, 0.000920, 8.323670e-04 
8.911842e+00, 2.210685e-02, 9.914172e-06, 8.222931e-05, 0, 7.733638e-03, 1.425454e-02, 2.653499e-05, 3.368443e-03, 8.102211e-03, 1.109588e+01, -0.000066, 2.481029e+00, 0, 0.000857, 7.792600e-04 
8.937822e+00, 2.598009e-02, 1.137214e-05, 1.038072e-04, 0, 8.615124e-03, 1.722121e-02, 2.857614e-05, 5.538698e-03, 1.461017e-02, 2.207022e+01, -0.000005, 2.571383e+00, 0, 0.000123, 1.324100e-04 
8.958284e+00, 2.046169e-02, 1.224692e-05, 1.035156e-04, 0, 9.875391e-03, 1.044487e-02, 2.566021e-05, 1.014699e-02, 2.501999e-02, 1.398125e+00, -0.000000, 2.571383e+00, 0, 0.000000, 1.868453e-07 
8.968962e+00, 1.067756e-02, 1.108055e-05, 9.156030e-05, 0, 8.611042e-03, 1.934430e-03, 2.945092e-05, 6.803041e-03, 1.836161e-02, 9.592129e-01, -0.010766, 5.142767e+00, 1, 0.013606, 3.672319e-02 
8.990826e+00, 2.186454e-02, 1.195533e-05, 1.038072e-04, 0, 9.663111e-03, 1.207838e-02, 7.289833e-06, 1.639646e-03, 4.930608e-03, -7.803843e+01, 0.000036, 2.571383e+00, 0, 0.003279, 9.861166e-03 
9.002008e+00, 1.118144e-02, 1.137214e-05, 1.029324e-04, 0, 9.281998e-03, 1.758016e-03, 2.711818e-05, 1.639646e-03, 4.930608e-03, 1.025356e+00, -0.002077, 5.142767e+00, 1, 0.003279, 9.861166e-03 
9.027773e+00, 2.576518e-02, 1.108055e-05, 9.360145e-05, 0, 8.998569e-03, 1.665435e-02, 7.581426e-06, 5.746013e-04, 1.770813e-03, -1.717580e+01, 0.000001, 2.571383e+00, 0, 0.000012, 1.474165e-05 
9.050406e+00, 2.263318e-02, 1.253851e-05, 1.035156e-04, 0, 9.888512e-03, 1.262132e-02, 7.289833e-06, 5.746013e-04, 1.770813e-03, -5.063311e+01, 0.000019, 1.285692e+00, 0, 0.001138, 3.546006e-03 
9.074882e+00, 2.447605e-02, 1.195533e-05, 1.035156e-04, 0, 8.876683e-03, 1.545882e-02, 2.507702e-05, 5.746013e-04, 1.770813e-03, 1.574295e+00, -0.000002, 2.571383e+00, 1, 0.000012, 1.474165e-05 
9.092030e+00, 1.714802e-02, 1.108055e-05, 8.310409e-05, 0, 7.615251e-03, 9.432752e-03, 5.831866e-06, 9.544141e-02, 5.439740e-02, 3.891528e-02, -4.902382, 1.285692e+00, 1, 0.190876, 1.087858e-01 
9.101623e+00, 9.592837e-03, 9.330986e-06, 8.077135e-05, 0, 7.607961e-03, 1.873195e-03, 2.157790e-05, 9.544141e-02, 5.439740e-02, 1.298011e+00, -0.000003, 2.571383e+00, 1, 0.000007, 1.786460e-05 
9.118822e+00, 1.719934e-02, 9.039393e-06, 8.077135e-05, 0, 7.528356e-03, 9.575341e-03, 5.831866e-06, 9.105620e-02, 6.256474e-02, 3.413084e-02, -5.335074, 1.285692e+00, 1, 0.182091, 1.251390e-01 
9.135983e+00, 1.716085e-02, 9.622579e-06, 8.222931e-05, 0, 7.629830e-03, 9.433918e-03, 5.248680e-06, 9.105620e-02, 6.256474e-02, 1.102145e-01, -1.651539, 6.428458e-01, 1, 0.182110, 1.251264e-01 
9.145632e+00, 9.648531e-03, 9.330986e-06, 8.252091e-05, 0, 7.625748e-03, 1.907020e-03, 2.391065e-05, 9.105620e-02, 6.256474e-02, 1.263915e+00, -0.000001, 1.003797e+00, 0, 0.000002, 5.995273e-06 
9.155301e+00, 9.669526e-03, 9.914172e-06, 8.252091e-05, 0, 7.742094e-03, 1.812836e-03, 2.216109e-05, 7.604424e-02, 7.851192e-02, 1.264043e+00, -0.000000, 1.003797e+00, 0, 0.000001, 2.203400e-06 
9.165799e+00, 1.049794e-02, 9.330986e-06, 8.135453e-05, 0, 8.038353e-03, 2.340036e-03, 2.886774e-05, 5.841401e-02, 8.673747e-02, 1.264116e+00, -0.000000, 1.003797e+00, 0, 0.000000, 8.101089e-07 
9.177851e+00, 1.205184e-02, 1.166373e-05, 1.035156e-04, 0, 9.732218e-03, 2.178202e-03, 2.624340e-05, 4.048769e-02, 8.171563e-02, 6.988630e-01, -0.114155, 1.003797e+00, 1, 0.080573, 1.636044e-01 
9.186819e+00, 8.967661e-03, 1.166373e-05, 8.485365e-05, 0, 7.645285e-03, 1.203989e-03, 2.186950e-05, 1.217453e-03, 1.620170e-03, 1.223983e+00, -0.000423, 2.007593e+00, 1, 0.000795, 3.195172e-03 
9.211350e+00, 2.453145e-02, 9.330986e-06, 8.018816e-05, 0, 7.702146e-03, 1.671209e-02, 2.770136e-05, 1.442697e-03, 1.524826e-03, 1.806913e+00, -0.001008, 2.007593e+00, 0, 0.002885, 3.049653e-03 
9.231061e+00, 1.971054e-02, 1.137214e-05, 1.035156e-04, 0, 9.639783e-03, 9.950330e-03, 5.540273e-06, 5.322966e-04, 5.697435e-04, -1.706127e+02, 0.000000, 1.003797e+00, 0, 0.000042, 1.599999e-04 
9.254348e+00, 2.328693e-02, 1.020577e-05, 8.281250e-05, 0, 8.079759e-03, 1.507916e-02, 3.499120e-05, 5.322966e-04, 5.697435e-04, 1.215155e+00, -0.000373, 2.007593e+00, 1, 0.001022, 1.179671e-03 
9.283809e+00, 2.946142e-02, 1.166373e-05, 8.747799e-05, 0, 8.092297e-03, 2.126211e-02, 7.873019e-06, 1.512232e-02, 4.713440e-02, -1.841243e-02, -0.001950, 1.003797e+00, 1, 0.000572, 7.263169e-04 
9.304406e+00, 2.059698e-02, 1.253851e-05, 1.052652e-04, 0, 8.260838e-03, 1.218918e-02, 2.915933e-05, 1.512232e-02, 4.713440e-02, 1.147348e+02, -0.000247, 1.003797e+00, 0, 0.029673, 9.459979e-02 
9.322712e+00, 1.830594e-02, 1.195533e-05, 1.029324e-04, 0, 9.688771e-03, 8.474285e-03, 2.799296e-05, 1.081695e-03, 2.523690e-03, 1.459929e+00, -0.000875, 1.003797e+00, 0, 0.002160, 5.042023e-03 
9.334255e+00, 1.154330e-02, 1.166373e-05, 1.029324e-04, 0, 9.861394e-03, 1.540196e-03, 2.711818e-05, 4.422806e-04, 1.022591e-03, 1.229954e+00, -0.000281, 2.007593e+00, 1, 0.000534, 2.183870e-03 
9.375585e+00, 4.132985e-02, 1.108055e-05, 1.017661e-04, 0, 9.578840e-03, 3.161659e-02, 2.157790e-05, 4.037346e-04, 3.799679e-04, 1.266839e+00, -0.000316, 2.007593e+00, 0, 0.000620, 6.464352e-04 
9.398128e+00, 2.254279e-02, 9.622579e-06, 8.193772e-05, 0, 8.050308e-03, 1.437934e-02, 2.157790e-05, 9.610787e-03, 3.343102e-02, 2.734388e+00, -0.000048, 2.336210e+00, 0, 0.000219, 2.339867e-04 
9.414908e+00, 1.678032e-02, 9.039393e-06, 8.018816e-05, 0, 7.533605e-03, 9.135910e-03, 2.157790e-05, 8.073480e-02, 8.314935e-02, 1.533150e+02, -0.000000, 2.336210e+00, 0, 0.000087, 2.403685e-04 
9.424251e+00, 9.342941e-03, 9.914172e-06, 8.106294e-05, 0, 7.652575e-03, 1.591225e-03, 8.164613e-06, 8.085276e-02, 8.293612e-02, 1.070410e-01, -0.000315, 1.168105e+00, 1, 0.000034, 4.789992e-05 
9.444673e+00, 2.042203e-02, 1.195533e-05, 1.046820e-04, 0, 9.690229e-03, 1.060962e-02, 5.540273e-06, 8.085276e-02, 8.293612e-02, 9.580022e-02, -1.687478, 5.840524e-01, 1, 0.161661, 1.658747e-01 
9.453937e+00, 9.264211e-03, 9.330986e-06, 8.164613e-05, 0, 7.646743e-03, 1.507537e-03, 1.895356e-05, 8.085276e-02, 8.293612e-02, 7.453037e-01, -0.000039, 5.840524e-01, 1, 0.000034, 4.789992e-05 
9.465382e+00, 1.144445e-02, 9.039393e-06, 8.252091e-05, 0, 9.777998e-03, 1.547194e-03, 2.770136e-05, 1.363935e-01, 4.198477e-02, 7.494730e+00, -0.024211, 1.168105e+00, 1, 0.249008, 2.550573e-03 
9.475887e+00, 1.050552e-02, 1.166373e-05, 1.029324e-04, 0, 8.866186e-03, 1.506079e-03, 1.866197e-05, 3.389450e-02, 8.272799e-02, 3.124135e-01, -0.000185, 1.168105e+00, 1, 0.000058, 9.382699e-05 
9.495319e+00, 1.943178e-02, 9.914172e-06, 8.135453e-05, 0, 7.552558e-03, 1.176025e-02, 2.770136e-05, 2.486377e-01, 3.321789e-03, 2.064208e+00, -0.119762, 2.336210e+00, 1, 0.247358, 6.548719e-03 
9.512245e+00, 1.692553e-02, 1.166373e-05, 1.035156e-04, 0, 9.248757e-03, 7.554599e-03, 6.998239e-06, 1.250439e-01, 3.777337e-04, 1.185392e-01, -0.000856, 1.168105e+00, 1, 0.000101, 2.285801e-04 
9.524020e+00, 1.177512e-02, 1.166373e-05, 1.026408e-04, 0, 9.709474e-03, 1.923349e-03, 2.799296e-05, 1.250439e-01, 3.777337e-04, 2.215184e+01, -0.011271, 2.336210e+00, 1, 0.249842, 3.633402e-04 
9.535325e+00, 1.130566e-02, 1.137214e-05, 1.029324e-04, 0, 9.361603e-03, 1.808170e-03, 2.157790e-05, 2.040952e-03, 3.642397e-03, 1.246237e+00, -0.002109, 2.336210e+00, 0, 0.003911, 7.420247e-03 
9.544770e+00, 9.444416e-03, 9.914172e-06, 8.193772e-05, 0, 7.544394e-03, 1.786884e-03, 2.128631e-05, 8.053973e-04, 1.317930e-03, 1.255028e+00, -0.000668, 2.336210e+00, 0, 0.001282, 2.584676e-03 
9.561944e+00, 1.717455e-02, 9.039393e-06, 8.106294e-05, 0, 9.432460e-03, 7.608544e-03, 4.344740e-05, 5.178696e-04, 1.222679e-03, 2.261808e+00, -0.000142, 2.336210e+00, 0, 0.000444, 9.247983e-04 
9.579470e+00, 1.752563e-02, 1.253851e-05, 1.040988e-04, 0, 9.745631e-03, 7.636537e-03, 2.682658e-05, 5.249127e-04, 1.918797e-03, 2.341580e+00, -0.000037, 2.336210e+00, 0, 0.000123, 2.190575e-04 
9.603554e+00, 2.408386e-02, 1.108055e-05, 1.017661e-04, 0, 9.784705e-03, 1.418077e-02, 5.540273e-06, 8.587109e-04, 3.486936e-03, -1.159681e+01, 0.000003, 1.168105e+00, 0, 0.000036, 5.322138e-05 
9.623704e+00, 2.015056e-02, 9.330986e-06, 8.077135e-05, 0, 7.985283e-03, 1.205301e-02, 2.216109e-05, 8.587109e-04, 3.486936e-03, 2.082985e+02, -0.000007, 1.168105e+00, 0, 0.001717, 6.973677e-03 
9.643746e+00, 2.004208e-02, 9.330986e-06, 8.164613e-05, 0, 7.605628e-03, 1.231807e-02, 2.740977e-05, 1.342687e-04, 4.508637e-04, 1.266070e+00, -0.000022, 1.168105e+00, 0, 0.000044, 6.592429e-05 
9.655250e+00, 1.150336e-02, 1.166373e-05, 1.023493e-04, 0, 9.647656e-03, 1.719526e-03, 2.216109e-05, 6.321899e-03, 2.324868e-02, 1.176177e+00, -0.007677, 2.336210e+00, 1, 0.012644, 4.649726e-02 
9.664282e+00, 9.032394e-03, 9.330986e-06, 8.106294e-05, 0, 7.717600e-03, 1.202822e-03, 2.157790e-05, 1.806909e-03, 7.430753e-03, 1.113438e+00, -0.002245, 4.672419e+00, 1, 0.003597, 1.486868e-02 
9.684936e+00, 2.065385e-02, 9.039393e-06, 8.164613e-05, 0, 8.465537e-03, 1.207050e-02, 2.711818e-05, 5.580499e-04, 2.375319e-03, 1.263635e+00, -0.000010, 4.672419e+00, 0, 0.000019, 2.738993e-05 
9.696300e+00, 1.136368e-02, 1.195533e-05, 1.046820e-04, 0, 9.675649e-03, 1.543987e-03, 2.740977e-05, 1.667612e-02, 5.460679e-02, 8.890584e-01, -0.032017, 9.344838e+00, 1, 0.033345, 1.092163e-01 
9.717591e+00, 2.129127e-02, 1.108055e-05, 1.029324e-04, 0, 9.602168e-03, 1.155322e-02, 2.186950e-05, 2.442825e-03, 1.044940e-02, 1.518070e+02, -0.000028, 9.344838e+00, 0, 0.004880, 2.090080e-02 
9.742279e+00, 2.468833e-02, 9.330986e-06, 8.164613e-05, 0, 7.676194e-03, 1.691387e-02, 7.289833e-06, 2.992384e-04, 1.280858e-03, -5.325948e+01, -0.000000, 4.672419e+00, 0, 0.000006, 9.222104e-06 
9.752915e+00, 1.063528e-02, 1.166373e-05, 1.038072e-04, 0, 8.927129e-03, 1.562065e-03, 3.061730e-05, 2.992384e-04, 1.280858e-03, 1.026357e+00, -0.000400, 9.344838e+00, 1, 0.000592, 2.563953e-03 
9.773408e+00, 2.049347e-02, 1.166373e-05, 1.026408e-04, 0, 9.570384e-03, 1.078079e-02, 2.799296e-05, 9.529732e-05, 3.944578e-04, 6.349446e+02, -0.000000, 9.344838e+00, 0, 0.000182, 7.919581e-04 
9.792001e+00, 1.859257e-02, 1.166373e-05, 1.026408e-04, 0, 9.725803e-03, 8.725055e-03, 2.740977e-05, 1.935672e-05, 5.581210e-05, 2.524747e+00, -0.000003, 9.344838e+00, 0, 0.000010, 1.493202e-05 
9.879597e+00, 8.759609e-02, 1.166373e-05, 1.023493e-04, 0, 7.960497e-03, 7.951458e-02, 6.998239e-06, 2.848890e-05, 1.089623e-04, 4.209869e-02, -0.000074, 4.672419e+00, 1, 0.000003, 3.679700e-06 
9.889316e+00, 9.719097e-03, 1.049736e-05, 8.893596e-05, 0, 7.652866e-03, 1.959507e-03, 7.289833e-06, 2.848890e-05, 1.089623e-04, 1.074034e-01, -0.000030, 2.336210e+00, 1, 0.000003, 3.699540e-06 
9.910179e+00, 2.086321e-02, 1.166373e-05, 1.038072e-04, 0, 9.769251e-03, 1.097236e-02, 6.123459e-06, 2.848890e-05, 1.089623e-04, -4.786463e+02, 0.000000, 1.168105e+00, 0, 0.000054, 2.189396e-04 
9.931443e+00, 2.126415e-02, 1.078895e-05, 9.214348e-05, 0, 8.897095e-03, 1.223467e-02, 2.945092e-05, 2.848890e-05, 1.089623e-04, 3.318504e+03, -0.000000, 1.168105e+00, 0, 0.000057, 2.178807e-04 
9.943206e+00, 1.176317e-02, 1.166373e-05, 1.029324e-04, 0, 9.705975e-03, 1.914893e-03, 2.770136e-05, 6.217152e-06, 1.577718e-05, 1.264202e+00, -0.000000, 1.168105e+00, 0, 0.000000, 8.673065e-08 
9.963148e+00, 1.994177e-02, 1.137214e-05, 1.035156e-04, 0, 1.780498e-02, 1.990708e-03, 3.120048e-05, 6.498285e-06, 7.042940e-06, 1.271630e+00, -0.000002, 1.168105e+00, 0, 0.000003, 1.205049e-05 
9.991436e+00, 2.828776e-02, 1.253851e-05, 1.169289e-04, 0, 9.703934e-03, 1.842870e-02, 2.566021e-05, 6.551296e-06, 6.963582e-06, 1.733848e+00, -0.000005, 1.168105e+00, 0, 0.000013, 1.392855e-05 
1.001738e+01, 2.594451e-02, 1.108055e-05, 9.068552e-05, 0, 8.172777e-03, 1.764635e-02, 2.361906e-05, 2.518129e-06, 2.653973e-06, 4.877799e-01, -0.000001, 1.168105e+00, 1, 0.000005, 5.316196e-06 
1.004146e+01, 2.408327e-02, 1.166373e-05, 9.272667e-05, 0, 8.833236e-03, 1.511999e-02, 2.566021e-05, 2.188083e-06, 2.281112e-06, 1.535347e+00, -0.000002, 1.168105e+00, 0, 0.000004, 4.565772e-06 
1.006254e+01, 2.107636e-02, 1.137214e-05, 8.164613e-05, 0, 7.714976e-03, 1.324154e-02, 2.682658e-05, 8.154935e-07, 8.580413e-07, 1.484903e+00, -0.000000, 2.336210e+00, 1, 0.000002, 1.775859e-06 
1.007262e+01, 1.008330e-02, 1.283011e-05, 9.710057e-05, 0, 8.492072e-03, 1.473129e-03, 8.164613e-06, 1.810771e-05, 5.600231e-05, -9.446915e-01, 0.000020, 1.168105e+00, 1, 0.000020, 7.394984e-05 
1.011907e+01, 4.644702e-02, 1.166373e-05, 1.038072e-04, 0, 9.136785e-03, 3.716969e-02, 2.507702e-05, 1.810771e-05, 5.600231e-05, 1.240191e+00, -0.000021, 1.168105e+00, 0, 0.000035, 1.124933e-04 
1.013907e+01, 1.999893e-02, 1.253851e-05, 8.077135e-05, 0, 7.836862e-03, 1.204689e-02, 2.186950e-05, 5.014311e-06, 1.222190e-05, 1.321195e+00, -0.000001, 2.336210e+00, 1, 0.000002, 1.847206e-06 
1.015901e+01, 1.993857e-02, 9.039393e-06, 8.018816e-05, 0, 7.592798e-03, 1.225042e-02, 6.123459e-06, 1.555642e-02, 5.599493e-02, 1.719615e-01, -0.000005, 1.168105e+00, 1, 0.000001, 1.129293e-06 
1.017645e+01, 1.744195e-02, 9.039393e-06, 8.018816e-05, 0, 7.908010e-03, 9.421088e-03, 2.361906e-05, 1.555642e-02, 5.599493e-02, 8.366802e+01, -0.000240, 1.168105e+00, 0, 0.021621, 8.633791e-02 
1.019651e+01, 2.005870e-02, 9.330986e-06, 8.252091e-05, 0, 8.939376e-03, 1.100473e-02, 2.274428e-05, 5.488496e-03, 2.199093e-02, 1.481565e+02, -0.000009, 1.168105e+00, 0, 0.001511, 7.045337e-03 
1.021484e+01, 1.833451e-02, 9.914172e-06, 8.281250e-05, 0, 7.648492e-03, 1.056647e-02, 2.682658e-05, 4.831353e-03, 2.021766e-02, 3.102609e+02, -0.000001, 1.168105e+00, 0, 0.000213, 9.513657e-04 
1.023407e+01, 1.922329e-02, 1.108055e-05, 1.026408e-04, 0, 9.552597e-03, 9.534810e-03, 2.216109e-05, 4.733321e-03, 1.997360e-02, 1.167033e+02, -0.000072, 1.168105e+00, 0, 0.009434, 3.987793e-02 
1.024784e+01, 1.377545e-02, 1.253851e-05, 1.084727e-04, 0, 8.177151e-03, 5.446963e-03, 3.032570e-05, 5.176921e-04, 2.257509e-03, 1.278541e+00, -0.000016, 1.168105e+00, 0, 0.000035, 1.360690e-04 
1.026714e+01, 1.929852e-02, 1.253851e-05, 1.040988e-04, 0, 9.281123e-03, 9.879181e-03, 2.157790e-05, 4.770629e-04, 2.084516e-03, 3.563666e+01, -0.000023, 1.168105e+00, 0, 0.000953, 4.169434e-03 
1.027861e+01, 1.146895e-02, 9.330986e-06, 8.018816e-05, 0, 7.749967e-03, 3.607592e-03, 2.186950e-05, 7.491792e-05, 2.966730e-04, 1.289591e+00, -0.000006, 1.168105e+00, 0, 0.000013, 4.806213e-05 
1.028834e+01, 9.733968e-03, 9.330986e-06, 8.077135e-05, 0, 7.500946e-03, 2.113468e-03, 2.945092e-05, 7.310485e-05, 2.940356e-04, 1.268556e+00, -0.000068, 1.168105e+00, 0, 0.000141, 5.785632e-04 
1.031032e+01, 2.198147e-02, 1.428807e-05, 1.040988e-04, 0, 9.658445e-03, 1.219735e-02, 7.289833e-06, 2.927130e-05, 1.110548e-04, -9.524015e+01, 0.000000, 5.840524e-01, 0, 0.000003, 1.190519e-05 
1.032886e+01, 1.853046e-02, 1.166373e-05, 1.046820e-04, 0, 9.044641e-03, 9.364227e-03, 5.248680e-06, 2.927130e-05, 1.110548e-04, -2.836928e+02, 0.000000, 2.920262e-01, 0, 0.000055, 2.158674e-04 
1.033808e+01, 9.221930e-03, 9.330986e-06, 8.106294e-05, 0, 7.776793e-03, 1.332581e-03, 2.216109e-05, 2.927130e-05, 1.110548e-04, 1.254117e+00, -0.000002, 5.840524e-01, 1, 0.000003, 1.190519e-05 
1.035749e+01, 1.941078e-02, 1.399648e-05, 1.055568e-04, 0, 7.637412e-03, 1.164682e-02, 6.998239e-06, 1.351702e-05, 4.904753e-05, -8.107003e+01, 0.000000, 2.920262e-01, 0, 0.000001, 4.400246e-06 
1.036829e+01, 1.079857e-02, 1.108055e-05, 1.026408e-04, 0, 8.940251e-03, 1.717485e-03, 2.711818e-05, 1.351702e-05, 4.904753e-05, 1.253911e+00, -0.000001, 5.840524e-01, 1, 0.000001, 4.400246e-06 
1.038767e+01, 1.938337e-02, 1.108055e-05, 1.032240e-04, 0, 9.624329e-03, 9.639200e-03, 5.540273e-06, 6.944340e-06, 2.130458e-05, -1.725461e+02, 0.000000, 2.920262e-01, 0, 0.000011, 4.259787e-05 
1.040769e+01, 2.001613e-02, 9.914172e-06, 8.281250e-05, 0, 7.869520e-03, 1.204718e-02, 6.706646e-06, 6.944340e-06, 2.130458e-05, -1.725461e+02, 0.000000, 1.460131e-01, 0, 0.000011, 4.259787e-05 
1.041728e+01, 9.595753e-03, 1.108055e-05, 1.029324e-04, 0, 8.111251e-03, 1.348327e-03, 2.216109e-05, 6.944340e-06, 2.130458e-05, 1.102665e+00, -0.000001, 2.920262e-01, 1, 0.000002, 2.682984e-06 
1.044015e+01, 2.286937e-02, 9.330986e-06, 8.222931e-05, 0, 7.880601e-03, 1.487359e-02, 2.361906e-05, 1.379329e-05, 5.117062e-05, 6.903663e-01, -0.000001, 2.920262e-01, 1, 0.000001, 1.376333e-06 
1.046049e+01, 2.033397e-02, 1.137214e-05, 1.035156e-04, 0, 9.621704e-03, 1.057580e-02, 2.157790e-05, 4.743731e-05, 1.897654e-04, 2.034125e+03, -0.000000, 3.576663e-01, 0, 0.000003, 8.951838e-06 
1.046949e+01, 9.002943e-03, 9.039393e-06, 8.077135e-05, 0, 7.562472e-03, 1.328791e-03, 2.186950e-05, 4.632845e-05, 1.872489e-04, 1.254251e+00, -0.000000, 7.153326e-01, 1, 0.000000, 1.439633e-06 
1.049040e+01, 2.090928e-02, 9.039393e-06, 8.164613e-05, 0, 8.071011e-03, 1.272367e-02, 2.391065e-05, 1.989321e-05, 7.691645e-05, 5.528220e-01, -0.000001, 7.153326e-01, 1, 0.000002, 1.881008e-06 
1.051013e+01, 1.973649e-02, 1.166373e-05, 1.035156e-04, 0, 9.601001e-03, 1.001477e-02, 5.540273e-06, 1.011821e-04, 4.138056e-04, -9.028337e+02, 0.000000, 3.576663e-01, 0, 0.000200, 8.270683e-04 
1.053939e+01, 2.925585e-02, 9.914172e-06, 8.106294e-05, 0, 8.013567e-03, 2.113118e-02, 2.011994e-05, 1.011821e-04, 4.138056e-04, 7.388634e-01, -0.000001, 3.576663e-01, 1, 0.000002, 2.185716e-06 
1.055700e+01, 1.761515e-02, 9.330986e-06, 8.164613e-05, 0, 7.572970e-03, 9.945373e-03, 5.831866e-06, 1.634329e-04, 6.581908e-04, -6.730401e+02, 0.000000, 1.788331e-01, 0, 0.000326, 1.315463e-03 
1.057704e+01, 2.003888e-02, 1.020577e-05, 8.631162e-05, 0, 7.895180e-03, 1.204047e-02, 6.706646e-06, 1.634329e-04, 6.581908e-04, -5.840471e+02, 0.000000, 8.941657e-02, 0, 0.000325, 1.315878e-03 
1.059469e+01, 1.764781e-02, 1.137214e-05, 1.038072e-04, 0, 7.980326e-03, 9.526353e-03, 2.595180e-05, 1.634329e-04, 6.581908e-04, 6.411683e-01, -0.000194, 8.941657e-02, 1, 0.000326, 1.315463e-03 
1.061676e+01, 2.207070e-02, 1.253851e-05, 1.040988e-04, 0, 9.666610e-03, 1.226471e-02, 2.274428e-05, 1.011014e-04, 3.996041e-04, 6.875232e-01, -0.000000, 8.941657e-02, 1, 0.000000, 8.706023e-07 
1.062842e+01, 1.165528e-02, 1.137214e-05, 1.014745e-04, 0, 9.570092e-03, 1.943761e-03, 2.857614e-05, 3.866718e-05, 1.446387e-04, 1.268973e+00, -0.000036, 1.312073e-01, 0, 0.000077, 2.890564e-04 
1.064020e+01, 1.178241e-02, 1.195533e-05, 1.032240e-04, 0, 9.579423e-03, 2.040570e-03, 4.723812e-05, 1.569043e-05, 5.409438e-05, 1.254999e+00, -0.000015, 2.624146e-01, 1, 0.000030, 1.087643e-04 
1.065184e+01, 1.164040e-02, 1.166373e-05, 1.046820e-04, 0, 9.681189e-03, 1.816043e-03, 2.682658e-05, 6.880872e-06, 1.994383e-05, 1.239862e+00, -0.000000, 5.248292e-01, 1, 0.000000, 1.489115e-07 
1.067339e+01, 2.155283e-02, 1.108055e-05, 1.040988e-04, 0, 9.782081e-03, 1.165003e-02, 5.540273e-06, 4.960204e-06, 9.838764e-06, -1.802718e+01, 0.000000, 2.624146e-01, 0, 0.000000, 5.619661e-08 
1.069607e+01, 2.267575e-02, 9.330986e-06, 8.106294e-05, 0, 7.550225e-03, 1.501152e-02, 2.361906e-05, 4.960204e-06, 9.838764e-06, 6.958792e-01, -0.000002, 2.624146e-01, 1, 0.000004, 4.251741e-06 
1.070683e+01, 1.075892e-02, 1.195533e-05, 1.038072e-04, 0, 9.067969e-03, 1.546902e-03, 2.828455e-05, 8.950468e-06, 2.711546e-05, 1.254824e+00, -0.000008, 5.248292e-01, 1, 0.000015, 5.506533e-05 
1.073275e+01, 2.592235e-02, 1.108055e-05, 1.017661e-04, 0, 9.633368e-03, 1.615223e-02, 2.391065e-05, 5.069362e-06, 9.566701e-06, 6.156494e-01, -0.000001, 5.248292e-01, 1, 0.000004, 4.486653e-06 
1.074241e+01, 9.654946e-03, 1.195533e-05, 9.010233e-05, 0, 7.581134e-03, 1.943761e-03, 2.799296e-05, 1.121593e-05, 3.277589e-05, 1.271055e+00, -0.000009, 5.248292e-01, 0, 0.000019, 6.690286e-05 
1.075278e+01, 1.037168e-02, 1.108055e-05, 1.026408e-04, 0, 8.730887e-03, 1.505205e-03, 2.186950e-05, 5.813052e-06, 1.186491e-05, 1.285205e+00, -0.000004, 1.049658e+00, 1, 0.000007, 2.510289e-05 
1.077285e+01, 2.007328e-02, 9.622579e-06, 8.164613e-05, 0, 7.735970e-03, 1.222680e-02, 1.924516e-05, 5.130563e-06, 4.775113e-06, 4.496656e-01, -0.000003, 1.049658e+00, 1, 0.000008, 8.401636e-06 
1.079311e+01, 2.025815e-02, 1.020577e-05, 8.164613e-05, 0, 8.002487e-03, 1.215652e-02, 7.289833e-06, 2.348835e-05, 7.085870e-05, -1.114281e+02, 0.000000, 5.248292e-01, 0, 0.000041, 1.446129e-04 
1.081081e+01, 1.769855e-02, 1.137214e-05, 1.035156e-04, 0, 7.697772e-03, 9.878890e-03, 6.998239e-06, 2.348835e-05, 7.085870e-05, -9.097478e+01, 0.000000, 2.624146e-01, 0, 0.000041, 1.445293e-04 
1.082232e+01, 1.151706e-02, 1.253851e-05, 1.043904e-04, 0, 9.651155e-03, 1.720109e-03, 2.886774e-05, 2.348835e-05, 7.085870e-05, 1.208775e+00, -0.000003, 5.248292e-01, 1, 0.000006, 7.164298e-06 
1.084434e+01, 2.201704e-02, 1.166373e-05, 1.035156e-04, 0, 9.639783e-03, 1.225508e-02, 6.998239e-06, 9.060606e-05, 3.326759e-04, -1.862379e+02, 0.000001, 2.624146e-01, 0, 0.000179, 6.665296e-04 
1.085602e+01, 1.168385e-02, 1.166373e-05, 1.040988e-04, 0, 9.640949e-03, 1.898856e-03, 2.828455e-05, 9.060606e-05, 3.326759e-04, 1.249780e+00, -0.000000, 5.248292e-01, 1, 0.000000, 5.192171e-07 
1.086844e+01, 1.241371e-02, 1.020577e-05, 8.222931e-05, 0, 7.632746e-03, 4.666951e-03, 2.157790e-05, 4.134923e-05, 1.432204e-04, 1.281002e+00, -0.000039, 7.658317e-01, 0, 0.000083, 2.863434e-04 
1.088945e+01, 2.101571e-02, 9.330986e-06, 1.560024e-04, 0, 9.251089e-03, 1.159375e-02, 5.540273e-06, 1.650714e-05, 5.367576e-05, -1.845781e+01, 0.000000, 3.829159e-01, 0, 0.000000, 2.036585e-07 
1.090646e+01, 1.700456e-02, 1.020577e-05, 8.106294e-05, 0, 7.558973e-03, 9.349065e-03, 5.248680e-06, 1.650714e-05, 5.367576e-05, -2.887383e+02, 0.000000, 1.914579e-01, 0, 0.000033, 1.072485e-04 
1.091532e+01, 8.864437e-03, 9.039393e-06, 8.164613e-05, 0, 7.561889e-03, 1.190284e-03, 2.157790e-05, 1.650714e-05, 5.367576e-05, 1.256289e+00, -0.000015, 3.829159e-01, 1, 0.000030, 1.082714e-04 
1.093308e+01, 1.775803e-02, 9.330986e-06, 8.106294e-05, 0, 7.721391e-03, 9.939249e-03, 6.998239e-06, 7.786280e-06, 1.934836e-05, -8.378477e+01, 0.000000, 1.914579e-01, 0, 0.000012, 4.021407e-05 
1.094472e+01, 1.164332e-02, 1.195533e-05, 1.032240e-04, 0, 9.783539e-03, 1.716901e-03, 2.770136e-05, 7.786280e-06, 1.934836e-05, 1.256358e+00, -0.000006, 3.829159e-01, 1, 0.000012, 4.015614e-05 
1.095556e+01, 1.083298e-02, 1.137214e-05, 1.026408e-04, 0, 9.023355e-03, 1.671704e-03, 2.391065e-05, 5.324237e-06, 6.773010e-06, 1.263643e+00, -0.000003, 7.123084e-01, 0, 0.000006, 6.465134e-06 
1.097588e+01, 2.032055e-02, 1.020577e-05, 8.893596e-05, 0, 8.777833e-03, 1.143716e-02, 6.415053e-06, 5.267360e-06, 1.338630e-05, -1.683599e+01, 0.000000, 3.561542e-01, 0, 0.000000, 1.107909e-07 
1.099771e+01, 2.182838e-02, 1.166373e-05, 9.185189e-05, 0, 9.681189e-03, 1.203668e-02, 6.998239e-06, 5.267360e-06, 1.338630e-05, -8.320204e+01, 0.000000, 1.780771e-01, 0, 0.000008, 2.770094e-05 
1.101903e+01, 2.132130e-02, 1.166373e-05, 1.040988e-04, 0, 9.676815e-03, 1.150306e-02, 2.566021e-05, 5.267360e-06, 1.338630e-05, 6.204181e-01, -0.000000, 1.780771e-01, 1, 0.000000, 1.107909e-07 
1.104005e+01, 2.101834e-02, 1.166373e-05, 1.043904e-04, 0, 9.557845e-03, 1.132228e-02, 2.216109e-05, 2.385717e-06, 3.082921e-06, 6.186525e-01, -0.000001, 1.780771e-01, 1, 0.000002, 6.879477e-06 
1.106036e+01, 2.031239e-02, 1.108055e-05, 9.068552e-05, 0, 8.788039e-03, 1.139838e-02, 2.420224e-05, 2.286864e-06, 2.597328e-06, 6.126865e-01, -0.000000, 1.780771e-01, 1, 0.000002, 5.802720e-06 
1.107294e+01, 1.258021e-02, 1.253851e-05, 9.564260e-05, 0, 9.659028e-03, 2.787924e-03, 2.507702e-05, 2.231165e-06, 2.234327e-06, 1.251440e+00, -0.000001, 3.561542e-01, 1, 0.000002, 4.911606e-06 
1.109119e+01, 1.825199e-02, 1.137214e-05, 8.368728e-05, 0, 8.065471e-03, 1.008475e-02, 6.706646e-06, 2.556399e-06, 2.199077e-06, -3.011950e+01, 0.000000, 1.780771e-01, 0, 0.000001, 1.834810e-06 
1.111142e+01, 2.022549e-02, 1.283011e-05, 8.310409e-05, 0, 8.037478e-03, 1.206467e-02, 2.740977e-05, 2.556399e-06, 2.199077e-06, 6.144816e-01, -0.000000, 1.780771e-01, 1, 0.000001, 1.838441e-06 
1.112253e+01, 1.111437e-02, 1.253851e-05, 1.035156e-04, 0, 9.408258e-03, 1.562649e-03, 2.740977e-05, 2.673516e-06, 2.403814e-06, 1.118774e+00, -0.000000, 3.561542e-01, 1, 0.000000, 3.207663e-09 
1.000000, 0, 0, 0, 0, 0, 0, 0, 0, 0, 0, 0, 0, 0, 0 ,0