TRM WS=1, MS=2, TRMstep=0: ub=0.800000, lb=0.200000, grow=2.000000,shrink=0.500000, b_w=2,b_m=4, lr=0.400000, lambda=0.000000, n=9, n0=2, n1=2, n2=1, sub_tol=0.001000, sub_maxit=1000, tol=1.000000e-08, m=4, nobias=0 
time, iter_t, subset_m_time, g_time, subset_w_time, p1_time, t2, t3, total error, total gmag, rho, sigma, gamma, step, approx error, approx gmag 
3.402602e-03, 3.402602e-03, 9.622579e-06, 8.281250e-05, 7.289833e-06, 3.283632e-03, 1.749560e-05, 1.749560e-06, 1.291692e-01, 7.043216e-03, 0.000000e+00, 0.000000, 4.000000e-01, 0, 0.129169, 7.043216e-03 
6.731723e-03, 3.329121e-03, 9.330986e-06, 8.368728e-05, 7.289833e-06, 3.212483e-03, 1.457967e-05, 1.749560e-06, 1.283253e-01, 6.178144e-03, 0.000000e+00, 0.000000, 2.000000e-01, 0, 0.128325, 6.178144e-03 
1.024134e-02, 3.509617e-03, 1.049736e-05, 8.397887e-05, 6.998239e-06, 3.388023e-03, 1.516285e-05, 4.957086e-06, 1.280274e-01, 5.829365e-03, 0.000000e+00, 0.000000, 1.000000e-01, 0, 0.128027, 5.829365e-03 
1.336751e-02, 3.126172e-03, 9.622579e-06, 8.368728e-05, 7.289833e-06, 3.011284e-03, 1.341329e-05, 8.747799e-07, 1.251754e-01, 1.523942e-03, 0.000000e+00, 0.000000, 1.000000e-01, 0, 0.125175, 1.523942e-03 
1.647969e-02, 3.112175e-03, 8.747799e-06, 8.893596e-05, 6.706646e-06, 2.992622e-03, 1.370489e-05, 1.457967e-06, 1.249645e-01, 1.737562e-04, 0.000000e+00, 0.000000, 5.000000e-02, 0, 0.124964, 1.737562e-04 
1.961227e-02, 3.132587e-03, 1.020577e-05, 8.456206e-05, 6.415053e-06, 3.015950e-03, 1.428807e-05, 1.166373e-06, 1.249574e-01, 2.496844e-04, 0.000000e+00, 0.000000, 2.500000e-02, 0, 0.124957, 2.496844e-04 
2.352254e-02, 3.910266e-03, 1.253851e-05, 1.157625e-04, 8.747799e-06, 3.754555e-03, 1.720401e-05, 1.457967e-06, 1.249503e-01, 1.571633e-04, 0.000000e+00, 0.000000, 1.250000e-02, 0, 0.124950, 1.571633e-04 
2.728147e-02, 3.758929e-03, 1.020577e-05, 1.102223e-04, 7.581426e-06, 3.612841e-03, 1.662082e-05, 1.457967e-06, 1.249399e-01, 1.497635e-04, 0.000000e+00, 0.000000, 1.250000e-02, 0, 0.124940, 1.497635e-04 
0.500000, 0, 0, 0, 0, 0, 0, 0, 0, 0, 0, 0, 0, 0, 0 ,0