TRM WS=1, MS=2, TRMstep=0: ub=0.800000, lb=0.200000, grow=2.000000,shrink=0.500000, b_w=2,b_m=4, lr=0.400000, lambda=0.000000, n=9, n0=2, n1=2, n2=1, sub_tol=0.001000, sub_maxit=1000, tol=1.000000e-08, m=4, nobias=0 
time, iter_t, subset_m_time, g_time, subset_w_time, p1_time, t2, t3, total error, total gmag, rho, sigma, gamma, step, approx error, approx gmag 
3.562395e-03, 3.562395e-03, 1.224692e-05, 1.113886e-04, 7.873019e-06, 3.410475e-03, 1.866197e-05, 1.749560e-06, 1.436430e-01, 1.318847e-02, 0.000000e+00, 0.000000, 4.000000e-01, 0, 0.143643, 1.318847e-02 
6.986576e-03, 3.424180e-03, 9.914172e-06, 9.097711e-05, 7.873019e-06, 3.299087e-03, 1.516285e-05, 1.166373e-06, 1.342597e-01, 1.017168e-02, 0.000000e+00, 0.000000, 4.000000e-01, 0, 0.134260, 1.017168e-02 
9.971033e-03, 2.984457e-03, 9.914172e-06, 1.040988e-04, 9.039393e-06, 2.847409e-03, 1.312170e-05, 8.747799e-07, 1.296193e-01, 7.451513e-03, 0.000000e+00, 0.000000, 4.000000e-01, 0, 0.129619, 7.451513e-03 
1.288288e-02, 2.911851e-03, 8.164613e-06, 8.193772e-05, 7.873019e-06, 2.799879e-03, 1.312170e-05, 8.747799e-07, 1.254153e-01, 2.534067e-03, 0.000000e+00, 0.000000, 4.000000e-01, 0, 0.125415, 2.534067e-03 
1.567956e-02, 2.796671e-03, 8.164613e-06, 7.464789e-05, 6.415053e-06, 2.693447e-03, 1.283011e-05, 1.166373e-06, 1.247578e-01, 3.840607e-04, 0.000000e+00, 0.000000, 2.000000e-01, 0, 0.124758, 3.840607e-04 
1.846456e-02, 2.785008e-03, 7.873019e-06, 7.464789e-05, 5.831866e-06, 2.682367e-03, 1.312170e-05, 1.166373e-06, 1.245378e-01, 3.979630e-04, 0.000000e+00, 0.000000, 1.000000e-01, 0, 0.124538, 3.979630e-04 
2.124053e-02, 2.775968e-03, 7.873019e-06, 7.552267e-05, 5.831866e-06, 2.672744e-03, 1.312170e-05, 8.747799e-07, 1.242492e-01, 6.241633e-04, 0.000000e+00, 0.000000, 5.000000e-02, 0, 0.124249, 6.241633e-04 
2.436758e-02, 3.127047e-03, 7.873019e-06, 7.406470e-05, 6.123459e-06, 3.023823e-03, 1.428807e-05, 8.747799e-07, 1.240635e-01, 6.204895e-04, 0.000000e+00, 0.000000, 5.000000e-02, 0, 0.124064, 6.204895e-04 
0.250000, 0, 0, 0, 0, 0, 0, 0, 0, 0, 0, 0, 0, 0, 0 ,0