TRM WS=1, MS=2, TRMstep=0: ub=0.800000, lb=0.200000, grow=2.000000,shrink=0.500000, b_w=2,b_m=4, lr=0.400000, lambda=0.000000, n=9, n0=2, n1=2, n2=1, sub_tol=0.001000, sub_maxit=1000, tol=1.000000e-08, m=4, nobias=0 
time, iter_t, subset_m_time, g_time, subset_w_time, p1_time, t2, t3, total error, total gmag, rho, sigma, gamma, step, approx error, approx gmag 
3.153290e-03, 3.153290e-03, 9.622579e-06, 7.785541e-05, 6.998239e-06, 3.041318e-03, 1.632923e-05, 1.166373e-06, 1.428379e-01, 1.300123e-02, 0.000000e+00, 0.000000, 4.000000e-01, 0, 0.142838, 1.300123e-02 
5.962500e-03, 2.809210e-03, 8.456206e-06, 7.552267e-05, 7.289833e-06, 2.703362e-03, 1.312170e-05, 1.457967e-06, 1.408245e-01, 1.209235e-02, 0.000000e+00, 0.000000, 4.000000e-01, 0, 0.140825, 1.209235e-02 
9.402135e-03, 3.439635e-03, 8.164613e-06, 7.581426e-05, 6.123459e-06, 3.325913e-03, 2.216109e-05, 1.457967e-06, 1.286159e-01, 6.359963e-03, 0.000000e+00, 0.000000, 4.000000e-01, 0, 0.128616, 6.359963e-03 
1.409999e-02, 4.697860e-03, 1.632923e-05, 1.399648e-04, 2.099472e-05, 4.503367e-03, 1.574604e-05, 1.457967e-06, 1.250471e-01, 4.868402e-04, 0.000000e+00, 0.000000, 4.000000e-01, 0, 0.125047, 4.868402e-04 
1.719555e-02, 3.095555e-03, 9.622579e-06, 8.047975e-05, 6.998239e-06, 2.984457e-03, 1.283011e-05, 1.166373e-06, 1.250463e-01, 2.269989e-04, 0.000000e+00, 0.000000, 2.000000e-01, 0, 0.125046, 2.269989e-04 
2.024095e-02, 3.045400e-03, 7.873019e-06, 7.523107e-05, 6.123459e-06, 2.941302e-03, 1.399648e-05, 8.747799e-07, 1.246945e-01, 4.494508e-04, 0.000000e+00, 0.000000, 1.000000e-01, 0, 0.124694, 4.494508e-04 
2.402291e-02, 3.781965e-03, 8.747799e-06, 8.310409e-05, 1.545445e-05, 3.658038e-03, 1.516285e-05, 1.457967e-06, 1.246786e-01, 5.775004e-04, 0.000000e+00, 0.000000, 5.000000e-02, 0, 0.124679, 5.775004e-04 
2.726397e-02, 3.241060e-03, 1.020577e-05, 8.193772e-05, 8.747799e-06, 3.125589e-03, 1.312170e-05, 1.457967e-06, 1.246496e-01, 3.217468e-04, 0.000000e+00, 0.000000, 5.000000e-02, 0, 0.124650, 3.217468e-04 
0.500000, 0, 0, 0, 0, 0, 0, 0, 0, 0, 0, 0, 0, 0, 0 ,0