TRM WS=1, MS=1, TRMstep=0: ub=0.800000, lb=0.200000, grow=2.000000,shrink=0.500000, b_w=2,b_m=4, lr=0.100000, lambda=0.000000, n=9, n0=2, n1=2, n2=1, sub_tol=0.001000, sub_maxit=1000, tol=1.000000e-08, m=4, nobias=0 
time, iter_t, subset_m_time, g_time, subset_w_time, p1_time, t2, t3, total error, total gmag, rho, sigma, gamma, step, approx error, approx gmag 
2.673561e-02, 2.673561e-02, 2.915933e-06, 1.437555e-04, 5.467374e-04, 2.597921e-02, 5.219520e-05, 1.078895e-05, 1.251603e-01, 5.745822e-04, 0.000000e+00, 0.000000, 1.000000e-01, 0, 0.121989, 3.717587e-02 
3.336498e-02, 6.629374e-03, 2.886774e-05, 1.344245e-04, 1.014745e-04, 5.643497e-03, 4.403059e-05, 6.770797e-04, 1.253282e-01, 1.393205e-03, 0.000000e+00, 0.000000, 1.000000e-01, 0, 0.125117, 3.631872e-02 
3.860345e-02, 5.238474e-03, 3.411642e-05, 1.166373e-04, 2.682658e-05, 4.937841e-03, 8.893596e-05, 3.411642e-05, 1.252866e-01, 1.071151e-03, 0.000000e+00, 0.000000, 1.000000e-01, 0, 0.142183, 4.132833e-02 
4.339521e-02, 4.791753e-03, 3.324164e-05, 1.160541e-04, 3.936510e-05, 4.446215e-03, 4.082306e-05, 1.160541e-04, 1.252590e-01, 9.067324e-04, 0.000000e+00, 0.000000, 5.000000e-02, 0, 0.118492, 3.587891e-02 
4.741424e-02, 4.019031e-03, 1.749560e-06, 9.622579e-05, 4.461378e-05, 3.847865e-03, 2.740977e-05, 1.166373e-06, 1.258583e-01, 2.700979e-03, 0.000000e+00, 0.000000, 5.000000e-02, 0, 0.107950, 3.455518e-02 
5.067308e-02, 3.258847e-03, 1.837038e-05, 5.977663e-05, 2.303587e-05, 3.092639e-03, 4.519696e-05, 1.982834e-05, 1.263896e-01, 3.592096e-03, 0.000000e+00, 0.000000, 5.000000e-02, 0, 0.140938, 3.778943e-02 
5.365667e-02, 2.983583e-03, 4.140625e-05, 5.948503e-05, 3.819872e-05, 2.798421e-03, 3.236686e-05, 1.370489e-05, 1.261515e-01, 3.220857e-03, 0.000000e+00, 0.000000, 5.000000e-02, 0, 0.158223, 4.268841e-02 
5.668778e-02, 3.031112e-03, 9.622579e-06, 5.948503e-05, 6.444212e-05, 2.814459e-03, 3.674076e-05, 4.636334e-05, 1.260919e-01, 3.126809e-03, 0.000000e+00, 0.000000, 2.500000e-02, 0, 0.103427, 3.314592e-02 
5.972589e-02, 3.038111e-03, 1.457967e-06, 6.327575e-05, 7.406470e-05, 2.845367e-03, 5.306998e-05, 8.747799e-07, 1.263109e-01, 3.468688e-03, 0.000000e+00, 0.000000, 2.500000e-02, 0, 0.103569, 3.348472e-02 
6.262433e-02, 2.898437e-03, 1.166373e-06, 5.919344e-05, 7.289833e-05, 2.702195e-03, 5.423636e-05, 8.747799e-06, 1.264206e-01, 3.638662e-03, 0.000000e+00, 0.000000, 2.500000e-02, 0, 0.141595, 3.774804e-02 
6.547494e-02, 2.850616e-03, 1.166373e-06, 5.890185e-05, 5.890185e-05, 2.697238e-03, 3.382482e-05, 5.831866e-07, 1.262993e-01, 3.461212e-03, 0.000000e+00, 0.000000, 2.500000e-02, 0, 0.160091, 4.269263e-02 
6.843753e-02, 2.962588e-03, 3.207526e-05, 6.006822e-05, 6.356734e-05, 2.719399e-03, 1.370489e-05, 7.377311e-05, 1.260242e-01, 3.020502e-03, 0.000000e+00, 0.000000, 1.250000e-02, 0, 0.103958, 3.325551e-02 
7.137883e-02, 2.941302e-03, 1.166373e-06, 5.890185e-05, 6.735805e-05, 2.799004e-03, 1.399648e-05, 8.747799e-07, 1.262983e-01, 3.460926e-03, 0.000000e+00, 0.000000, 1.250000e-02, 0, 0.103536, 3.348111e-02 
7.431576e-02, 2.936928e-03, 1.457967e-06, 1.005997e-04, 4.986246e-05, 2.715608e-03, 5.394476e-05, 1.545445e-05, 1.263144e-01, 3.483578e-03, 0.000000e+00, 0.000000, 1.250000e-02, 0, 0.140541, 3.759404e-02 
7.723928e-02, 2.923514e-03, 1.166373e-06, 9.097711e-05, 9.126870e-05, 2.691698e-03, 4.782130e-05, 5.831866e-07, 1.262558e-01, 3.395129e-03, 0.000000e+00, 0.000000, 1.250000e-02, 0, 0.159543, 4.263851e-02 
8.016775e-02, 2.928472e-03, 1.166373e-06, 1.000165e-04, 1.131382e-04, 2.654957e-03, 1.428807e-05, 4.490537e-05, 1.262005e-01, 3.310042e-03, 0.000000e+00, 0.000000, 6.250000e-03, 0, 0.102353, 3.293243e-02 
8.309068e-02, 2.922931e-03, 1.457967e-06, 9.039393e-05, 9.535101e-05, 2.721149e-03, 1.399648e-05, 5.831866e-07, 1.262575e-01, 3.398311e-03, 0.000000e+00, 0.000000, 6.250000e-03, 0, 0.103750, 3.354474e-02 
8.609992e-02, 3.009243e-03, 4.228103e-05, 5.948503e-05, 7.260673e-05, 2.749433e-03, 1.428807e-05, 7.114877e-05, 1.262894e-01, 3.444856e-03, 0.000000e+00, 0.000000, 6.250000e-03, 0, 0.140262, 3.756074e-02 
8.896016e-02, 2.860239e-03, 4.344740e-05, 1.005997e-04, 5.336158e-05, 2.647959e-03, 1.399648e-05, 8.747799e-07, 1.262574e-01, 3.398476e-03, 0.000000e+00, 0.000000, 6.250000e-03, 0, 0.159553, 4.264727e-02 
9.194753e-02, 2.987373e-03, 3.353323e-05, 9.126870e-05, 6.415053e-05, 2.653499e-03, 5.744388e-05, 8.747799e-05, 1.261864e-01, 3.288474e-03, 0.000000e+00, 0.000000, 3.125000e-03, 0, 0.102440, 3.296281e-02 
9.480865e-02, 2.861114e-03, 1.166373e-06, 6.035981e-05, 6.939921e-05, 2.677993e-03, 5.132042e-05, 8.747799e-07, 1.261983e-01, 3.311164e-03, 0.000000e+00, 0.000000, 3.125000e-03, 0, 0.104325, 3.367350e-02 
9.767005e-02, 2.861405e-03, 4.257262e-05, 1.000165e-04, 4.082306e-05, 2.626089e-03, 1.428807e-05, 3.761554e-05, 1.262028e-01, 3.316876e-03, 0.000000e+00, 0.000000, 3.125000e-03, 0, 0.139319, 3.745904e-02 
1.003504e-01, 2.680326e-03, 1.457967e-06, 9.010233e-05, 4.111466e-05, 2.533654e-03, 1.312170e-05, 8.747799e-07, 1.261866e-01, 3.291650e-03, 0.000000e+00, 0.000000, 3.125000e-03, 0, 0.158701, 4.259451e-02 
1.030497e-01, 2.699279e-03, 3.003411e-05, 5.598591e-05, 3.674076e-05, 2.471545e-03, 1.283011e-05, 9.214348e-05, 1.261866e-01, 3.291650e-03, 0.000000e+00, 0.000000, 1.562500e-03, 0, 0.102459, 3.298187e-02 
1.055629e-01, 2.513243e-03, 1.166373e-06, 5.598591e-05, 6.998239e-06, 2.435679e-03, 1.283011e-05, 5.831866e-07, 1.261866e-01, 3.291650e-03, 0.000000e+00, 0.000000, 1.562500e-03, 0, 0.104421, 3.369022e-02 
1.081834e-01, 2.620549e-03, 3.965669e-05, 5.598591e-05, 3.907350e-05, 2.470670e-03, 1.399648e-05, 1.166373e-06, 1.261936e-01, 3.302344e-03, 0.000000e+00, 0.000000, 1.562500e-03, 0, 0.139229, 3.744119e-02 
1.108422e-01, 2.658748e-03, 1.457967e-06, 1.008913e-04, 7.085717e-05, 2.471545e-03, 1.312170e-05, 8.747799e-07, 1.261865e-01, 3.291233e-03, 0.000000e+00, 0.000000, 1.562500e-03, 0, 0.158705, 4.259598e-02 
1.137753e-01, 2.933137e-03, 3.090889e-05, 8.485365e-05, 3.528279e-05, 2.732812e-03, 1.341329e-05, 3.586598e-05, 1.261835e-01, 3.286116e-03, 0.000000e+00, 0.000000, 7.812500e-04, 0, 0.102489, 3.298368e-02 
1.163107e-01, 2.535404e-03, 1.166373e-06, 5.715229e-05, 3.965669e-05, 2.423724e-03, 1.312170e-05, 5.831866e-07, 1.262011e-01, 3.314051e-03, 0.000000e+00, 0.000000, 7.812500e-04, 0, 0.104279, 3.365903e-02 
1.189339e-01, 2.623173e-03, 4.140625e-05, 5.627751e-05, 3.732394e-05, 2.440053e-03, 1.283011e-05, 3.528279e-05, 1.262017e-01, 3.315450e-03, 0.000000e+00, 0.000000, 7.812500e-04, 0, 0.139356, 3.745294e-02 
1.214154e-01, 2.481459e-03, 1.166373e-06, 5.540273e-05, 7.289833e-06, 2.404187e-03, 1.283011e-05, 5.831866e-07, 1.261978e-01, 3.309644e-03, 0.000000e+00, 0.000000, 7.812500e-04, 0, 0.158825, 4.259984e-02 
1.239706e-01, 2.555232e-03, 1.457967e-06, 5.598591e-05, 6.998239e-06, 2.405353e-03, 5.423636e-05, 3.120048e-05, 1.261978e-01, 3.309644e-03, 0.000000e+00, 0.000000, 3.906250e-04, 0, 0.102346, 3.295657e-02 
1.269186e-01, 2.948008e-03, 1.457967e-06, 5.540273e-05, 6.415053e-06, 2.830496e-03, 5.336158e-05, 8.747799e-07, 1.262013e-01, 3.315192e-03, 0.000000e+00, 0.000000, 3.906250e-04, 0, 0.104269, 3.365882e-02 
1.294120e-01, 2.493414e-03, 1.166373e-06, 5.656910e-05, 7.289833e-06, 2.414101e-03, 1.341329e-05, 8.747799e-07, 1.262031e-01, 3.317969e-03, 0.000000e+00, 0.000000, 3.906250e-04, 0, 0.139375, 3.745523e-02 
1.318897e-01, 2.477668e-03, 1.166373e-06, 5.481954e-05, 6.706646e-06, 2.400979e-03, 1.312170e-05, 8.747799e-07, 1.262005e-01, 3.314020e-03, 0.000000e+00, 0.000000, 3.906250e-04, 0, 0.158861, 4.260457e-02 
1.344604e-01, 2.570687e-03, 3.265845e-05, 5.569432e-05, 6.706646e-06, 2.393398e-03, 1.283011e-05, 6.939921e-05, 1.262002e-01, 3.313644e-03, 0.000000e+00, 0.000000, 1.953125e-04, 0, 0.102314, 3.295154e-02 
1.369579e-01, 2.497497e-03, 1.457967e-06, 5.481954e-05, 6.706646e-06, 2.420516e-03, 1.312170e-05, 8.747799e-07, 1.262046e-01, 3.320561e-03, 0.000000e+00, 0.000000, 1.953125e-04, 0, 0.104237, 3.365168e-02 
1.394076e-01, 2.449675e-03, 1.166373e-06, 5.540273e-05, 6.706646e-06, 2.372403e-03, 1.312170e-05, 8.747799e-07, 1.262068e-01, 3.324052e-03, 0.000000e+00, 0.000000, 1.953125e-04, 0, 0.139427, 3.746079e-02 
1.418701e-01, 2.462505e-03, 1.457967e-06, 5.569432e-05, 7.289833e-06, 2.384650e-03, 1.283011e-05, 5.831866e-07, 1.262046e-01, 3.320562e-03, 0.000000e+00, 0.000000, 1.953125e-04, 0, 0.158910, 4.260817e-02 
1.443492e-01, 2.479126e-03, 1.166373e-06, 5.598591e-05, 6.706646e-06, 2.367154e-03, 1.312170e-05, 3.499120e-05, 1.262024e-01, 3.317123e-03, 0.000000e+00, 0.000000, 9.765625e-05, 0, 0.102292, 3.294747e-02 
1.467872e-01, 2.438012e-03, 1.457967e-06, 5.394476e-05, 6.706646e-06, 2.362489e-03, 1.283011e-05, 5.831866e-07, 1.262026e-01, 3.317496e-03, 0.000000e+00, 0.000000, 9.765625e-05, 0, 0.104257, 3.365585e-02 
1.492162e-01, 2.428972e-03, 1.166373e-06, 5.452795e-05, 6.706646e-06, 2.353158e-03, 1.253851e-05, 8.747799e-07, 1.262037e-01, 3.319217e-03, 0.000000e+00, 0.000000, 9.765625e-05, 0, 0.139391, 3.745685e-02 
1.516483e-01, 2.432180e-03, 1.166373e-06, 5.423636e-05, 6.706646e-06, 2.356366e-03, 1.283011e-05, 8.747799e-07, 1.262037e-01, 3.319069e-03, 0.000000e+00, 0.000000, 9.765625e-05, 0, 0.158899, 4.260776e-02 
1.548573e-01, 3.208984e-03, 1.166373e-06, 5.452795e-05, 6.706646e-06, 3.096138e-03, 1.253851e-05, 3.790713e-05, 1.262032e-01, 3.318341e-03, 0.000000e+00, 0.000000, 4.882813e-05, 0, 0.102283, 3.294623e-02 
1.573295e-01, 2.472128e-03, 1.166373e-06, 5.511113e-05, 6.706646e-06, 2.396022e-03, 1.253851e-05, 5.831866e-07, 1.262032e-01, 3.318341e-03, 0.000000e+00, 0.000000, 4.882813e-05, 0, 0.104253, 3.365447e-02 
1.597707e-01, 2.441219e-03, 1.166373e-06, 5.452795e-05, 6.706646e-06, 2.365405e-03, 1.283011e-05, 5.831866e-07, 1.262034e-01, 3.318675e-03, 0.000000e+00, 0.000000, 4.882813e-05, 0, 0.139387, 3.745605e-02 
1.622064e-01, 2.435679e-03, 1.166373e-06, 5.394476e-05, 6.998239e-06, 2.360156e-03, 1.283011e-05, 5.831866e-07, 1.262032e-01, 3.318340e-03, 0.000000e+00, 0.000000, 4.882813e-05, 0, 0.158892, 4.260686e-02 
1.646403e-01, 2.433929e-03, 1.749560e-06, 5.423636e-05, 6.706646e-06, 2.357240e-03, 1.283011e-05, 1.166373e-06, 1.262026e-01, 3.317480e-03, 0.000000e+00, 0.000000, 2.441406e-05, 0, 0.102289, 3.294728e-02 
1.670731e-01, 2.432763e-03, 1.166373e-06, 5.423636e-05, 6.998239e-06, 2.356949e-03, 1.283011e-05, 5.831866e-07, 1.262029e-01, 3.317844e-03, 0.000000e+00, 0.000000, 2.441406e-05, 0, 0.104256, 3.365519e-02 
1.703127e-01, 3.239602e-03, 1.166373e-06, 5.481954e-05, 6.415053e-06, 3.158539e-03, 1.720401e-05, 1.457967e-06, 1.262032e-01, 3.318276e-03, 0.000000e+00, 0.000000, 2.441406e-05, 0, 0.139384, 3.745569e-02 
1.738692e-01, 3.556564e-03, 2.041153e-06, 7.668904e-05, 8.747799e-06, 3.450132e-03, 1.778719e-05, 1.166373e-06, 1.262031e-01, 3.318200e-03, 0.000000e+00, 0.000000, 2.441406e-05, 0, 0.158891, 4.260683e-02 
1.770033e-01, 3.134045e-03, 1.749560e-06, 2.484375e-04, 1.020577e-05, 2.858781e-03, 1.312170e-05, 1.749560e-06, 1.262030e-01, 3.317953e-03, 0.000000e+00, 0.000000, 1.220703e-05, 0, 0.102286, 3.294669e-02 
1.794836e-01, 2.480293e-03, 1.457967e-06, 5.598591e-05, 7.289833e-06, 2.401854e-03, 1.283011e-05, 8.747799e-07, 1.262030e-01, 3.317953e-03, 0.000000e+00, 0.000000, 1.220703e-05, 0, 0.104255, 3.365490e-02 
1.819294e-01, 2.445885e-03, 1.166373e-06, 5.540273e-05, 6.706646e-06, 2.368904e-03, 1.283011e-05, 8.747799e-07, 1.262030e-01, 3.318045e-03, 0.000000e+00, 0.000000, 1.220703e-05, 0, 0.139382, 3.745538e-02 
1.844517e-01, 2.522282e-03, 1.749560e-06, 8.252091e-05, 9.330986e-06, 2.414976e-03, 1.312170e-05, 5.831866e-07, 1.262030e-01, 3.318026e-03, 0.000000e+00, 0.000000, 1.220703e-05, 0, 0.158890, 4.260668e-02 
1.869676e-01, 2.515867e-03, 1.166373e-06, 5.540273e-05, 6.998239e-06, 2.438595e-03, 1.253851e-05, 1.166373e-06, 1.262029e-01, 3.317811e-03, 0.000000e+00, 0.000000, 6.103516e-06, 0, 0.102287, 3.294686e-02 
1.896185e-01, 2.650875e-03, 1.749560e-06, 6.998239e-05, 8.747799e-06, 2.556399e-03, 1.312170e-05, 8.747799e-07, 1.262029e-01, 3.317811e-03, 0.000000e+00, 0.000000, 6.103516e-06, 0, 0.104256, 3.365509e-02 
1.921562e-01, 2.537737e-03, 1.166373e-06, 5.977663e-05, 7.289833e-06, 2.456090e-03, 1.253851e-05, 8.747799e-07, 1.262029e-01, 3.317928e-03, 0.000000e+00, 0.000000, 6.103516e-06, 0, 0.139381, 3.745523e-02 
1.945898e-01, 2.433638e-03, 1.166373e-06, 5.423636e-05, 6.415053e-06, 2.358407e-03, 1.283011e-05, 5.831866e-07, 1.262029e-01, 3.317923e-03, 0.000000e+00, 0.000000, 6.103516e-06, 0, 0.158889, 4.260661e-02 
1.970920e-01, 2.502162e-03, 1.457967e-06, 5.452795e-05, 6.706646e-06, 2.425182e-03, 1.312170e-05, 1.166373e-06, 1.262029e-01, 3.317903e-03, 0.000000e+00, 0.000000, 3.051758e-06, 0, 0.102286, 3.294673e-02 
1.995787e-01, 2.486708e-03, 1.166373e-06, 5.569432e-05, 6.998239e-06, 2.409144e-03, 1.312170e-05, 5.831866e-07, 1.262030e-01, 3.317949e-03, 0.000000e+00, 0.000000, 3.051758e-06, 0, 0.104255, 3.365492e-02 
2.020319e-01, 2.453174e-03, 1.166373e-06, 5.540273e-05, 6.706646e-06, 2.376194e-03, 1.283011e-05, 8.747799e-07, 1.262030e-01, 3.317972e-03, 0.000000e+00, 0.000000, 3.051758e-06, 0, 0.139381, 3.745525e-02 
2.047361e-01, 2.704236e-03, 1.166373e-06, 5.481954e-05, 6.706646e-06, 2.627547e-03, 1.312170e-05, 8.747799e-07, 1.262030e-01, 3.317967e-03, 0.000000e+00, 0.000000, 3.051758e-06, 0, 0.158890, 4.260665e-02 
2.072030e-01, 2.466879e-03, 1.166373e-06, 5.627751e-05, 6.998239e-06, 2.388732e-03, 1.283011e-05, 8.747799e-07, 1.262030e-01, 3.317961e-03, 0.000000e+00, 0.000000, 1.525879e-06, 0, 0.102286, 3.294666e-02 
2.096582e-01, 2.455216e-03, 1.166373e-06, 5.511113e-05, 6.998239e-06, 2.378235e-03, 1.312170e-05, 5.831866e-07, 1.262030e-01, 3.317984e-03, 0.000000e+00, 0.000000, 1.525879e-06, 0, 0.104255, 3.365489e-02 
2.122134e-01, 2.555232e-03, 1.166373e-06, 5.511113e-05, 6.706646e-06, 2.478252e-03, 1.312170e-05, 8.747799e-07, 1.262030e-01, 3.318011e-03, 0.000000e+00, 0.000000, 1.525879e-06, 0, 0.139382, 3.745527e-02 
2.146754e-01, 2.461922e-03, 1.457967e-06, 5.569432e-05, 7.289833e-06, 2.383775e-03, 1.312170e-05, 5.831866e-07, 1.262030e-01, 3.318008e-03, 0.000000e+00, 0.000000, 1.525879e-06, 0, 0.158890, 4.260668e-02 
2.171236e-01, 2.448217e-03, 1.166373e-06, 5.511113e-05, 6.998239e-06, 2.370654e-03, 1.312170e-05, 1.166373e-06, 1.262030e-01, 3.317998e-03, 0.000000e+00, 0.000000, 7.629395e-07, 0, 0.102285, 3.294661e-02 
2.196033e-01, 2.479709e-03, 1.166373e-06, 5.481954e-05, 6.706646e-06, 2.403312e-03, 1.312170e-05, 5.831866e-07, 1.262030e-01, 3.318027e-03, 0.000000e+00, 0.000000, 7.629395e-07, 0, 0.104255, 3.365483e-02 
2.220506e-01, 2.447343e-03, 1.166373e-06, 5.511113e-05, 6.706646e-06, 2.370654e-03, 1.283011e-05, 8.747799e-07, 1.262030e-01, 3.318032e-03, 0.000000e+00, 0.000000, 7.629395e-07, 0, 0.139382, 3.745529e-02 
2.244796e-01, 2.428972e-03, 1.166373e-06, 5.423636e-05, 6.706646e-06, 2.353450e-03, 1.283011e-05, 5.831866e-07, 1.262030e-01, 3.318030e-03, 0.000000e+00, 0.000000, 7.629395e-07, 0, 0.158890, 4.260669e-02 
2.274734e-01, 2.993788e-03, 1.166373e-06, 5.423636e-05, 6.706646e-06, 2.914767e-03, 1.545445e-05, 1.457967e-06, 1.262030e-01, 3.318029e-03, 0.000000e+00, 0.000000, 3.814697e-07, 0, 0.102285, 3.294657e-02 
2.304695e-01, 2.996121e-03, 1.457967e-06, 6.823283e-05, 8.456206e-06, 2.901353e-03, 1.574604e-05, 8.747799e-07, 1.262030e-01, 3.318042e-03, 0.000000e+00, 0.000000, 3.814697e-07, 0, 0.104255, 3.365481e-02 
2.334887e-01, 3.019157e-03, 1.457967e-06, 6.852443e-05, 7.873019e-06, 2.923806e-03, 1.632923e-05, 1.166373e-06, 1.262030e-01, 3.318043e-03, 0.000000e+00, 0.000000, 3.814697e-07, 0, 0.139382, 3.745529e-02 
2.365247e-01, 3.036070e-03, 1.749560e-06, 6.910761e-05, 8.456206e-06, 2.940135e-03, 1.574604e-05, 8.747799e-07, 1.262030e-01, 3.318042e-03, 0.000000e+00, 0.000000, 3.814697e-07, 0, 0.158890, 4.260670e-02 
2.398807e-01, 3.355947e-03, 1.749560e-06, 6.852443e-05, 8.456206e-06, 3.260013e-03, 1.632923e-05, 8.747799e-07, 1.262030e-01, 3.318041e-03, 0.000000e+00, 0.000000, 3.814697e-07, 0, 0.102285, 3.294656e-02 
0.500000, 0, 0, 0, 0, 0, 0, 0, 0, 0, 0, 0, 0, 0, 0 ,0