TRM WS=1, MS=2, TRMstep=0: ub=0.800000, lb=0.200000, grow=2.000000,shrink=0.500000, b_w=2,b_m=4, lr=0.400000, lambda=0.000000, n=9, n0=2, n1=2, n2=1, sub_tol=0.001000, sub_maxit=1000, tol=1.000000e-08, m=4, nobias=0 
time, iter_t, subset_m_time, g_time, subset_w_time, p1_time, t2, t3, total error, total gmag, rho, sigma, gamma, step, approx error, approx gmag 
3.416307e-03, 3.416307e-03, 9.622579e-06, 7.902179e-05, 7.289833e-06, 3.302586e-03, 1.632923e-05, 1.457967e-06, 1.356529e-01, 1.074710e-02, 0.000000e+00, 0.000000, 4.000000e-01, 0, 0.135653, 1.074710e-02 
6.236598e-03, 2.820290e-03, 8.747799e-06, 7.552267e-05, 7.289833e-06, 2.714150e-03, 1.312170e-05, 1.457967e-06, 1.297772e-01, 7.429825e-03, 0.000000e+00, 0.000000, 4.000000e-01, 0, 0.129777, 7.429825e-03 
9.285789e-03, 3.049191e-03, 8.164613e-06, 7.464789e-05, 6.415053e-06, 2.945967e-03, 1.312170e-05, 8.747799e-07, 1.261444e-01, 3.652695e-03, 0.000000e+00, 0.000000, 4.000000e-01, 0, 0.126144, 3.652695e-03 
1.214632e-02, 2.860530e-03, 8.164613e-06, 7.464789e-05, 6.123459e-06, 2.757598e-03, 1.312170e-05, 8.747799e-07, 1.250297e-01, 6.694120e-05, 0.000000e+00, 0.000000, 4.000000e-01, 0, 0.125030, 6.694120e-05 
1.493162e-02, 2.785299e-03, 7.873019e-06, 7.289833e-05, 5.831866e-06, 2.684408e-03, 1.283011e-05, 1.457967e-06, 1.250028e-01, 9.589691e-05, 0.000000e+00, 0.000000, 2.000000e-01, 0, 0.125003, 9.589691e-05 
1.780381e-02, 2.872194e-03, 7.581426e-06, 7.348151e-05, 6.123459e-06, 2.771303e-03, 1.283011e-05, 8.747799e-07, 1.249942e-01, 2.297471e-04, 0.000000e+00, 0.000000, 1.000000e-01, 0, 0.124994, 2.297471e-04 
2.060602e-02, 2.802212e-03, 7.873019e-06, 7.464789e-05, 6.123459e-06, 2.699571e-03, 1.312170e-05, 8.747799e-07, 1.249745e-01, 4.631835e-05, 0.000000e+00, 0.000000, 5.000000e-02, 0, 0.124975, 4.631835e-05 
2.361031e-02, 3.004286e-03, 7.873019e-06, 7.814701e-05, 6.123459e-06, 2.898437e-03, 1.283011e-05, 8.747799e-07, 1.249691e-01, 5.577921e-05, 0.000000e+00, 0.000000, 5.000000e-02, 0, 0.124969, 5.577921e-05 
0.500000, 0, 0, 0, 0, 0, 0, 0, 0, 0, 0, 0, 0, 0, 0 ,0