TRM WS=1, MS=2, TRMstep=0: ub=0.800000, lb=0.200000, grow=2.000000,shrink=0.500000, b_w=2,b_m=4, lr=0.400000, lambda=0.000000, n=9, n0=2, n1=2, n2=1, sub_tol=0.001000, sub_maxit=1000, tol=1.000000e-08, m=4, nobias=0 
time, iter_t, subset_m_time, g_time, subset_w_time, p1_time, t2, t3, total error, total gmag, rho, sigma, gamma, step, approx error, approx gmag 
3.510783e-03, 3.510783e-03, 1.020577e-05, 9.272667e-05, 8.164613e-06, 3.381608e-03, 1.662082e-05, 1.457967e-06, 1.379100e-01, 1.109297e-02, 0.000000e+00, 0.000000, 4.000000e-01, 0, 0.137910, 1.109297e-02 
6.321743e-03, 2.810959e-03, 8.747799e-06, 7.610585e-05, 6.706646e-06, 2.704820e-03, 1.341329e-05, 1.166373e-06, 1.296961e-01, 7.088640e-03, 0.000000e+00, 0.000000, 4.000000e-01, 0, 0.129696, 7.088640e-03 
9.202685e-03, 2.880942e-03, 8.456206e-06, 8.047975e-05, 8.164613e-06, 2.769845e-03, 1.283011e-05, 1.166373e-06, 1.289928e-01, 6.362064e-03, 0.000000e+00, 0.000000, 2.000000e-01, 0, 0.128993, 6.362064e-03 
1.198332e-02, 2.780634e-03, 8.164613e-06, 7.435629e-05, 6.123459e-06, 2.678868e-03, 1.253851e-05, 5.831866e-07, 1.259163e-01, 3.145651e-03, 0.000000e+00, 0.000000, 2.000000e-01, 0, 0.125916, 3.145651e-03 
1.491412e-02, 2.930804e-03, 8.456206e-06, 7.960497e-05, 6.415053e-06, 2.821457e-03, 1.370489e-05, 1.166373e-06, 1.251706e-01, 1.313224e-03, 0.000000e+00, 0.000000, 1.000000e-01, 0, 0.125171, 1.313224e-03 
1.820067e-02, 3.286548e-03, 8.456206e-06, 8.864437e-05, 6.123459e-06, 3.167870e-03, 1.428807e-05, 1.166373e-06, 1.250132e-01, 6.100059e-05, 0.000000e+00, 0.000000, 5.000000e-02, 0, 0.125013, 6.100059e-05 
2.123907e-02, 3.038402e-03, 9.330986e-06, 8.077135e-05, 6.998239e-06, 2.926430e-03, 1.370489e-05, 1.166373e-06, 1.250036e-01, 1.039942e-04, 0.000000e+00, 0.000000, 2.500000e-02, 0, 0.125004, 1.039942e-04 
2.425794e-02, 3.018866e-03, 8.456206e-06, 8.164613e-05, 6.415053e-06, 2.907185e-03, 1.399648e-05, 1.166373e-06, 1.250027e-01, 1.138284e-04, 0.000000e+00, 0.000000, 2.500000e-02, 0, 0.125003, 1.138284e-04 
0.750000, 0, 0, 0, 0, 0, 0, 0, 0, 0, 0, 0, 0, 0, 0 ,0