TRM WS=1, MS=0, TRMstep=1: ub=0.800000, lb=0.200000, grow=2.000000,shrink=0.500000, b_w=2,b_m=2, lr=1.000000, lambda=0.000000, n=9, n0=2, n1=2, n2=1, sub_tol=0.001000, sub_maxit=1000, tol=1.000000e-08, m=4, nobias=0 
time, iter_t, subset_m_time, g_time, subset_w_time, p1_time, t2, t3, total error, total gmag, rho, sigma, gamma, step, approx error, approx gmag 
1.432277e-02, 1.432277e-02, 0, 9.908341e-04, 1.160250e-03, 4.170367e-03, 2.321958e-03, 5.679363e-03, 1.251259e-01, 1.169031e-03, 9.594318e-01, -0.000105, 2.000000e+00, 1, 0.125126, 1.169031e-03 
2.447313e-02, 1.015036e-02, 0, 5.709397e-04, 4.849197e-04, 3.831828e-03, 1.696198e-03, 3.566478e-03, 1.250249e-01, 2.834456e-04, 1.194768e+00, -0.000728, 4.000000e+00, 1, 0.125025, 2.834456e-04 
2.938094e-02, 4.907807e-03, 0, 1.236356e-04, 3.703235e-05, 3.226772e-03, 1.425016e-03, 9.535101e-05, 1.241554e-01, 1.176244e-03, 1.192195e+00, -0.000006, 4.000000e+00, 0, 0.124155, 1.176244e-03 
3.445875e-02, 5.077806e-03, 0, 1.522117e-04, 5.015405e-05, 3.373735e-03, 1.408104e-03, 9.360145e-05, 1.241479e-01, 1.185556e-03, 9.743479e-01, -0.000202, 4.000000e+00, 0, 0.124148, 1.185556e-03 
3.982465e-02, 5.365900e-03, 0, 1.370489e-04, 5.511113e-05, 3.052690e-03, 1.228774e-03, 8.922755e-04, 1.239511e-01, 8.619959e-04, 6.440323e-01, -0.003259, 4.000000e+00, 1, 0.123951, 8.619959e-04 
4.414956e-02, 4.324912e-03, 0, 1.011829e-04, 4.636334e-05, 3.011576e-03, 1.071605e-03, 9.418464e-05, 1.218521e-01, 1.337765e-03, 9.990603e-01, -0.000061, 4.000000e+00, 0, 0.121852, 1.337765e-03 
4.941398e-02, 5.264426e-03, 0, 1.061400e-04, 7.610585e-05, 3.200237e-03, 1.781344e-03, 1.005997e-04, 1.217915e-01, 1.256609e-03, 8.288286e-01, -0.000687, 4.000000e+00, 0, 0.121791, 1.256609e-03 
5.435649e-02, 4.942507e-03, 0, 1.000165e-04, 7.260673e-05, 3.234645e-03, 1.434056e-03, 1.011829e-04, 1.212222e-01, 1.582032e-03, 1.229775e+00, -0.000052, 4.000000e+00, 0, 0.121222, 1.582032e-03 
5.898174e-02, 4.625253e-03, 0, 9.826694e-05, 6.385893e-05, 3.094388e-03, 1.273680e-03, 9.505942e-05, 1.211586e-01, 1.676751e-03, 4.598450e-01, -0.012591, 4.000000e+00, 1, 0.121159, 1.676751e-03 
6.420389e-02, 5.222145e-03, 0, 9.330986e-05, 5.481954e-05, 3.201695e-03, 1.429974e-03, 4.423470e-04, 1.153686e-01, 4.925754e-03, -4.321306e-01, 0.004161, 2.000000e+00, 1, 0.115369, 4.925754e-03 
6.901664e-02, 4.812748e-03, 0, 1.070147e-04, 6.385893e-05, 3.237560e-03, 1.291467e-03, 1.128466e-04, 1.153686e-01, 4.925754e-03, 5.347058e-01, -0.015533, 2.000000e+00, 1, 0.115369, 4.925754e-03 
7.370283e-02, 4.686196e-03, 0, 1.075979e-04, 4.373900e-05, 2.992331e-03, 1.433181e-03, 1.093475e-04, 1.070630e-01, 1.058170e-02, 1.050625e+00, -0.002150, 2.000000e+00, 0, 0.107063, 1.058170e-02 
7.850829e-02, 4.805458e-03, 0, 1.498790e-04, 7.814701e-05, 3.081558e-03, 1.425308e-03, 7.056558e-05, 1.048046e-01, 6.709546e-03, 9.473590e-01, -0.003632, 2.000000e+00, 0, 0.104805, 6.709546e-03 
8.343243e-02, 4.924136e-03, 0, 1.210112e-04, 4.169784e-05, 3.154456e-03, 1.484793e-03, 1.221776e-04, 1.013641e-01, 3.927047e-03, 1.834976e+01, -0.000026, 4.000000e+00, 1, 0.101364, 3.927047e-03 
8.815653e-02, 4.724103e-03, 0, 9.739216e-05, 5.132042e-05, 3.072519e-03, 1.370489e-03, 1.323834e-04, 1.008899e-01, 3.843339e-03, -4.509076e-01, 0.000252, 2.000000e+00, 1, 0.100890, 3.843339e-03 
9.289259e-02, 4.736058e-03, 0, 9.710057e-05, 6.852443e-05, 3.059397e-03, 1.384485e-03, 1.265515e-04, 1.008899e-01, 3.843339e-03, 1.062871e+00, -0.002554, 4.000000e+00, 1, 0.100890, 3.843339e-03 
9.763798e-02, 4.745389e-03, 0, 1.414228e-04, 5.277839e-05, 3.021490e-03, 1.467006e-03, 6.269256e-05, 9.817501e-02, 5.009749e-03, 1.223852e+00, -0.001214, 4.000000e+00, 0, 0.098175, 5.009749e-03 
1.026315e-01, 4.993535e-03, 0, 1.309254e-04, 9.010233e-05, 3.194405e-03, 1.505496e-03, 7.260673e-05, 9.668967e-02, 5.410622e-03, 1.229477e+00, -0.001220, 4.000000e+00, 0, 0.096690, 5.410622e-03 
1.075145e-01, 4.883022e-03, 0, 1.434639e-04, 1.023493e-04, 3.140168e-03, 1.421226e-03, 7.581426e-05, 9.519021e-02, 5.370684e-03, 9.652901e-01, -0.002553, 4.000000e+00, 0, 0.095190, 5.370684e-03 
1.122007e-01, 4.686196e-03, 0, 1.399648e-04, 5.569432e-05, 2.988540e-03, 1.428807e-03, 7.318992e-05, 9.272552e-02, 3.016379e-03, 6.737057e+00, -0.000110, 8.000000e+00, 1, 0.092726, 3.016379e-03 
1.175241e-01, 5.323327e-03, 0, 1.248019e-04, 7.639745e-05, 3.372860e-03, 1.676953e-03, 7.231514e-05, 9.198772e-02, 3.071737e-03, -4.272500e-02, 0.004360, 4.000000e+00, 1, 0.091988, 3.071737e-03 
1.222569e-01, 4.732851e-03, 0, 1.073063e-04, 8.602003e-05, 3.361488e-03, 1.065774e-03, 1.122634e-04, 9.198772e-02, 3.071737e-03, 1.000016e+00, -0.002672, 8.000000e+00, 1, 0.091988, 3.071737e-03 
1.270510e-01, 4.794086e-03, 0, 1.189701e-04, 3.265845e-05, 3.170786e-03, 1.400523e-03, 7.114877e-05, 8.931612e-02, 2.952500e-03, 1.013607e+00, -0.000012, 8.000000e+00, 0, 0.089316, 2.952500e-03 
1.315488e-01, 4.497827e-03, 0, 9.593420e-05, 3.586598e-05, 3.013908e-03, 1.231399e-03, 1.207196e-04, 8.930431e-02, 3.047751e-03, -2.670962e+00, -0.026038, 4.000000e+00, 1, 0.089304, 3.047751e-03 
1.363995e-01, 4.850655e-03, 0, 1.005997e-04, 6.181778e-05, 3.232603e-03, 1.337538e-03, 1.180953e-04, 8.930431e-02, 3.047751e-03, 1.478273e+00, 0.002997, 2.000000e+00, 0, 0.089304, 3.047751e-03 
1.409305e-01, 4.531068e-03, 0, 9.505942e-05, 5.394476e-05, 2.822040e-03, 1.348619e-03, 2.114051e-04, 8.930431e-02, 3.047751e-03, 1.346058e+00, -0.001113, 4.000000e+00, 1, 0.089304, 3.047751e-03 
1.459716e-01, 5.041065e-03, 0, 9.680898e-05, 3.440801e-05, 3.163787e-03, 1.623592e-03, 1.224692e-04, 8.780646e-02, 3.374607e-03, 1.002087e+00, -0.000034, 4.000000e+00, 0, 0.087806, 3.374607e-03 
1.504648e-01, 4.493161e-03, 0, 1.437555e-04, 3.586598e-05, 2.910393e-03, 1.289426e-03, 1.137214e-04, 8.777255e-02, 3.007896e-03, 1.225287e+00, -0.000021, 4.000000e+00, 0, 0.087773, 3.007896e-03 
1.550996e-01, 4.634876e-03, 0, 1.215944e-04, 3.324164e-05, 3.043651e-03, 1.329082e-03, 1.073063e-04, 8.774676e-02, 3.011648e-03, -2.477331e-01, 0.002995, 2.000000e+00, 1, 0.087747, 3.011648e-03 
1.595537e-01, 4.454088e-03, 0, 8.835277e-05, 7.289833e-06, 2.857031e-03, 1.372530e-03, 1.288842e-04, 8.774676e-02, 3.011648e-03, 1.320251e+00, -0.001651, 4.000000e+00, 1, 0.087747, 3.011648e-03 
1.643569e-01, 4.803125e-03, 0, 8.776959e-05, 6.706646e-06, 3.249224e-03, 1.355909e-03, 1.035156e-04, 8.556682e-02, 4.220309e-03, 1.225241e+00, -0.000104, 4.000000e+00, 0, 0.085567, 4.220309e-03 
1.686016e-01, 4.244724e-03, 0, 9.068552e-05, 6.998239e-06, 2.777135e-03, 1.266390e-03, 1.035156e-04, 8.543888e-02, 4.183819e-03, -9.198094e-01, 0.000071, 2.000000e+00, 1, 0.085439, 4.183819e-03 
1.728723e-01, 4.270676e-03, 0, 8.776959e-05, 7.289833e-06, 3.025572e-03, 9.727553e-04, 1.772887e-04, 8.543888e-02, 4.183819e-03, 9.777949e-01, -0.003179, 4.000000e+00, 1, 0.085439, 4.183819e-03 
1.771103e-01, 4.238017e-03, 0, 8.864437e-05, 6.998239e-06, 3.001661e-03, 1.066065e-03, 7.464789e-05, 8.233041e-02, 2.901403e-03, -2.451618e-01, 0.000218, 2.000000e+00, 1, 0.082330, 2.901403e-03 
1.812544e-01, 4.144124e-03, 0, 8.776959e-05, 6.998239e-06, 2.936345e-03, 9.785871e-04, 1.344245e-04, 8.233041e-02, 2.901403e-03, 3.877398e+00, -0.000016, 4.000000e+00, 1, 0.082330, 2.901403e-03 
1.856184e-01, 4.363985e-03, 0, 8.776959e-05, 3.411642e-05, 2.857906e-03, 1.279803e-03, 1.043904e-04, 8.226825e-02, 2.659145e-03, 1.329685e+00, -0.000729, 8.000000e+00, 1, 0.082268, 2.659145e-03 
1.896348e-01, 4.016406e-03, 0, 8.864437e-05, 8.718640e-05, 2.808627e-03, 9.526353e-04, 7.931338e-05, 8.129931e-02, 2.789368e-03, 8.122059e-01, 0.011358, 4.000000e+00, 0, 0.081299, 2.789368e-03 
1.941227e-01, 4.487913e-03, 0, 8.776959e-05, 9.885013e-05, 2.999329e-03, 1.260558e-03, 4.140625e-05, 8.129931e-02, 2.789368e-03, 8.123531e-01, 0.011356, 2.000000e+00, 0, 0.081299, 2.789368e-03 
1.985587e-01, 4.436009e-03, 0, 8.689481e-05, 6.910761e-05, 2.866945e-03, 1.294383e-03, 1.186785e-04, 8.129931e-02, 2.789368e-03, 3.184706e+00, -0.001529, 4.000000e+00, 1, 0.081299, 2.789368e-03 
2.030122e-01, 4.453505e-03, 0, 8.747799e-05, 6.764965e-05, 2.964046e-03, 1.266681e-03, 6.764965e-05, 7.643131e-02, 2.034208e-03, -2.860307e-01, -0.035034, 2.000000e+00, 1, 0.076431, 2.034208e-03 
2.069595e-01, 3.947299e-03, 0, 1.011829e-04, 4.548856e-05, 2.761680e-03, 9.584672e-04, 8.047975e-05, 7.643131e-02, 2.034208e-03, 9.782786e-01, -0.000130, 4.000000e+00, 1, 0.076431, 2.034208e-03 
2.113419e-01, 4.382356e-03, 0, 9.768376e-05, 7.289833e-06, 2.834579e-03, 1.397024e-03, 4.578015e-05, 7.630454e-02, 1.569041e-03, 1.232467e+00, -0.000095, 4.000000e+00, 0, 0.076305, 1.569041e-03 
2.155055e-01, 4.163661e-03, 0, 1.323834e-04, 6.998239e-06, 2.755557e-03, 1.264057e-03, 4.665493e-06, 7.618710e-02, 1.560796e-03, -2.369690e-01, 0.000362, 2.000000e+00, 1, 0.076187, 1.560796e-03 
2.198287e-01, 4.323162e-03, 0, 1.274263e-04, 6.706646e-06, 2.964338e-03, 1.143921e-03, 8.077135e-05, 7.618710e-02, 1.560796e-03, 5.496248e-01, -0.015877, 2.000000e+00, 1, 0.076187, 1.560796e-03 
2.238270e-01, 3.998327e-03, 0, 8.806118e-05, 6.706646e-06, 2.893480e-03, 9.905425e-04, 1.953675e-05, 6.746086e-02, 6.067416e-03, 8.665448e-01, -0.002953, 4.000000e+00, 1, 0.067461, 6.067416e-03 
2.279676e-01, 4.140625e-03, 0, 8.631162e-05, 6.998239e-06, 2.778884e-03, 1.263474e-03, 4.957086e-06, 6.490162e-02, 8.060373e-04, -1.311482e-01, 0.007510, 2.000000e+00, 1, 0.064902, 8.060373e-04 
2.321258e-01, 4.158121e-03, 0, 8.689481e-05, 6.706646e-06, 2.790840e-03, 1.253851e-03, 1.982834e-05, 6.490162e-02, 8.060373e-04, 1.392701e+00, -0.000360, 4.000000e+00, 1, 0.064902, 8.060373e-04 
2.360687e-01, 3.942925e-03, 0, 8.602003e-05, 6.998239e-06, 2.874818e-03, 9.488446e-04, 2.624340e-05, 6.440058e-02, 8.846642e-04, 1.006571e+00, -0.000137, 8.000000e+00, 1, 0.064401, 8.846642e-04 
2.399944e-01, 3.925721e-03, 0, 1.583352e-04, 6.998239e-06, 2.781509e-03, 9.593420e-04, 1.953675e-05, 6.426242e-02, 9.672799e-04, 1.505692e+00, -0.000419, 1.600000e+01, 1, 0.064262, 9.672799e-04 
2.443992e-01, 4.404808e-03, 0, 8.689481e-05, 8.456206e-06, 2.933429e-03, 1.371072e-03, 4.957086e-06, 6.363215e-02, 5.538030e-04, -9.841622e-02, 0.000279, 8.000000e+00, 1, 0.063632, 5.538030e-04 
2.487722e-01, 4.373025e-03, 0, 9.972491e-05, 6.998239e-06, 3.110717e-03, 1.131090e-03, 2.449384e-05, 6.363215e-02, 5.538030e-04, 1.063678e+00, -0.000045, 8.000000e+00, 0, 0.063632, 5.538030e-04 
2.531456e-01, 4.373316e-03, 0, 1.000165e-04, 8.456206e-06, 2.964629e-03, 1.280386e-03, 1.982834e-05, 6.358423e-02, 6.678552e-04, 1.291240e+00, -0.000215, 8.000000e+00, 0, 0.063584, 6.678552e-04 
2.575848e-01, 4.439217e-03, 0, 8.689481e-05, 6.998239e-06, 2.801337e-03, 1.523867e-03, 2.011994e-05, 6.330660e-02, 5.021947e-04, 1.254983e+00, -0.000113, 8.000000e+00, 0, 0.063307, 5.021947e-04 
2.618977e-01, 4.312957e-03, 0, 8.835277e-05, 7.581426e-06, 2.927014e-03, 1.270472e-03, 1.953675e-05, 6.316515e-02, 2.520423e-04, 1.249358e+00, -0.000212, 8.000000e+00, 0, 0.063165, 2.520423e-04 
2.658564e-01, 3.958671e-03, 0, 8.572843e-05, 6.706646e-06, 2.867529e-03, 9.794619e-04, 1.924516e-05, 6.290058e-02, 2.314351e-04, 9.999973e-01, -0.000000, 8.000000e+00, 0, 0.062901, 2.314351e-04 
2.697716e-01, 3.915223e-03, 0, 8.689481e-05, 6.706646e-06, 2.852366e-03, 9.637159e-04, 5.540273e-06, 6.290058e-02, 2.312586e-04, -7.000831e-02, 0.000137, 4.000000e+00, 1, 0.062901, 2.312586e-04 
2.744555e-01, 4.683863e-03, 0, 8.689481e-05, 6.998239e-06, 3.285382e-03, 1.299340e-03, 5.248680e-06, 6.290058e-02, 2.312586e-04, -1.611897e+00, 0.000134, 2.000000e+00, 1, 0.062901, 2.312586e-04 
2.783958e-01, 3.940300e-03, 0, 8.835277e-05, 6.998239e-06, 2.870736e-03, 9.546765e-04, 1.953675e-05, 6.290058e-02, 2.312586e-04, 1.284304e+00, -0.000016, 2.000000e+00, 0, 0.062901, 2.312586e-04 
2.826700e-01, 4.274175e-03, 0, 8.572843e-05, 6.706646e-06, 2.878609e-03, 1.283594e-03, 1.953675e-05, 6.287957e-02, 2.287968e-04, 1.328937e+00, -0.000133, 4.000000e+00, 1, 0.062880, 2.287968e-04 
2.868590e-01, 4.189029e-03, 0, 8.776959e-05, 6.706646e-06, 2.807460e-03, 1.267848e-03, 1.924516e-05, 6.270255e-02, 2.246680e-04, 3.363175e+00, -0.000002, 8.000000e+00, 1, 0.062703, 2.246680e-04 
2.912381e-01, 4.379148e-03, 0, 1.003081e-04, 7.581426e-06, 3.292963e-03, 9.581756e-04, 2.011994e-05, 6.269521e-02, 2.236464e-04, 1.266916e+00, -0.000001, 8.000000e+00, 0, 0.062695, 2.236464e-04 
2.950886e-01, 3.850490e-03, 0, 8.718640e-05, 6.998239e-06, 2.738936e-03, 1.012120e-03, 5.248680e-06, 6.269351e-02, 2.227958e-04, -1.807903e-01, 0.000031, 4.000000e+00, 1, 0.062694, 2.227958e-04 
2.993290e-01, 4.240350e-03, 0, 8.689481e-05, 6.998239e-06, 2.820290e-03, 1.304588e-03, 2.157790e-05, 6.269351e-02, 2.227958e-04, 2.237547e+00, -0.000001, 8.000000e+00, 1, 0.062694, 2.227958e-04 
3.039781e-01, 4.649164e-03, 0, 1.087643e-04, 7.289833e-06, 3.068728e-03, 1.444845e-03, 1.953675e-05, 6.269211e-02, 2.227475e-04, 1.259262e+00, -0.000041, 8.000000e+00, 0, 0.062692, 2.227475e-04 
3.080715e-01, 4.093387e-03, 0, 1.352993e-04, 8.456206e-06, 2.957631e-03, 9.724637e-04, 1.953675e-05, 6.264022e-02, 2.479512e-04, 1.265639e+00, -0.000001, 8.000000e+00, 0, 0.062640, 2.479512e-04 
3.122469e-01, 4.175325e-03, 0, 8.864437e-05, 6.998239e-06, 3.085640e-03, 9.742132e-04, 1.982834e-05, 6.263935e-02, 2.474633e-04, 9.998621e-01, -0.000003, 8.000000e+00, 0, 0.062639, 2.474633e-04 
3.164330e-01, 4.186114e-03, 0, 8.835277e-05, 6.998239e-06, 2.769553e-03, 1.300215e-03, 2.099472e-05, 6.263664e-02, 8.212719e-05, 1.265564e+00, -0.000015, 8.000000e+00, 0, 0.062637, 8.212719e-05 
3.208127e-01, 4.379731e-03, 0, 1.003081e-04, 8.456206e-06, 2.863155e-03, 1.385360e-03, 2.245268e-05, 6.261720e-02, 8.877362e-05, 1.267395e+00, -0.000006, 8.000000e+00, 0, 0.062617, 8.877362e-05 
3.247136e-01, 3.900935e-03, 0, 9.826694e-05, 7.581426e-06, 2.834579e-03, 9.549681e-04, 5.540273e-06, 6.260988e-02, 9.251035e-05, -5.215011e-01, 0.000002, 4.000000e+00, 1, 0.062610, 9.251035e-05 
3.288936e-01, 4.179990e-03, 0, 8.572843e-05, 6.998239e-06, 2.733979e-03, 1.332290e-03, 2.099472e-05, 6.260988e-02, 9.251035e-05, 1.814304e+00, -0.000002, 8.000000e+00, 1, 0.062610, 9.251035e-05 
3.328398e-01, 3.946132e-03, 0, 9.301826e-05, 7.289833e-06, 2.780342e-03, 1.044487e-03, 2.099472e-05, 6.260700e-02, 9.432069e-05, 1.148839e+00, -0.000000, 8.000000e+00, 0, 0.062607, 9.432069e-05 
3.371446e-01, 4.304792e-03, 0, 9.389304e-05, 7.289833e-06, 3.231437e-03, 9.523437e-04, 1.982834e-05, 6.260695e-02, 9.425779e-05, 1.186101e+00, -0.000000, 8.000000e+00, 0, 0.062607, 9.425779e-05 
3.412954e-01, 4.150831e-03, 0, 8.747799e-05, 6.706646e-06, 3.030238e-03, 1.006580e-03, 1.982834e-05, 6.260692e-02, 9.422978e-05, 1.000060e+00, -0.000001, 8.000000e+00, 0, 0.062607, 9.422978e-05 
3.452167e-01, 3.921347e-03, 0, 8.806118e-05, 6.706646e-06, 2.848283e-03, 9.584672e-04, 1.982834e-05, 6.260584e-02, 4.964046e-05, 1.000742e+00, -0.000000, 8.000000e+00, 0, 0.062606, 4.964046e-05 
3.492206e-01, 4.003868e-03, 0, 8.631162e-05, 6.998239e-06, 2.779759e-03, 1.125259e-03, 5.540273e-06, 6.260584e-02, 4.964647e-05, -1.936640e-02, 0.000100, 4.000000e+00, 1, 0.062606, 4.964647e-05 
3.532764e-01, 4.055771e-03, 0, 9.418464e-05, 7.289833e-06, 2.973669e-03, 9.756712e-04, 4.957086e-06, 6.260584e-02, 4.964647e-05, -2.536613e-01, 0.000000, 2.000000e+00, 1, 0.062606, 4.964647e-05 
3.571866e-01, 3.910266e-03, 0, 1.075979e-04, 6.998239e-06, 2.749433e-03, 1.024076e-03, 2.216109e-05, 6.260584e-02, 4.964647e-05, 1.000002e+00, -0.000000, 2.000000e+00, 0, 0.062606, 4.964647e-05 
3.613730e-01, 4.186405e-03, 0, 9.272667e-05, 7.581426e-06, 2.784424e-03, 1.281844e-03, 1.982834e-05, 6.260584e-02, 5.081834e-05, 1.243973e+00, -0.000000, 2.000000e+00, 0, 0.062606, 5.081834e-05 
3.654886e-01, 4.115548e-03, 0, 8.747799e-05, 6.706646e-06, 2.960255e-03, 1.056151e-03, 4.957086e-06, 6.260583e-02, 5.081547e-05, -2.025081e+00, 0.000001, 1.000000e+00, 1, 0.062606, 5.081547e-05 
3.694583e-01, 3.969751e-03, 0, 8.660321e-05, 6.998239e-06, 2.842452e-03, 1.012120e-03, 2.157790e-05, 6.260583e-02, 5.081547e-05, 9.999983e-01, -0.000000, 1.000000e+00, 0, 0.062606, 5.081547e-05 
3.729799e-01, 3.521572e-03, 0, 9.360145e-05, 7.289833e-06, 2.901062e-03, 4.980414e-04, 2.157790e-05, 6.260583e-02, 4.964888e-05, 1.273255e+00, -0.000001, 2.000000e+00, 1, 0.062606, 4.964888e-05 
3.768193e-01, 3.839409e-03, 0, 9.593420e-05, 6.706646e-06, 2.767220e-03, 9.500110e-04, 1.953675e-05, 6.260502e-02, 4.905020e-05, 9.999999e-01, -0.000000, 2.000000e+00, 0, 0.062605, 4.905020e-05 
3.802732e-01, 3.453923e-03, 0, 8.631162e-05, 6.998239e-06, 2.821748e-03, 5.172865e-04, 2.157790e-05, 6.260502e-02, 4.926936e-05, 8.705214e+06, -0.000000, 4.000000e+00, 1, 0.062605, 4.926936e-05 
3.841517e-01, 3.878483e-03, 0, 9.885013e-05, 7.581426e-06, 2.815333e-03, 9.517606e-04, 4.957086e-06, 6.260501e-02, 4.927033e-05, -2.431667e-01, 0.000002, 2.000000e+00, 1, 0.062605, 4.927033e-05 
3.882591e-01, 4.107383e-03, 0, 8.718640e-05, 6.998239e-06, 2.854407e-03, 1.138963e-03, 1.982834e-05, 6.260501e-02, 4.927033e-05, 1.203610e+00, -0.000000, 4.000000e+00, 1, 0.062605, 4.927033e-05 
3.921481e-01, 3.888980e-03, 0, 8.718640e-05, 6.998239e-06, 2.772761e-03, 9.902509e-04, 3.178367e-05, 6.260497e-02, 4.926314e-05, 9.999826e-01, -0.000001, 4.000000e+00, 0, 0.062605, 4.926314e-05 
3.963526e-01, 4.204484e-03, 0, 8.689481e-05, 6.706646e-06, 2.791714e-03, 1.299340e-03, 1.982834e-05, 6.260435e-02, 7.048150e-05, 1.251941e+00, -0.000001, 4.000000e+00, 0, 0.062604, 7.048150e-05 
4.009595e-01, 4.606883e-03, 0, 8.602003e-05, 6.706646e-06, 3.177784e-03, 1.331415e-03, 4.957086e-06, 6.260316e-02, 7.119834e-05, -1.033048e-01, 0.000950, 2.000000e+00, 1, 0.062603, 7.119834e-05 
4.049245e-01, 3.965086e-03, 0, 8.689481e-05, 7.289833e-06, 2.881817e-03, 9.695477e-04, 1.953675e-05, 6.260316e-02, 7.119834e-05, 1.000000e+00, -0.000000, 2.000000e+00, 0, 0.062603, 7.119834e-05 
4.083219e-01, 3.397354e-03, 0, 8.689481e-05, 6.706646e-06, 2.834870e-03, 4.642165e-04, 4.665493e-06, 6.260316e-02, 7.022110e-05, -2.706566e+04, 0.000000, 1.000000e+00, 1, 0.062603, 7.022110e-05 
4.126477e-01, 4.325787e-03, 0, 1.020577e-04, 6.706646e-06, 2.887649e-03, 1.309254e-03, 2.011994e-05, 6.260316e-02, 7.022110e-05, 1.369818e+00, -0.000000, 2.000000e+00, 1, 0.062603, 7.022110e-05 
4.165320e-01, 3.884314e-03, 0, 8.835277e-05, 6.998239e-06, 2.799587e-03, 9.698393e-04, 1.953675e-05, 6.260279e-02, 7.068193e-05, 1.000052e+00, -0.000001, 2.000000e+00, 0, 0.062603, 7.068193e-05 
4.204980e-01, 3.965961e-03, 0, 8.660321e-05, 6.706646e-06, 2.864321e-03, 9.887929e-04, 1.953675e-05, 6.260217e-02, 4.886115e-05, 9.999812e-01, -0.000001, 2.000000e+00, 0, 0.062602, 4.886115e-05 
4.243651e-01, 3.867110e-03, 0, 8.689481e-05, 6.706646e-06, 2.798713e-03, 9.552597e-04, 1.953675e-05, 6.260156e-02, 6.938578e-05, 1.000051e+00, -0.000001, 2.000000e+00, 0, 0.062602, 6.938578e-05 
4.289031e-01, 4.538067e-03, 0, 8.718640e-05, 6.998239e-06, 3.119465e-03, 1.303714e-03, 2.070312e-05, 6.260095e-02, 4.828644e-05, 1.581796e+00, -0.000001, 4.000000e+00, 1, 0.062601, 4.828644e-05 
4.331724e-01, 4.269218e-03, 0, 8.660321e-05, 6.998239e-06, 2.911268e-03, 1.244520e-03, 1.982834e-05, 6.259984e-02, 4.806212e-05, 1.000000e+00, -0.000000, 4.000000e+00, 0, 0.062600, 4.806212e-05 
4.370392e-01, 3.866819e-03, 0, 8.689481e-05, 6.998239e-06, 3.288006e-03, 4.799626e-04, 4.957086e-06, 6.259984e-02, 4.820757e-05, 4.142639e-01, 0.252890, 2.000000e+00, 1, 0.062600, 4.820757e-05 
4.404252e-01, 3.385981e-03, 0, 8.922755e-05, 6.998239e-06, 2.829621e-03, 4.551772e-04, 4.957086e-06, 6.259984e-02, 4.820757e-05, 9.210127e-01, 0.009354, 1.000000e+00, 1, 0.062600, 4.820757e-05 
4.440485e-01, 3.623338e-03, 0, 9.010233e-05, 6.706646e-06, 3.048608e-03, 4.578015e-04, 2.011994e-05, 6.259984e-02, 4.820757e-05, 1.264241e+00, -0.000000, 2.000000e+00, 1, 0.062600, 4.820757e-05 
4.484142e-01, 4.365735e-03, 0, 8.893596e-05, 6.998239e-06, 2.895230e-03, 1.354743e-03, 1.982834e-05, 6.259983e-02, 4.820784e-05, 1.043019e+00, -0.000000, 2.000000e+00, 0, 0.062600, 4.820784e-05 
4.551238e-01, 6.709562e-03, 0, 1.294674e-04, 9.330986e-06, 4.527861e-03, 2.015785e-03, 2.711818e-05, 6.259982e-02, 4.818400e-05, 1.388740e+00, -0.000000, 4.000000e+00, 1, 0.062600, 4.818400e-05 
4.602415e-01, 5.117754e-03, 0, 1.452135e-04, 1.224692e-05, 3.623047e-03, 1.316544e-03, 2.070312e-05, 6.259948e-02, 4.811320e-05, 1.017291e+00, -0.000000, 4.000000e+00, 0, 0.062599, 4.811320e-05 
4.647470e-01, 4.505408e-03, 0, 9.068552e-05, 7.289833e-06, 2.906019e-03, 1.463798e-03, 3.761554e-05, 6.259948e-02, 4.811118e-05, 9.999813e-01, -0.000001, 4.000000e+00, 0, 0.062599, 4.811118e-05 
4.695087e-01, 4.761719e-03, 0, 9.505942e-05, 7.289833e-06, 3.298212e-03, 1.340746e-03, 2.041153e-05, 6.259889e-02, 6.784050e-05, 1.264657e+00, -0.000000, 4.000000e+00, 0, 0.062599, 6.784050e-05 
4.739106e-01, 4.401893e-03, 0, 8.893596e-05, 6.998239e-06, 2.958797e-03, 1.341912e-03, 5.248680e-06, 6.259888e-02, 6.784091e-05, -3.301980e-01, 0.000000, 2.000000e+00, 1, 0.062599, 6.784091e-05 
4.782638e-01, 4.353196e-03, 0, 9.156030e-05, 7.289833e-06, 2.959089e-03, 1.274846e-03, 2.041153e-05, 6.259888e-02, 6.784091e-05, 1.288916e+00, -0.000000, 4.000000e+00, 1, 0.062599, 6.784091e-05 
4.832876e-01, 5.023861e-03, 0, 8.718640e-05, 6.998239e-06, 3.141335e-03, 1.768222e-03, 2.011994e-05, 6.259877e-02, 6.781812e-05, 1.261184e+00, -0.000000, 4.000000e+00, 0, 0.062599, 6.781812e-05 
4.873096e-01, 4.021946e-03, 0, 8.835277e-05, 6.998239e-06, 2.931096e-03, 9.759628e-04, 1.953675e-05, 6.259876e-02, 6.781924e-05, 1.000050e+00, -0.000001, 4.000000e+00, 0, 0.062599, 6.781924e-05 
4.914715e-01, 4.161911e-03, 0, 8.689481e-05, 6.998239e-06, 3.108385e-03, 9.540933e-04, 5.540273e-06, 6.259818e-02, 4.730216e-05, -2.452199e-01, 0.000000, 2.000000e+00, 1, 0.062598, 4.730216e-05 
4.959124e-01, 4.440966e-03, 0, 8.835277e-05, 6.998239e-06, 2.752932e-03, 1.557108e-03, 3.557438e-05, 6.259818e-02, 4.730216e-05, 1.259953e+00, -0.000000, 2.197346e+00, 0, 0.062598, 4.730216e-05 
5.000542e-01, 4.141791e-03, 0, 1.285926e-04, 9.622579e-06, 2.976001e-03, 1.007746e-03, 1.982834e-05, 6.259816e-02, 4.730223e-05, 1.027124e+00, -0.000001, 4.394693e+00, 1, 0.062598, 4.730223e-05 
5.044462e-01, 4.391978e-03, 0, 1.102223e-04, 6.998239e-06, 2.775677e-03, 1.478670e-03, 2.041153e-05, 6.259757e-02, 6.475138e-05, 1.235352e+00, -0.000000, 4.394693e+00, 0, 0.062598, 6.475138e-05 
5.087875e-01, 4.341241e-03, 0, 8.776959e-05, 6.998239e-06, 2.912142e-03, 1.314211e-03, 2.011994e-05, 6.259756e-02, 6.476039e-05, 1.134458e+00, -0.000000, 4.394693e+00, 0, 0.062598, 6.476039e-05 
5.137900e-01, 5.002575e-03, 0, 1.014745e-04, 7.289833e-06, 3.210151e-03, 1.663248e-03, 2.041153e-05, 6.259755e-02, 6.476495e-05, 1.237123e+00, -0.000000, 4.394693e+00, 0, 0.062598, 6.476495e-05 
5.177330e-01, 3.942925e-03, 0, 9.214348e-05, 1.049736e-05, 2.863738e-03, 9.511774e-04, 2.536862e-05, 6.259755e-02, 6.476462e-05, 1.000047e+00, -0.000001, 4.394693e+00, 0, 0.062598, 6.476462e-05 
5.218832e-01, 4.150248e-03, 0, 8.718640e-05, 6.706646e-06, 3.076893e-03, 9.596336e-04, 1.982834e-05, 6.259702e-02, 4.676534e-05, 1.000003e+00, -0.000000, 4.394693e+00, 0, 0.062597, 4.676534e-05 
5.260716e-01, 4.188446e-03, 0, 8.747799e-05, 6.998239e-06, 2.804253e-03, 1.270472e-03, 1.924516e-05, 6.259702e-02, 4.689473e-05, 1.247492e+00, -0.000000, 4.394693e+00, 0, 0.062597, 4.689473e-05 
5.311346e-01, 5.062935e-03, 0, 8.747799e-05, 6.998239e-06, 3.498828e-03, 1.449510e-03, 2.011994e-05, 6.259701e-02, 4.689206e-05, 1.264242e+00, -0.000000, 4.394693e+00, 0, 0.062597, 4.689206e-05 
5.356339e-01, 4.499285e-03, 0, 1.005997e-04, 7.289833e-06, 2.785299e-03, 1.585976e-03, 2.011994e-05, 6.259701e-02, 4.689206e-05, 1.150372e+00, -0.000000, 4.394693e+00, 0, 0.062597, 4.689206e-05 
5.398556e-01, 4.221688e-03, 0, 8.806118e-05, 6.706646e-06, 2.801628e-03, 1.305463e-03, 1.982834e-05, 6.259701e-02, 4.689132e-05, 1.208003e+00, -0.000000, 4.394693e+00, 0, 0.062597, 4.689132e-05 
5.442901e-01, 4.434551e-03, 0, 1.038072e-04, 9.914172e-06, 3.192072e-03, 1.063149e-03, 6.560849e-05, 6.259701e-02, 4.689119e-05, 1.012799e+00, -0.000000, 4.394693e+00, 0, 0.062597, 4.689119e-05 
5.478930e-01, 3.602927e-03, 0, 1.262599e-04, 1.020577e-05, 2.990581e-03, 4.703400e-04, 5.540273e-06, 6.259701e-02, 4.688920e-05, -1.876963e-01, 0.000000, 2.197346e+00, 1, 0.062597, 4.688920e-05 
5.520474e-01, 4.154330e-03, 0, 8.981074e-05, 6.998239e-06, 3.083308e-03, 9.692562e-04, 4.957086e-06, 6.259701e-02, 4.688920e-05, -5.588025e-01, 0.000000, 1.098673e+00, 1, 0.062597, 4.688920e-05 
5.559422e-01, 3.894812e-03, 0, 8.806118e-05, 6.706646e-06, 2.828747e-03, 9.514690e-04, 1.982834e-05, 6.259701e-02, 4.688920e-05, 1.345559e+00, -0.000000, 2.197346e+00, 1, 0.062597, 4.688920e-05 
5.601315e-01, 4.189321e-03, 0, 8.747799e-05, 6.706646e-06, 3.092930e-03, 9.823779e-04, 1.982834e-05, 6.259701e-02, 4.688344e-05, 1.000003e+00, -0.000000, 2.197346e+00, 0, 0.062597, 4.688344e-05 
5.646891e-01, 4.557603e-03, 0, 8.689481e-05, 1.632923e-05, 3.125880e-03, 1.308671e-03, 1.982834e-05, 6.259701e-02, 4.676628e-05, 1.002011e+00, -0.000000, 2.197346e+00, 0, 0.062597, 4.676628e-05 
5.696016e-01, 4.912472e-03, 0, 8.806118e-05, 6.998239e-06, 3.506118e-03, 1.290884e-03, 2.041153e-05, 6.259701e-02, 4.676619e-05, 1.260729e+00, -0.000000, 2.197346e+00, 0, 0.062597, 4.676619e-05 
5.735582e-01, 3.956630e-03, 0, 8.951915e-05, 7.289833e-06, 2.805128e-03, 1.033407e-03, 2.128631e-05, 6.259701e-02, 4.676620e-05, 9.999983e-01, -0.000000, 2.197346e+00, 0, 0.062597, 4.676620e-05 
5.775218e-01, 3.963628e-03, 0, 9.389304e-05, 7.289833e-06, 2.881525e-03, 9.613831e-04, 1.953675e-05, 6.259701e-02, 4.688872e-05, 1.000003e+00, -0.000000, 2.197346e+00, 0, 0.062597, 4.688872e-05 
5.809973e-01, 3.475501e-03, 0, 8.718640e-05, 6.998239e-06, 2.874527e-03, 5.012489e-04, 5.540273e-06, 6.259701e-02, 4.676583e-05, 9.500456e-01, 0.004489, 1.098673e+00, 1, 0.062597, 4.676583e-05 
5.853561e-01, 4.358737e-03, 0, 9.447623e-05, 7.289833e-06, 2.878318e-03, 1.358825e-03, 1.982834e-05, 6.259701e-02, 4.676583e-05, 1.264241e+00, -0.000000, 2.000000e+00, 0, 0.062597, 4.676583e-05 
5.893212e-01, 3.965086e-03, 0, 1.151794e-04, 1.078895e-05, 2.780925e-03, 1.037197e-03, 2.099472e-05, 6.259701e-02, 4.676584e-05, 9.999823e-01, -0.000001, 2.000000e+00, 0, 0.062597, 4.676584e-05 
5.936329e-01, 4.311790e-03, 0, 9.330986e-05, 7.289833e-06, 2.913892e-03, 1.277762e-03, 1.953675e-05, 6.259645e-02, 6.622511e-05, 1.052150e+00, -0.000000, 2.000000e+00, 0, 0.062596, 6.622511e-05 
5.981057e-01, 4.472750e-03, 0, 8.602003e-05, 6.706646e-06, 2.922348e-03, 1.437847e-03, 1.982834e-05, 6.259645e-02, 6.622567e-05, 1.259362e+00, -0.000000, 2.008829e+00, 0, 0.062596, 6.622567e-05 
6.020232e-01, 3.917556e-03, 0, 9.097711e-05, 6.998239e-06, 2.843035e-03, 9.567176e-04, 1.982834e-05, 6.259645e-02, 6.622519e-05, 1.032257e+00, -0.000000, 2.008829e+00, 0, 0.062596, 6.622519e-05 
6.059863e-01, 3.963045e-03, 0, 8.631162e-05, 6.998239e-06, 2.900770e-03, 9.497194e-04, 1.924516e-05, 6.259645e-02, 6.622317e-05, 1.000048e+00, -0.000001, 2.008829e+00, 0, 0.062596, 6.622317e-05 
6.105728e-01, 4.586471e-03, 0, 8.602003e-05, 6.706646e-06, 2.994955e-03, 1.479253e-03, 1.953675e-05, 6.259589e-02, 4.635581e-05, 1.051268e+00, -0.000000, 2.008829e+00, 0, 0.062596, 4.635581e-05 
6.148402e-01, 4.267468e-03, 0, 8.864437e-05, 6.998239e-06, 3.150666e-03, 1.001040e-03, 2.011994e-05, 6.259589e-02, 4.635558e-05, 1.005785e+00, -0.000000, 2.008829e+00, 0, 0.062596, 4.635558e-05 
6.188543e-01, 4.014073e-03, 0, 8.747799e-05, 6.998239e-06, 2.920307e-03, 9.788787e-04, 2.041153e-05, 6.259589e-02, 4.635920e-05, 9.999826e-01, -0.000001, 2.008829e+00, 0, 0.062596, 4.635920e-05 
6.233338e-01, 4.479456e-03, 0, 8.864437e-05, 6.998239e-06, 3.088556e-03, 1.289426e-03, 5.831866e-06, 6.259534e-02, 6.547565e-05, -4.665346e+01, 0.000000, 1.004415e+00, 1, 0.062595, 6.547565e-05 
6.275231e-01, 4.189321e-03, 0, 8.718640e-05, 6.998239e-06, 3.104594e-03, 9.707141e-04, 1.982834e-05, 6.259534e-02, 6.547565e-05, 1.000047e+00, -0.000001, 1.004415e+00, 0, 0.062595, 6.547565e-05 
6.314829e-01, 3.959837e-03, 0, 8.689481e-05, 6.998239e-06, 2.866362e-03, 9.797535e-04, 1.982834e-05, 6.259480e-02, 4.583711e-05, 9.828109e-01, -0.000000, 1.004415e+00, 0, 0.062595, 4.583711e-05 
6.356597e-01, 4.176783e-03, 0, 8.631162e-05, 6.706646e-06, 3.013325e-03, 1.048861e-03, 2.157790e-05, 6.259480e-02, 4.584045e-05, 9.999830e-01, -0.000001, 1.004415e+00, 0, 0.062595, 4.584045e-05 
6.399785e-01, 4.318788e-03, 0, 9.680898e-05, 7.581426e-06, 2.927597e-03, 1.267265e-03, 1.953675e-05, 6.259426e-02, 6.474302e-05, 1.229369e+00, -0.000000, 2.006706e+00, 0, 0.062594, 6.474302e-05 
6.440071e-01, 4.028653e-03, 0, 8.602003e-05, 6.998239e-06, 2.882983e-03, 1.033115e-03, 1.953675e-05, 6.259426e-02, 6.474293e-05, 1.000045e+00, -0.000001, 2.006706e+00, 0, 0.062594, 6.474293e-05 
6.479705e-01, 3.963336e-03, 0, 8.631162e-05, 6.998239e-06, 2.770428e-03, 1.094350e-03, 5.248680e-06, 6.259373e-02, 4.521165e-05, -5.976563e+00, 0.000000, 1.003353e+00, 1, 0.062594, 4.521165e-05 
6.521782e-01, 4.207691e-03, 0, 8.835277e-05, 6.998239e-06, 2.912726e-03, 1.178620e-03, 2.099472e-05, 6.259373e-02, 4.521165e-05, 9.999834e-01, -0.000001, 1.003353e+00, 0, 0.062594, 4.521165e-05 
6.564975e-01, 4.319372e-03, 0, 1.093475e-04, 1.807879e-05, 3.014783e-03, 1.157625e-03, 1.953675e-05, 6.259321e-02, 6.402922e-05, 1.277091e+00, -0.000000, 2.006706e+00, 1, 0.062593, 6.402922e-05 
6.609286e-01, 4.431052e-03, 0, 9.097711e-05, 6.998239e-06, 3.343117e-03, 9.707141e-04, 1.924516e-05, 6.259321e-02, 6.402895e-05, 1.000044e+00, -0.000001, 2.006706e+00, 0, 0.062593, 6.402895e-05 
6.659003e-01, 4.971666e-03, 0, 9.185189e-05, 6.998239e-06, 3.541692e-03, 1.310129e-03, 2.099472e-05, 6.259269e-02, 4.471779e-05, 1.218269e+00, -0.000000, 2.006706e+00, 0, 0.062593, 4.471779e-05 
6.704182e-01, 4.517947e-03, 0, 1.049736e-04, 7.873019e-06, 3.071935e-03, 1.311295e-03, 2.186950e-05, 6.259269e-02, 4.471779e-05, 9.473940e+00, -0.000000, 4.013412e+00, 1, 0.062593, 4.471779e-05 
6.747548e-01, 4.336576e-03, 0, 1.029324e-04, 8.164613e-06, 3.004577e-03, 1.214486e-03, 6.415053e-06, 6.259269e-02, 4.471779e-05, -2.429843e-01, 0.000000, 2.006706e+00, 1, 0.062593, 4.471779e-05 
6.798632e-01, 5.108423e-03, 0, 8.747799e-05, 6.998239e-06, 3.575517e-03, 1.432306e-03, 6.123459e-06, 6.259269e-02, 4.471779e-05, -9.608385e-01, 0.000090, 1.003353e+00, 1, 0.062593, 4.471779e-05 
6.840449e-01, 4.181740e-03, 0, 9.156030e-05, 9.039393e-06, 3.103428e-03, 9.561345e-04, 2.157790e-05, 6.259269e-02, 4.471779e-05, 9.999838e-01, -0.000001, 1.003353e+00, 0, 0.062593, 4.471779e-05 
6.881278e-01, 4.082889e-03, 0, 8.922755e-05, 6.998239e-06, 2.774510e-03, 1.190575e-03, 2.157790e-05, 6.259218e-02, 6.333055e-05, 1.262492e+00, -0.000000, 2.006706e+00, 1, 0.062592, 6.333055e-05 
6.927233e-01, 4.595511e-03, 0, 1.003081e-04, 6.998239e-06, 3.090889e-03, 1.376320e-03, 2.099472e-05, 6.259217e-02, 6.333066e-05, 1.264240e+00, -0.000000, 2.828427e+00, 0, 0.062592, 6.333066e-05 
