TRM WS=1, MS=2, TRMstep=0: ub=0.800000, lb=0.200000, grow=2.000000,shrink=0.500000, b_w=2,b_m=4, lr=0.400000, lambda=0.000000, n=9, n0=2, n1=2, n2=1, sub_tol=0.001000, sub_maxit=1000, tol=1.000000e-08, m=4, nobias=0 
time, iter_t, subset_m_time, g_time, subset_w_time, p1_time, t2, t3, total error, total gmag, rho, sigma, gamma, step, approx error, approx gmag 
3.665619e-03, 3.665619e-03, 1.049736e-05, 1.070147e-04, 8.747799e-06, 3.520698e-03, 1.749560e-05, 1.166373e-06, 1.507989e-01, 1.444909e-02, 0.000000e+00, 0.000000, 4.000000e-01, 0, 0.150799, 1.444909e-02 
6.629957e-03, 2.964338e-03, 8.747799e-06, 7.785541e-05, 7.581426e-06, 2.855573e-03, 1.341329e-05, 1.166373e-06, 1.408400e-01, 1.233931e-02, 0.000000e+00, 0.000000, 4.000000e-01, 0, 0.140840, 1.233931e-02 
9.480282e-03, 2.850325e-03, 9.914172e-06, 8.252091e-05, 5.831866e-06, 2.737770e-03, 1.341329e-05, 8.747799e-07, 1.286482e-01, 6.569671e-03, 0.000000e+00, 0.000000, 4.000000e-01, 0, 0.128648, 6.569671e-03 
1.307650e-02, 3.596220e-03, 8.164613e-06, 7.493948e-05, 6.123459e-06, 3.489206e-03, 1.662082e-05, 1.166373e-06, 1.256528e-01, 2.834088e-03, 0.000000e+00, 0.000000, 4.000000e-01, 0, 0.125653, 2.834088e-03 
1.657300e-02, 3.496495e-03, 1.049736e-05, 8.631162e-05, 7.581426e-06, 3.374318e-03, 1.603763e-05, 1.749560e-06, 1.250058e-01, 4.505246e-05, 0.000000e+00, 0.000000, 2.000000e-01, 0, 0.125006, 4.505246e-05 
2.009165e-02, 3.518656e-03, 1.253851e-05, 9.097711e-05, 7.289833e-06, 3.390647e-03, 1.574604e-05, 1.457967e-06, 1.249832e-01, 1.738260e-04, 0.000000e+00, 0.000000, 1.000000e-01, 0, 0.124983, 1.738260e-04 
2.320237e-02, 3.110717e-03, 9.914172e-06, 8.427047e-05, 7.289833e-06, 2.994080e-03, 1.399648e-05, 1.166373e-06, 1.249805e-01, 1.064535e-04, 0.000000e+00, 0.000000, 5.000000e-02, 0, 0.124980, 1.064535e-04 
2.625710e-02, 3.054731e-03, 8.747799e-06, 7.581426e-05, 6.415053e-06, 2.946842e-03, 1.574604e-05, 1.166373e-06, 1.249796e-01, 1.281529e-04, 0.000000e+00, 0.000000, 5.000000e-02, 0, 0.124980, 1.281529e-04 
0.500000, 0, 0, 0, 0, 0, 0, 0, 0, 0, 0, 0, 0, 0, 0 ,0