TRM WS=1, MS=2, TRMstep=0: ub=0.800000, lb=0.200000, grow=2.000000,shrink=0.500000, b_w=2,b_m=4, lr=0.400000, lambda=0.000000, n=9, n0=2, n1=2, n2=1, sub_tol=0.001000, sub_maxit=1000, tol=1.000000e-08, m=4, nobias=0 
time, iter_t, subset_m_time, g_time, subset_w_time, p1_time, t2, t3, total error, total gmag, rho, sigma, gamma, step, approx error, approx gmag 
2.987082e-03, 2.987082e-03, 9.039393e-06, 8.252091e-05, 6.706646e-06, 2.872194e-03, 1.545445e-05, 1.166373e-06, 1.380491e-01, 1.112584e-02, 0.000000e+00, 0.000000, 4.000000e-01, 0, 0.138049, 1.112584e-02 
5.782295e-03, 2.795213e-03, 7.873019e-06, 7.610585e-05, 6.123459e-06, 2.691115e-03, 1.283011e-05, 1.166373e-06, 1.302895e-01, 7.448937e-03, 0.000000e+00, 0.000000, 4.000000e-01, 0, 0.130289, 7.448937e-03 
8.724180e-03, 2.941885e-03, 7.873019e-06, 7.581426e-05, 6.123459e-06, 2.836911e-03, 1.399648e-05, 1.166373e-06, 1.300450e-01, 7.043180e-03, 0.000000e+00, 0.000000, 2.000000e-01, 0, 0.130045, 7.043180e-03 
1.181536e-02, 3.091181e-03, 8.747799e-06, 8.164613e-05, 6.706646e-06, 2.980375e-03, 1.283011e-05, 8.747799e-07, 1.252981e-01, 5.574200e-04, 0.000000e+00, 0.000000, 2.000000e-01, 0, 0.125298, 5.574200e-04 
1.459745e-02, 2.782092e-03, 8.164613e-06, 7.523107e-05, 6.415053e-06, 2.678285e-03, 1.312170e-05, 8.747799e-07, 1.250177e-01, 3.251521e-04, 0.000000e+00, 0.000000, 1.000000e-01, 0, 0.125018, 3.251521e-04 
1.743961e-02, 2.842160e-03, 7.873019e-06, 7.610585e-05, 6.415053e-06, 2.736895e-03, 1.399648e-05, 8.747799e-07, 1.249926e-01, 2.188816e-04, 0.000000e+00, 0.000000, 5.000000e-02, 0, 0.124993, 2.188816e-04 
2.026311e-02, 2.823498e-03, 8.456206e-06, 8.222931e-05, 6.706646e-06, 2.712109e-03, 1.312170e-05, 8.747799e-07, 1.249926e-01, 2.185391e-04, 0.000000e+00, 0.000000, 2.500000e-02, 0, 0.124993, 2.185391e-04 
2.312043e-02, 2.857323e-03, 7.581426e-06, 7.523107e-05, 6.123459e-06, 2.721732e-03, 4.578015e-05, 8.747799e-07, 1.249922e-01, 2.045190e-04, 0.000000e+00, 0.000000, 2.500000e-02, 0, 0.124992, 2.045190e-04 
0.500000, 0, 0, 0, 0, 0, 0, 0, 0, 0, 0, 0, 0, 0, 0 ,0