TRM WS=1, MS=2, TRMstep=0: ub=0.800000, lb=0.200000, grow=2.000000,shrink=0.500000, b_w=2,b_m=4, lr=0.400000, lambda=0.000000, n=9, n0=2, n1=2, n2=1, sub_tol=0.001000, sub_maxit=1000, tol=1.000000e-08, m=4, nobias=0 
time, iter_t, subset_m_time, g_time, subset_w_time, p1_time, t2, t3, total error, total gmag, rho, sigma, gamma, step, approx error, approx gmag 
3.269344e-03, 3.269344e-03, 9.039393e-06, 7.756382e-05, 6.998239e-06, 3.157664e-03, 1.691241e-05, 1.166373e-06, 1.346824e-01, 9.464826e-03, 0.000000e+00, 0.000000, 4.000000e-01, 0, 0.134682, 9.464826e-03 
6.094883e-03, 2.825539e-03, 8.747799e-06, 7.552267e-05, 6.998239e-06, 2.720274e-03, 1.312170e-05, 8.747799e-07, 1.303581e-01, 7.352781e-03, 0.000000e+00, 0.000000, 4.000000e-01, 0, 0.130358, 7.352781e-03 
8.888930e-03, 2.794047e-03, 8.164613e-06, 7.464789e-05, 6.123459e-06, 2.691115e-03, 1.283011e-05, 1.166373e-06, 1.294480e-01, 6.885628e-03, 0.000000e+00, 0.000000, 2.000000e-01, 0, 0.129448, 6.885628e-03 
1.170135e-02, 2.812417e-03, 7.873019e-06, 7.348151e-05, 6.123459e-06, 2.710943e-03, 1.312170e-05, 8.747799e-07, 1.251013e-01, 4.929561e-04, 0.000000e+00, 0.000000, 2.000000e-01, 0, 0.125101, 4.929561e-04 
1.486076e-02, 3.159413e-03, 7.873019e-06, 7.377311e-05, 6.123459e-06, 3.056773e-03, 1.341329e-05, 1.457967e-06, 1.250591e-01, 1.154310e-04, 0.000000e+00, 0.000000, 1.000000e-01, 0, 0.125059, 1.154310e-04 
1.775366e-02, 2.892897e-03, 8.747799e-06, 7.348151e-05, 6.415053e-06, 2.790256e-03, 1.283011e-05, 1.166373e-06, 1.250139e-01, 5.407099e-05, 0.000000e+00, 0.000000, 5.000000e-02, 0, 0.125014, 5.407099e-05 
2.064043e-02, 2.886774e-03, 7.873019e-06, 7.289833e-05, 6.123459e-06, 2.785882e-03, 1.283011e-05, 1.166373e-06, 1.250141e-01, 5.332336e-05, 0.000000e+00, 0.000000, 2.500000e-02, 0, 0.125014, 5.332336e-05 
2.356482e-02, 2.924389e-03, 8.164613e-06, 7.348151e-05, 6.123459e-06, 2.822332e-03, 1.312170e-05, 1.166373e-06, 1.250115e-01, 5.441052e-05, 0.000000e+00, 0.000000, 2.500000e-02, 0, 0.125011, 5.441052e-05 
0.500000, 0, 0, 0, 0, 0, 0, 0, 0, 0, 0, 0, 0, 0, 0 ,0