TRM WS=1, MS=2, TRMstep=0: ub=0.800000, lb=0.200000, grow=2.000000,shrink=0.500000, b_w=2,b_m=4, lr=0.400000, lambda=0.000000, n=9, n0=2, n1=2, n2=1, sub_tol=0.001000, sub_maxit=1000, tol=1.000000e-08, m=4, nobias=0 
time, iter_t, subset_m_time, g_time, subset_w_time, p1_time, t2, t3, total error, total gmag, rho, sigma, gamma, step, approx error, approx gmag 
3.063479e-03, 3.063479e-03, 9.330986e-06, 8.164613e-05, 6.998239e-06, 2.948300e-03, 1.603763e-05, 1.166373e-06, 1.339858e-01, 9.759238e-03, 0.000000e+00, 0.000000, 4.000000e-01, 0, 0.133986, 9.759238e-03 
5.886686e-03, 2.823206e-03, 8.456206e-06, 7.493948e-05, 6.998239e-06, 2.718816e-03, 1.283011e-05, 1.166373e-06, 1.313222e-01, 8.073197e-03, 0.000000e+00, 0.000000, 4.000000e-01, 0, 0.131322, 8.073197e-03 
8.680733e-03, 2.794047e-03, 7.873019e-06, 7.406470e-05, 6.123459e-06, 2.692281e-03, 1.283011e-05, 8.747799e-07, 1.275001e-01, 5.157666e-03, 0.000000e+00, 0.000000, 4.000000e-01, 0, 0.127500, 5.157666e-03 
1.153222e-02, 2.851491e-03, 7.873019e-06, 7.377311e-05, 6.123459e-06, 2.747392e-03, 1.545445e-05, 8.747799e-07, 1.254041e-01, 2.096659e-03, 0.000000e+00, 0.000000, 4.000000e-01, 0, 0.125404, 2.096659e-03 
1.438663e-02, 2.854407e-03, 8.164613e-06, 7.435629e-05, 6.123459e-06, 2.751474e-03, 1.312170e-05, 1.166373e-06, 1.253344e-01, 1.966610e-03, 0.000000e+00, 0.000000, 2.000000e-01, 0, 0.125334, 1.966610e-03 
1.720692e-02, 2.820290e-03, 7.873019e-06, 7.464789e-05, 6.415053e-06, 2.717650e-03, 1.283011e-05, 8.747799e-07, 1.249929e-01, 4.128715e-05, 0.000000e+00, 0.000000, 1.000000e-01, 0, 0.124993, 4.128715e-05 
2.013889e-02, 2.931971e-03, 7.873019e-06, 7.435629e-05, 6.123459e-06, 2.830205e-03, 1.253851e-05, 8.747799e-07, 1.249925e-01, 4.074000e-05, 0.000000e+00, 0.000000, 5.000000e-02, 0, 0.124993, 4.074000e-05 
2.385583e-02, 3.716940e-03, 7.873019e-06, 7.464789e-05, 6.415053e-06, 3.606718e-03, 2.041153e-05, 8.747799e-07, 1.249831e-01, 1.009884e-04, 0.000000e+00, 0.000000, 5.000000e-02, 0, 0.124983, 1.009884e-04 
0.750000, 0, 0, 0, 0, 0, 0, 0, 0, 0, 0, 0, 0, 0, 0 ,0