TRM WS=0, MS=1, TRMstep=0: ub=0.800000, lb=0.200000, grow=2.000000,shrink=0.500000, b_w=2,b_m=4, lr=1.000000, lambda=0.000000, n=9, n0=2, n1=2, n2=1, sub_tol=0.001000, sub_maxit=1000, tol=1.000000e-08, m=4, nobias=0 
time, iter_t, subset_m_time, g_time, subset_w_time, p1_time, t2, t3, total error, total gmag, rho, sigma, gamma, step, approx error, approx gmag 
2.399813e-04, 2.399813e-04, 2.915933e-06, 1.516285e-04, 0, 2.332746e-06, 8.222931e-05, 8.747799e-07, 1.251603e-01, 5.745822e-04, 0.000000e+00, 0.000000, 1.000000e+00, 0, 0.120529, 3.539989e-02 
4.589679e-04, 2.189866e-04, 2.974252e-05, 9.447623e-05, 0, 2.157790e-05, 1.399648e-05, 5.919344e-05, 1.257265e-01, 2.514687e-03, 0.000000e+00, 0.000000, 1.000000e+00, 0, 0.142074, 3.938471e-02 
5.336158e-04, 7.464789e-05, 1.749560e-06, 5.686069e-05, 0, 1.166373e-06, 1.428807e-05, 5.831866e-07, 1.252202e-01, 9.204495e-04, 0.000000e+00, 0.000000, 1.000000e+00, 0, 0.140267, 4.114777e-02 
6.575429e-04, 1.239272e-04, 1.749560e-06, 5.598591e-05, 0, 8.747799e-07, 1.370489e-05, 5.161202e-05, 1.257842e-01, 2.647548e-03, 0.000000e+00, 0.000000, 5.000000e-01, 0, 0.144824, 3.973454e-02 
7.295665e-04, 7.202355e-05, 8.747799e-07, 5.569432e-05, 0, 8.747799e-07, 1.399648e-05, 5.831866e-07, 1.251884e-01, 8.087068e-04, 0.000000e+00, 0.000000, 5.000000e-01, 0, 0.122154, 3.564284e-02 
8.007152e-04, 7.114877e-05, 8.747799e-07, 5.540273e-05, 0, 8.747799e-07, 1.341329e-05, 5.831866e-07, 1.251898e-01, 7.809190e-04, 0.000000e+00, 0.000000, 5.000000e-01, 0, 0.129610, 3.783728e-02 
8.715724e-04, 7.085717e-05, 1.166373e-06, 5.481954e-05, 0, 5.831866e-07, 1.399648e-05, 2.915933e-07, 1.252099e-01, 9.063335e-04, 0.000000e+00, 0.000000, 5.000000e-01, 0, 0.139915, 4.105617e-02 
9.931668e-04, 1.215944e-04, 8.747799e-07, 5.452795e-05, 0, 8.747799e-07, 1.341329e-05, 5.190361e-05, 1.252058e-01, 9.123463e-04, 0.000000e+00, 0.000000, 2.500000e-01, 0, 0.132084, 3.837850e-02 
1.064607e-03, 7.144036e-05, 8.747799e-07, 5.540273e-05, 0, 8.747799e-07, 1.370489e-05, 5.831866e-07, 1.251856e-01, 7.945728e-04, 0.000000e+00, 0.000000, 2.500000e-01, 0, 0.122091, 3.562868e-02 
1.203697e-03, 1.390900e-04, 8.747799e-07, 5.452795e-05, 0, 8.747799e-07, 1.399648e-05, 6.881602e-05, 1.251333e-01, 1.698625e-04, 0.000000e+00, 0.000000, 2.500000e-01, 0, 0.124424, 3.711779e-02 
1.347744e-03, 1.440471e-04, 1.166373e-06, 5.394476e-05, 0, 5.831866e-07, 1.283011e-05, 7.552267e-05, 1.251936e-01, 8.282727e-04, 0.000000e+00, 0.000000, 2.500000e-01, 0, 0.139211, 4.094242e-02 
1.418018e-03, 7.027399e-05, 1.166373e-06, 5.452795e-05, 0, 5.831866e-07, 1.312170e-05, 8.747799e-07, 1.251316e-01, 1.872090e-04, 0.000000e+00, 0.000000, 1.250000e-01, 0, 0.126385, 3.768828e-02 
1.551568e-03, 1.335497e-04, 8.747799e-07, 5.394476e-05, 0, 8.747799e-07, 7.727223e-05, 5.831866e-07, 1.251802e-01, 7.596955e-04, 0.000000e+00, 0.000000, 1.250000e-01, 0, 0.121874, 3.559333e-02 
1.700864e-03, 1.492958e-04, 1.166373e-06, 5.365317e-05, 0, 5.831866e-07, 9.330986e-05, 5.831866e-07, 1.251429e-01, 3.906889e-04, 0.000000e+00, 0.000000, 1.250000e-01, 0, 0.122061, 3.677508e-02 
1.770263e-03, 6.939921e-05, 1.166373e-06, 5.365317e-05, 0, 5.831866e-07, 1.341329e-05, 5.831866e-07, 1.251836e-01, 7.732500e-04, 0.000000e+00, 0.000000, 1.250000e-01, 0, 0.138741, 4.087000e-02 
1.889233e-03, 1.189701e-04, 8.747799e-07, 5.394476e-05, 0, 5.015405e-05, 1.312170e-05, 8.747799e-07, 1.251391e-01, 3.510133e-04, 0.000000e+00, 0.000000, 6.250000e-02, 0, 0.123695, 3.734404e-02 
1.959215e-03, 6.998239e-05, 1.166373e-06, 5.423636e-05, 0, 8.747799e-07, 1.312170e-05, 5.831866e-07, 1.251768e-01, 7.359977e-04, 0.000000e+00, 0.000000, 6.250000e-02, 0, 0.121723, 3.556926e-02 
2.028615e-03, 6.939921e-05, 1.166373e-06, 5.365317e-05, 0, 8.747799e-07, 1.312170e-05, 5.831866e-07, 1.251556e-01, 5.488476e-04, 0.000000e+00, 0.000000, 6.250000e-02, 0, 0.120933, 3.660818e-02 
2.172662e-03, 1.440471e-04, 1.166373e-06, 1.283011e-04, 0, 5.831866e-07, 1.341329e-05, 5.831866e-07, 1.251783e-01, 7.420099e-04, 0.000000e+00, 0.000000, 6.250000e-02, 0, 0.138478, 4.083009e-02 
2.300380e-03, 1.277179e-04, 1.166373e-06, 1.119718e-04, 0, 8.747799e-07, 1.312170e-05, 5.831866e-07, 1.251529e-01, 5.270652e-04, 0.000000e+00, 0.000000, 3.125000e-02, 0, 0.122389, 3.717254e-02 
2.370654e-03, 7.027399e-05, 8.747799e-07, 5.511113e-05, 0, 5.831866e-07, 1.312170e-05, 5.831866e-07, 1.251749e-01, 7.226731e-04, 0.000000e+00, 0.000000, 3.125000e-02, 0, 0.121638, 3.555570e-02 
2.501871e-03, 1.312170e-04, 6.298415e-05, 5.423636e-05, 0, 5.831866e-07, 1.283011e-05, 5.831866e-07, 1.251637e-01, 6.287213e-04, 0.000000e+00, 0.000000, 3.125000e-02, 0, 0.120382, 3.652585e-02 
2.571270e-03, 6.939921e-05, 8.747799e-07, 5.452795e-05, 0, 5.831866e-07, 1.283011e-05, 5.831866e-07, 1.251757e-01, 7.254952e-04, 0.000000e+00, 0.000000, 3.125000e-02, 0, 0.138340, 4.080923e-02 
2.640669e-03, 6.939921e-05, 1.166373e-06, 5.423636e-05, 0, 5.831866e-07, 1.283011e-05, 5.831866e-07, 1.251621e-01, 6.175187e-04, 0.000000e+00, 0.000000, 1.562500e-02, 0, 0.121745, 3.708698e-02 
2.709193e-03, 6.852443e-05, 8.747799e-07, 5.336158e-05, 0, 8.747799e-07, 1.283011e-05, 5.831866e-07, 1.251739e-01, 7.156532e-04, 0.000000e+00, 0.000000, 1.562500e-02, 0, 0.121593, 3.554855e-02 
2.777718e-03, 6.852443e-05, 8.747799e-07, 5.365317e-05, 0, 5.831866e-07, 1.283011e-05, 5.831866e-07, 1.251682e-01, 6.686039e-04, 0.000000e+00, 0.000000, 1.562500e-02, 0, 0.120110, 3.648497e-02 
2.845951e-03, 6.823283e-05, 8.747799e-07, 5.336158e-05, 0, 5.831866e-07, 1.283011e-05, 5.831866e-07, 1.251743e-01, 7.170191e-04, 0.000000e+00, 0.000000, 1.562500e-02, 0, 0.138270, 4.079858e-02 
2.955590e-03, 1.096391e-04, 4.023988e-05, 5.511113e-05, 0, 5.831866e-07, 1.283011e-05, 8.747799e-07, 1.251674e-01, 6.629349e-04, 0.000000e+00, 0.000000, 7.812500e-03, 0, 0.121426, 3.704426e-02 
3.024989e-03, 6.939921e-05, 1.166373e-06, 5.423636e-05, 0, 5.831866e-07, 1.283011e-05, 5.831866e-07, 1.251734e-01, 7.120552e-04, 0.000000e+00, 0.000000, 7.812500e-03, 0, 0.121570, 3.554488e-02 
3.093805e-03, 6.881602e-05, 1.166373e-06, 5.336158e-05, 0, 8.747799e-07, 1.283011e-05, 5.831866e-07, 1.251705e-01, 6.885144e-04, 0.000000e+00, 0.000000, 7.812500e-03, 0, 0.119974, 3.646460e-02 
3.162621e-03, 6.881602e-05, 8.747799e-07, 5.365317e-05, 0, 5.831866e-07, 1.312170e-05, 5.831866e-07, 1.251736e-01, 7.127270e-04, 0.000000e+00, 0.000000, 7.812500e-03, 0, 0.138234, 4.079320e-02 
3.233478e-03, 7.085717e-05, 1.166373e-06, 5.540273e-05, 0, 8.747799e-07, 1.283011e-05, 5.831866e-07, 1.251701e-01, 6.856639e-04, 0.000000e+00, 0.000000, 3.906250e-03, 0, 0.121266, 3.702291e-02 
3.297920e-03, 6.444212e-05, 1.166373e-06, 4.986246e-05, 0, 8.747799e-07, 1.195533e-05, 5.831866e-07, 1.251732e-01, 7.102345e-04, 0.000000e+00, 0.000000, 3.906250e-03, 0, 0.121559, 3.554303e-02 
3.360904e-03, 6.298415e-05, 1.166373e-06, 4.898768e-05, 0, 5.831866e-07, 1.166373e-05, 5.831866e-07, 1.251717e-01, 6.984602e-04, 0.000000e+00, 0.000000, 3.906250e-03, 0, 0.119907, 3.645443e-02 
3.424180e-03, 6.327575e-05, 8.747799e-07, 4.957086e-05, 0, 5.831866e-07, 1.166373e-05, 5.831866e-07, 1.251733e-01, 7.105676e-04, 0.000000e+00, 0.000000, 3.906250e-03, 0, 0.138216, 4.079050e-02 
3.488914e-03, 6.473371e-05, 1.166373e-06, 4.986246e-05, 0, 8.747799e-07, 1.224692e-05, 5.831866e-07, 1.251715e-01, 6.970311e-04, 0.000000e+00, 0.000000, 1.953125e-03, 0, 0.121187, 3.701224e-02 
3.552773e-03, 6.385893e-05, 8.747799e-07, 4.957086e-05, 0, 8.747799e-07, 1.195533e-05, 5.831866e-07, 1.251731e-01, 7.093186e-04, 0.000000e+00, 0.000000, 1.953125e-03, 0, 0.121553, 3.554209e-02 
3.656872e-03, 1.040988e-04, 8.747799e-07, 4.957086e-05, 0, 8.747799e-07, 1.195533e-05, 4.082306e-05, 1.251723e-01, 7.034306e-04, 0.000000e+00, 0.000000, 1.953125e-03, 0, 0.119873, 3.644935e-02 
3.721314e-03, 6.444212e-05, 1.166373e-06, 4.986246e-05, 0, 8.747799e-07, 1.195533e-05, 5.831866e-07, 1.251731e-01, 7.094845e-04, 0.000000e+00, 0.000000, 1.953125e-03, 0, 0.138207, 4.078914e-02 
3.785464e-03, 6.415053e-05, 8.747799e-07, 4.986246e-05, 0, 8.747799e-07, 1.195533e-05, 5.831866e-07, 1.251722e-01, 7.027151e-04, 0.000000e+00, 0.000000, 9.765625e-04, 0, 0.121147, 3.700691e-02 
3.848740e-03, 6.327575e-05, 8.747799e-07, 4.957086e-05, 0, 5.831866e-07, 1.195533e-05, 2.915933e-07, 1.251730e-01, 7.088594e-04, 0.000000e+00, 0.000000, 9.765625e-04, 0, 0.121550, 3.554163e-02 
3.912307e-03, 6.356734e-05, 8.747799e-07, 4.957086e-05, 0, 5.831866e-07, 1.195533e-05, 5.831866e-07, 1.251726e-01, 7.059151e-04, 0.000000e+00, 0.000000, 9.765625e-04, 0, 0.119856, 3.644681e-02 
3.975583e-03, 6.327575e-05, 8.747799e-07, 4.927927e-05, 0, 5.831866e-07, 1.195533e-05, 5.831866e-07, 1.251730e-01, 7.089421e-04, 0.000000e+00, 0.000000, 9.765625e-04, 0, 0.138202, 4.078846e-02 
4.039734e-03, 6.415053e-05, 1.166373e-06, 4.986246e-05, 0, 5.831866e-07, 1.195533e-05, 5.831866e-07, 1.251726e-01, 7.055571e-04, 0.000000e+00, 0.000000, 4.882813e-04, 0, 0.121127, 3.700424e-02 
4.103593e-03, 6.385893e-05, 8.747799e-07, 4.957086e-05, 0, 8.747799e-07, 1.224692e-05, 2.915933e-07, 1.251730e-01, 7.086294e-04, 0.000000e+00, 0.000000, 4.882813e-04, 0, 0.121548, 3.554139e-02 
4.167160e-03, 6.356734e-05, 8.747799e-07, 4.927927e-05, 0, 8.747799e-07, 1.195533e-05, 5.831866e-07, 1.251728e-01, 7.071572e-04, 0.000000e+00, 0.000000, 4.882813e-04, 0, 0.119848, 3.644555e-02 
4.229853e-03, 6.269256e-05, 1.166373e-06, 4.898768e-05, 0, 5.831866e-07, 1.166373e-05, 2.915933e-07, 1.251730e-01, 7.086707e-04, 0.000000e+00, 0.000000, 4.882813e-04, 0, 0.138200, 4.078812e-02 
4.293128e-03, 6.327575e-05, 8.747799e-07, 4.957086e-05, 0, 5.831866e-07, 1.166373e-05, 5.831866e-07, 1.251728e-01, 7.069782e-04, 0.000000e+00, 0.000000, 2.441406e-04, 0, 0.121118, 3.700291e-02 
4.356404e-03, 6.327575e-05, 8.747799e-07, 4.957086e-05, 0, 5.831866e-07, 1.166373e-05, 5.831866e-07, 1.251730e-01, 7.085143e-04, 0.000000e+00, 0.000000, 2.441406e-04, 0, 0.121548, 3.554127e-02 
4.419388e-03, 6.298415e-05, 8.747799e-07, 4.898768e-05, 0, 5.831866e-07, 1.195533e-05, 5.831866e-07, 1.251729e-01, 7.077782e-04, 0.000000e+00, 0.000000, 2.441406e-04, 0, 0.119844, 3.644491e-02 
4.490537e-03, 7.114877e-05, 1.166373e-06, 5.540273e-05, 0, 5.831866e-07, 1.341329e-05, 5.831866e-07, 1.251730e-01, 7.085350e-04, 0.000000e+00, 0.000000, 2.441406e-04, 0, 0.138199, 4.078795e-02 
4.560811e-03, 7.027399e-05, 1.166373e-06, 5.452795e-05, 0, 8.747799e-07, 1.312170e-05, 5.831866e-07, 1.251729e-01, 7.076887e-04, 0.000000e+00, 0.000000, 1.220703e-04, 0, 0.121113, 3.700224e-02 
4.629919e-03, 6.910761e-05, 8.747799e-07, 5.365317e-05, 0, 8.747799e-07, 1.312170e-05, 5.831866e-07, 1.251730e-01, 7.084568e-04, 0.000000e+00, 0.000000, 1.220703e-04, 0, 0.121547, 3.554122e-02 
4.702234e-03, 7.231514e-05, 1.166373e-06, 5.481954e-05, 0, 8.747799e-07, 1.487126e-05, 5.831866e-07, 1.251729e-01, 7.080887e-04, 0.000000e+00, 0.000000, 1.220703e-04, 0, 0.119841, 3.644459e-02 
4.804875e-03, 1.026408e-04, 3.207526e-06, 7.493948e-05, 0, 1.749560e-06, 2.157790e-05, 1.166373e-06, 1.251730e-01, 7.084671e-04, 0.000000e+00, 0.000000, 1.220703e-04, 0, 0.138198, 4.078787e-02 
4.887104e-03, 8.222931e-05, 1.457967e-06, 5.802707e-05, 0, 5.831866e-07, 1.341329e-05, 8.747799e-06, 1.251729e-01, 7.080440e-04, 0.000000e+00, 0.000000, 6.103516e-05, 0, 0.121110, 3.700191e-02 
4.953004e-03, 6.590009e-05, 1.166373e-06, 5.132042e-05, 0, 5.831866e-07, 1.224692e-05, 5.831866e-07, 1.251729e-01, 7.084280e-04, 0.000000e+00, 0.000000, 6.103516e-05, 0, 0.121547, 3.554119e-02 
5.018612e-03, 6.560849e-05, 8.747799e-07, 5.044564e-05, 0, 5.831866e-07, 1.283011e-05, 8.747799e-07, 1.251729e-01, 7.082440e-04, 0.000000e+00, 0.000000, 6.103516e-05, 0, 0.119840, 3.644444e-02 
5.083346e-03, 6.473371e-05, 8.747799e-07, 5.044564e-05, 0, 5.831866e-07, 1.253851e-05, 2.915933e-07, 1.251730e-01, 7.084332e-04, 0.000000e+00, 0.000000, 6.103516e-05, 0, 0.138198, 4.078783e-02 
5.149246e-03, 6.590009e-05, 8.747799e-07, 5.132042e-05, 0, 5.831866e-07, 1.224692e-05, 8.747799e-07, 1.251729e-01, 7.082216e-04, 0.000000e+00, 0.000000, 3.051758e-05, 0, 0.121109, 3.700174e-02 
5.217771e-03, 6.852443e-05, 8.747799e-07, 5.248680e-05, 0, 8.747799e-07, 1.370489e-05, 5.831866e-07, 1.251729e-01, 7.084136e-04, 0.000000e+00, 0.000000, 3.051758e-05, 0, 0.121547, 3.554117e-02 
5.284545e-03, 6.677487e-05, 1.166373e-06, 5.190361e-05, 0, 8.747799e-07, 1.224692e-05, 5.831866e-07, 1.251729e-01, 7.083216e-04, 0.000000e+00, 0.000000, 3.051758e-05, 0, 0.119840, 3.644436e-02 
5.356861e-03, 7.231514e-05, 1.166373e-06, 5.627751e-05, 0, 5.831866e-07, 1.370489e-05, 5.831866e-07, 1.251729e-01, 7.084162e-04, 0.000000e+00, 0.000000, 3.051758e-05, 0, 0.138198, 4.078780e-02 
5.429467e-03, 7.260673e-05, 1.166373e-06, 5.598591e-05, 0, 5.831866e-07, 1.399648e-05, 8.747799e-07, 1.251729e-01, 7.083104e-04, 0.000000e+00, 0.000000, 1.525879e-05, 0, 0.121108, 3.700166e-02 
5.501783e-03, 7.231514e-05, 1.166373e-06, 5.598591e-05, 0, 5.831866e-07, 1.428807e-05, 2.915933e-07, 1.251729e-01, 7.084064e-04, 0.000000e+00, 0.000000, 1.525879e-05, 0, 0.121547, 3.554116e-02 
5.573223e-03, 7.144036e-05, 1.166373e-06, 5.569432e-05, 0, 5.831866e-07, 1.341329e-05, 5.831866e-07, 1.251729e-01, 7.083604e-04, 0.000000e+00, 0.000000, 1.525879e-05, 0, 0.119840, 3.644432e-02 
5.642039e-03, 6.881602e-05, 8.747799e-07, 5.365317e-05, 0, 8.747799e-07, 1.283011e-05, 5.831866e-07, 1.251729e-01, 7.084077e-04, 0.000000e+00, 0.000000, 1.525879e-05, 0, 0.138198, 4.078779e-02 
5.706481e-03, 6.444212e-05, 1.166373e-06, 4.986246e-05, 0, 8.747799e-07, 1.195533e-05, 5.831866e-07, 1.251729e-01, 7.083548e-04, 0.000000e+00, 0.000000, 7.629395e-06, 0, 0.121108, 3.700161e-02 
5.771215e-03, 6.473371e-05, 1.166373e-06, 5.015405e-05, 0, 8.747799e-07, 1.195533e-05, 5.831866e-07, 1.251729e-01, 7.084028e-04, 0.000000e+00, 0.000000, 7.629395e-06, 0, 0.121547, 3.554116e-02 
5.834782e-03, 6.356734e-05, 8.747799e-07, 4.927927e-05, 0, 8.747799e-07, 1.195533e-05, 5.831866e-07, 1.251729e-01, 7.083798e-04, 0.000000e+00, 0.000000, 7.629395e-06, 0, 0.119839, 3.644430e-02 
5.898933e-03, 6.415053e-05, 1.166373e-06, 4.986246e-05, 0, 5.831866e-07, 1.195533e-05, 5.831866e-07, 1.251729e-01, 7.084035e-04, 0.000000e+00, 0.000000, 7.629395e-06, 0, 0.138198, 4.078779e-02 
5.962792e-03, 6.385893e-05, 1.166373e-06, 4.957086e-05, 0, 5.831866e-07, 1.166373e-05, 8.747799e-07, 1.251729e-01, 7.083770e-04, 0.000000e+00, 0.000000, 3.814697e-06, 0, 0.121108, 3.700159e-02 
6.026650e-03, 6.385893e-05, 8.747799e-07, 4.986246e-05, 0, 5.831866e-07, 1.195533e-05, 5.831866e-07, 1.251729e-01, 7.084010e-04, 0.000000e+00, 0.000000, 3.814697e-06, 0, 0.121547, 3.554116e-02 
6.090218e-03, 6.356734e-05, 8.747799e-07, 4.957086e-05, 0, 5.831866e-07, 1.195533e-05, 5.831866e-07, 1.251729e-01, 7.083895e-04, 0.000000e+00, 0.000000, 3.814697e-06, 0, 0.119839, 3.644429e-02 
6.153785e-03, 6.356734e-05, 8.747799e-07, 4.986246e-05, 0, 5.831866e-07, 1.166373e-05, 5.831866e-07, 1.251729e-01, 7.084013e-04, 0.000000e+00, 0.000000, 3.814697e-06, 0, 0.138198, 4.078779e-02 
6.217061e-03, 6.327575e-05, 8.747799e-07, 4.957086e-05, 0, 5.831866e-07, 1.166373e-05, 5.831866e-07, 1.251729e-01, 7.083881e-04, 0.000000e+00, 0.000000, 1.907349e-06, 0, 0.121108, 3.700158e-02 
6.281503e-03, 6.444212e-05, 8.747799e-07, 5.015405e-05, 0, 8.747799e-07, 1.195533e-05, 5.831866e-07, 1.251729e-01, 7.084001e-04, 0.000000e+00, 0.000000, 1.907349e-06, 0, 0.121547, 3.554116e-02 
6.345654e-03, 6.415053e-05, 1.166373e-06, 4.957086e-05, 0, 8.747799e-07, 1.195533e-05, 5.831866e-07, 1.251729e-01, 7.083944e-04, 0.000000e+00, 0.000000, 1.907349e-06, 0, 0.119839, 3.644428e-02 
6.409221e-03, 6.356734e-05, 8.747799e-07, 4.986246e-05, 0, 5.831866e-07, 1.166373e-05, 5.831866e-07, 1.251729e-01, 7.084003e-04, 0.000000e+00, 0.000000, 1.907349e-06, 0, 0.138198, 4.078779e-02 
6.473955e-03, 6.473371e-05, 8.747799e-07, 5.044564e-05, 0, 5.831866e-07, 1.195533e-05, 8.747799e-07, 1.251729e-01, 7.083937e-04, 0.000000e+00, 0.000000, 9.536743e-07, 0, 0.121108, 3.700158e-02 
6.537522e-03, 6.356734e-05, 1.166373e-06, 4.927927e-05, 0, 5.831866e-07, 1.195533e-05, 5.831866e-07, 1.251729e-01, 7.083997e-04, 0.000000e+00, 0.000000, 9.536743e-07, 0, 0.121547, 3.554116e-02 
6.601672e-03, 6.415053e-05, 1.166373e-06, 4.986246e-05, 0, 5.831866e-07, 1.195533e-05, 5.831866e-07, 1.251729e-01, 7.083968e-04, 0.000000e+00, 0.000000, 9.536743e-07, 0, 0.119839, 3.644428e-02 
6.666115e-03, 6.444212e-05, 1.166373e-06, 5.015405e-05, 0, 5.831866e-07, 1.195533e-05, 5.831866e-07, 1.251729e-01, 7.083997e-04, 0.000000e+00, 0.000000, 9.536743e-07, 0, 0.138198, 4.078778e-02 
6.730848e-03, 6.473371e-05, 1.166373e-06, 5.015405e-05, 0, 5.831866e-07, 1.224692e-05, 5.831866e-07, 1.251729e-01, 7.083964e-04, 0.000000e+00, 0.000000, 4.768372e-07, 0, 0.121108, 3.700158e-02 
6.808995e-03, 7.814701e-05, 1.166373e-06, 5.948503e-05, 0, 1.457967e-06, 1.545445e-05, 5.831866e-07, 1.251729e-01, 7.083994e-04, 0.000000e+00, 0.000000, 4.768372e-07, 0, 0.121547, 3.554116e-02 
6.873146e-03, 6.415053e-05, 8.747799e-07, 5.015405e-05, 0, 5.831866e-07, 1.195533e-05, 5.831866e-07, 1.251729e-01, 7.083980e-04, 0.000000e+00, 0.000000, 4.768372e-07, 0, 0.119839, 3.644428e-02 
6.937005e-03, 6.385893e-05, 1.166373e-06, 4.957086e-05, 0, 8.747799e-07, 1.195533e-05, 2.915933e-07, 1.251729e-01, 7.083995e-04, 0.000000e+00, 0.000000, 4.768372e-07, 0, 0.138198, 4.078778e-02 
7.001155e-03, 6.415053e-05, 1.166373e-06, 4.986246e-05, 0, 8.747799e-07, 1.166373e-05, 5.831866e-07, 1.251729e-01, 7.083978e-04, 0.000000e+00, 0.000000, 2.384186e-07, 0, 0.121108, 3.700157e-02 
7.065889e-03, 6.473371e-05, 1.166373e-06, 5.015405e-05, 0, 8.747799e-07, 1.195533e-05, 5.831866e-07, 1.251729e-01, 7.083993e-04, 0.000000e+00, 0.000000, 2.384186e-07, 0, 0.121547, 3.554116e-02 
7.129748e-03, 6.385893e-05, 8.747799e-07, 4.986246e-05, 0, 5.831866e-07, 1.195533e-05, 5.831866e-07, 1.251729e-01, 7.083986e-04, 0.000000e+00, 0.000000, 2.384186e-07, 0, 0.119839, 3.644428e-02 
7.193898e-03, 6.415053e-05, 1.166373e-06, 4.986246e-05, 0, 5.831866e-07, 1.195533e-05, 5.831866e-07, 1.251729e-01, 7.083993e-04, 0.000000e+00, 0.000000, 2.384186e-07, 0, 0.138198, 4.078778e-02 
7.257466e-03, 6.356734e-05, 8.747799e-07, 4.957086e-05, 0, 5.831866e-07, 1.195533e-05, 5.831866e-07, 1.251729e-01, 7.083985e-04, 0.000000e+00, 0.000000, 1.192093e-07, 0, 0.121108, 3.700157e-02 
7.322200e-03, 6.473371e-05, 1.166373e-06, 5.073724e-05, 0, 5.831866e-07, 1.166373e-05, 5.831866e-07, 1.251729e-01, 7.083993e-04, 0.000000e+00, 0.000000, 1.192093e-07, 0, 0.121547, 3.554116e-02 
7.386642e-03, 6.444212e-05, 1.166373e-06, 4.957086e-05, 0, 8.747799e-07, 1.195533e-05, 8.747799e-07, 1.251729e-01, 7.083989e-04, 0.000000e+00, 0.000000, 1.192093e-07, 0, 0.119839, 3.644428e-02 
7.451667e-03, 6.502531e-05, 8.747799e-07, 5.044564e-05, 0, 8.747799e-07, 1.224692e-05, 5.831866e-07, 1.251729e-01, 7.083993e-04, 0.000000e+00, 0.000000, 1.192093e-07, 0, 0.138198, 4.078778e-02 
7.516109e-03, 6.444212e-05, 8.747799e-07, 5.015405e-05, 0, 5.831866e-07, 1.195533e-05, 8.747799e-07, 1.251729e-01, 7.083989e-04, 0.000000e+00, 0.000000, 5.960464e-08, 0, 0.121108, 3.700157e-02 
7.580260e-03, 6.415053e-05, 8.747799e-07, 4.986246e-05, 0, 8.747799e-07, 1.224692e-05, 2.915933e-07, 1.251729e-01, 7.083992e-04, 0.000000e+00, 0.000000, 5.960464e-08, 0, 0.121547, 3.554116e-02 
7.644702e-03, 6.444212e-05, 8.747799e-07, 5.015405e-05, 0, 8.747799e-07, 1.224692e-05, 2.915933e-07, 1.251729e-01, 7.083991e-04, 0.000000e+00, 0.000000, 5.960464e-08, 0, 0.119839, 3.644428e-02 
7.708852e-03, 6.415053e-05, 8.747799e-07, 4.986246e-05, 0, 8.747799e-07, 1.195533e-05, 5.831866e-07, 1.251729e-01, 7.083992e-04, 0.000000e+00, 0.000000, 5.960464e-08, 0, 0.138198, 4.078778e-02 
7.773003e-03, 6.415053e-05, 8.747799e-07, 5.044564e-05, 0, 5.831866e-07, 1.166373e-05, 5.831866e-07, 1.251729e-01, 7.083990e-04, 0.000000e+00, 0.000000, 2.980232e-08, 0, 0.121108, 3.700157e-02 
7.840652e-03, 6.764965e-05, 1.166373e-06, 5.248680e-05, 0, 5.831866e-07, 1.283011e-05, 5.831866e-07, 1.251729e-01, 7.083992e-04, 0.000000e+00, 0.000000, 2.980232e-08, 0, 0.121547, 3.554116e-02 
7.904511e-03, 6.385893e-05, 8.747799e-07, 4.986246e-05, 0, 5.831866e-07, 1.195533e-05, 5.831866e-07, 1.251729e-01, 7.083991e-04, 0.000000e+00, 0.000000, 2.980232e-08, 0, 0.119839, 3.644428e-02 
7.968953e-03, 6.444212e-05, 8.747799e-07, 5.015405e-05, 0, 5.831866e-07, 1.224692e-05, 5.831866e-07, 1.251729e-01, 7.083992e-04, 0.000000e+00, 0.000000, 2.980232e-08, 0, 0.138198, 4.078778e-02 
8.033979e-03, 6.502531e-05, 8.747799e-07, 5.073724e-05, 0, 5.831866e-07, 1.224692e-05, 5.831866e-07, 1.251729e-01, 7.083991e-04, 0.000000e+00, 0.000000, 1.490116e-08, 0, 0.121108, 3.700157e-02 
8.097838e-03, 6.385893e-05, 8.747799e-07, 5.044564e-05, 0, 5.831866e-07, 1.166373e-05, 2.915933e-07, 1.251729e-01, 7.083992e-04, 0.000000e+00, 0.000000, 1.490116e-08, 0, 0.121547, 3.554116e-02 
8.162571e-03, 6.473371e-05, 8.747799e-07, 5.015405e-05, 0, 8.747799e-07, 1.224692e-05, 5.831866e-07, 1.251729e-01, 7.083992e-04, 0.000000e+00, 0.000000, 1.490116e-08, 0, 0.119839, 3.644428e-02 
8.226430e-03, 6.385893e-05, 8.747799e-07, 4.986246e-05, 0, 5.831866e-07, 1.195533e-05, 5.831866e-07, 1.251729e-01, 7.083992e-04, 0.000000e+00, 0.000000, 1.490116e-08, 0, 0.138198, 4.078778e-02 
8.291164e-03, 6.473371e-05, 1.166373e-06, 5.044564e-05, 0, 5.831866e-07, 1.195533e-05, 5.831866e-07, 1.251729e-01, 7.083992e-04, 0.000000e+00, 0.000000, 7.450581e-09, 0, 0.121108, 3.700157e-02 
8.356189e-03, 6.502531e-05, 8.747799e-07, 5.102883e-05, 0, 8.747799e-07, 1.195533e-05, 2.915933e-07, 1.251729e-01, 7.083992e-04, 0.000000e+00, 0.000000, 7.450581e-09, 0, 0.121547, 3.554116e-02 
8.421215e-03, 6.502531e-05, 1.166373e-06, 5.044564e-05, 0, 8.747799e-07, 1.195533e-05, 5.831866e-07, 1.251729e-01, 7.083992e-04, 0.000000e+00, 0.000000, 7.450581e-09, 0, 0.119839, 3.644428e-02 
8.485074e-03, 6.385893e-05, 8.747799e-07, 4.927927e-05, 0, 8.747799e-07, 1.224692e-05, 5.831866e-07, 1.251729e-01, 7.083992e-04, 0.000000e+00, 0.000000, 7.450581e-09, 0, 0.138198, 4.078778e-02 
8.553015e-03, 6.794124e-05, 8.747799e-07, 5.073724e-05, 0, 8.747799e-07, 1.428807e-05, 1.166373e-06, 1.251729e-01, 7.083992e-04, 0.000000e+00, 0.000000, 3.725290e-09, 0, 0.121108, 3.700157e-02 
8.618623e-03, 6.560849e-05, 8.747799e-07, 5.132042e-05, 0, 5.831866e-07, 1.224692e-05, 5.831866e-07, 1.251729e-01, 7.083992e-04, 0.000000e+00, 0.000000, 3.725290e-09, 0, 0.121547, 3.554116e-02 
8.682482e-03, 6.385893e-05, 8.747799e-07, 4.986246e-05, 0, 5.831866e-07, 1.195533e-05, 5.831866e-07, 1.251729e-01, 7.083992e-04, 0.000000e+00, 0.000000, 3.725290e-09, 0, 0.119839, 3.644428e-02 
8.748091e-03, 6.560849e-05, 1.166373e-06, 5.073724e-05, 0, 8.747799e-07, 1.224692e-05, 5.831866e-07, 1.251729e-01, 7.083992e-04, 0.000000e+00, 0.000000, 3.725290e-09, 0, 0.138198, 4.078778e-02 
8.812533e-03, 6.444212e-05, 8.747799e-07, 4.986246e-05, 0, 8.747799e-07, 1.224692e-05, 5.831866e-07, 1.251729e-01, 7.083992e-04, 0.000000e+00, 0.000000, 1.862645e-09, 0, 0.121108, 3.700157e-02 
8.876392e-03, 6.385893e-05, 8.747799e-07, 5.015405e-05, 0, 5.831866e-07, 1.195533e-05, 2.915933e-07, 1.251729e-01, 7.083992e-04, 0.000000e+00, 0.000000, 1.862645e-09, 0, 0.121547, 3.554116e-02 
8.945791e-03, 6.939921e-05, 1.166373e-06, 5.423636e-05, 0, 5.831866e-07, 1.283011e-05, 5.831866e-07, 1.251729e-01, 7.083992e-04, 0.000000e+00, 0.000000, 1.862645e-09, 0, 0.119839, 3.644428e-02 
9.014024e-03, 6.823283e-05, 8.747799e-07, 5.336158e-05, 0, 5.831866e-07, 1.283011e-05, 5.831866e-07, 1.251729e-01, 7.083992e-04, 0.000000e+00, 0.000000, 1.862645e-09, 0, 0.138198, 4.078778e-02 
9.083423e-03, 6.939921e-05, 1.166373e-06, 5.423636e-05, 0, 5.831866e-07, 1.283011e-05, 5.831866e-07, 1.251729e-01, 7.083992e-04, 0.000000e+00, 0.000000, 9.313226e-10, 0, 0.121108, 3.700157e-02 
9.153405e-03, 6.998239e-05, 1.166373e-06, 5.452795e-05, 0, 8.747799e-07, 1.283011e-05, 5.831866e-07, 1.251729e-01, 7.083992e-04, 0.000000e+00, 0.000000, 9.313226e-10, 0, 0.121547, 3.554116e-02 
9.223096e-03, 6.969080e-05, 1.166373e-06, 5.423636e-05, 0, 5.831866e-07, 1.312170e-05, 5.831866e-07, 1.251729e-01, 7.083992e-04, 0.000000e+00, 0.000000, 9.313226e-10, 0, 0.119839, 3.644428e-02 
9.286955e-03, 6.385893e-05, 8.747799e-07, 4.986246e-05, 0, 5.831866e-07, 1.195533e-05, 5.831866e-07, 1.251729e-01, 7.083992e-04, 0.000000e+00, 0.000000, 9.313226e-10, 0, 0.138198, 4.078778e-02 
9.351689e-03, 6.473371e-05, 8.747799e-07, 5.073724e-05, 0, 5.831866e-07, 1.195533e-05, 5.831866e-07, 1.251729e-01, 7.083992e-04, 0.000000e+00, 0.000000, 4.656613e-10, 0, 0.121108, 3.700157e-02 
9.415839e-03, 6.415053e-05, 1.166373e-06, 4.957086e-05, 0, 5.831866e-07, 1.224692e-05, 5.831866e-07, 1.251729e-01, 7.083992e-04, 0.000000e+00, 0.000000, 4.656613e-10, 0, 0.121547, 3.554116e-02 
9.479698e-03, 6.385893e-05, 8.747799e-07, 4.986246e-05, 0, 5.831866e-07, 1.195533e-05, 5.831866e-07, 1.251729e-01, 7.083992e-04, 0.000000e+00, 0.000000, 4.656613e-10, 0, 0.119839, 3.644428e-02 
9.542391e-03, 6.269256e-05, 8.747799e-07, 4.927927e-05, 0, 5.831866e-07, 1.166373e-05, 2.915933e-07, 1.251729e-01, 7.083992e-04, 0.000000e+00, 0.000000, 4.656613e-10, 0, 0.138198, 4.078778e-02 
9.605958e-03, 6.356734e-05, 8.747799e-07, 4.957086e-05, 0, 5.831866e-07, 1.195533e-05, 5.831866e-07, 1.251729e-01, 7.083992e-04, 0.000000e+00, 0.000000, 2.328306e-10, 0, 0.121108, 3.700157e-02 
9.669817e-03, 6.385893e-05, 8.747799e-07, 4.957086e-05, 0, 8.747799e-07, 1.195533e-05, 5.831866e-07, 1.251729e-01, 7.083992e-04, 0.000000e+00, 0.000000, 2.328306e-10, 0, 0.121547, 3.554116e-02 
9.733676e-03, 6.385893e-05, 1.166373e-06, 4.957086e-05, 0, 5.831866e-07, 1.195533e-05, 5.831866e-07, 1.251729e-01, 7.083992e-04, 0.000000e+00, 0.000000, 2.328306e-10, 0, 0.119839, 3.644428e-02 
9.797827e-03, 6.415053e-05, 1.166373e-06, 4.986246e-05, 0, 5.831866e-07, 1.195533e-05, 5.831866e-07, 1.251729e-01, 7.083992e-04, 0.000000e+00, 0.000000, 2.328306e-10, 0, 0.138198, 4.078778e-02 
9.861977e-03, 6.415053e-05, 8.747799e-07, 4.986246e-05, 0, 5.831866e-07, 1.195533e-05, 8.747799e-07, 1.251729e-01, 7.083992e-04, 0.000000e+00, 0.000000, 1.164153e-10, 0, 0.121108, 3.700157e-02 
9.926419e-03, 6.444212e-05, 1.166373e-06, 5.044564e-05, 0, 5.831866e-07, 1.195533e-05, 2.915933e-07, 1.251729e-01, 7.083992e-04, 0.000000e+00, 0.000000, 1.164153e-10, 0, 0.121547, 3.554116e-02 
9.990278e-03, 6.385893e-05, 8.747799e-07, 4.986246e-05, 0, 5.831866e-07, 1.195533e-05, 5.831866e-07, 1.251729e-01, 7.083992e-04, 0.000000e+00, 0.000000, 1.164153e-10, 0, 0.119839, 3.644428e-02 
1.005414e-02, 6.385893e-05, 1.166373e-06, 4.986246e-05, 0, 5.831866e-07, 1.195533e-05, 2.915933e-07, 1.251729e-01, 7.083992e-04, 0.000000e+00, 0.000000, 1.164153e-10, 0, 0.138198, 4.078778e-02 
1.011858e-02, 6.444212e-05, 8.747799e-07, 5.015405e-05, 0, 8.747799e-07, 1.195533e-05, 5.831866e-07, 1.251729e-01, 7.083992e-04, 0.000000e+00, 0.000000, 5.820766e-11, 0, 0.121108, 3.700157e-02 
1.018215e-02, 6.356734e-05, 8.747799e-07, 4.957086e-05, 0, 5.831866e-07, 1.195533e-05, 5.831866e-07, 1.251729e-01, 7.083992e-04, 0.000000e+00, 0.000000, 5.820766e-11, 0, 0.121547, 3.554116e-02 
1.024601e-02, 6.385893e-05, 1.166373e-06, 4.957086e-05, 0, 5.831866e-07, 1.195533e-05, 5.831866e-07, 1.251729e-01, 7.083992e-04, 0.000000e+00, 0.000000, 5.820766e-11, 0, 0.119839, 3.644428e-02 
1.030986e-02, 6.385893e-05, 8.747799e-07, 4.986246e-05, 0, 5.831866e-07, 1.195533e-05, 5.831866e-07, 1.251729e-01, 7.083992e-04, 0.000000e+00, 0.000000, 5.820766e-11, 0, 0.138198, 4.078778e-02 
1.037431e-02, 6.444212e-05, 1.166373e-06, 5.015405e-05, 0, 5.831866e-07, 1.195533e-05, 5.831866e-07, 1.251729e-01, 7.083992e-04, 0.000000e+00, 0.000000, 2.910383e-11, 0, 0.121108, 3.700157e-02 
1.043787e-02, 6.356734e-05, 8.747799e-07, 4.986246e-05, 0, 5.831866e-07, 1.166373e-05, 5.831866e-07, 1.251729e-01, 7.083992e-04, 0.000000e+00, 0.000000, 2.910383e-11, 0, 0.121547, 3.554116e-02 
1.050202e-02, 6.415053e-05, 8.747799e-07, 4.986246e-05, 0, 8.747799e-07, 1.195533e-05, 5.831866e-07, 1.251729e-01, 7.083992e-04, 0.000000e+00, 0.000000, 2.910383e-11, 0, 0.119839, 3.644428e-02 
1.056559e-02, 6.356734e-05, 8.747799e-07, 4.986246e-05, 0, 8.747799e-07, 1.166373e-05, 2.915933e-07, 1.251729e-01, 7.083992e-04, 0.000000e+00, 0.000000, 2.910383e-11, 0, 0.138198, 4.078778e-02 
1.062916e-02, 6.356734e-05, 8.747799e-07, 4.957086e-05, 0, 5.831866e-07, 1.195533e-05, 5.831866e-07, 1.251729e-01, 7.083992e-04, 0.000000e+00, 0.000000, 1.455192e-11, 0, 0.121108, 3.700157e-02 
1.069360e-02, 6.444212e-05, 1.166373e-06, 5.015405e-05, 0, 5.831866e-07, 1.195533e-05, 5.831866e-07, 1.251729e-01, 7.083992e-04, 0.000000e+00, 0.000000, 1.455192e-11, 0, 0.121547, 3.554116e-02 
1.075717e-02, 6.356734e-05, 8.747799e-07, 4.986246e-05, 0, 5.831866e-07, 1.166373e-05, 5.831866e-07, 1.251729e-01, 7.083992e-04, 0.000000e+00, 0.000000, 1.455192e-11, 0, 0.119839, 3.644428e-02 
1.082044e-02, 6.327575e-05, 8.747799e-07, 4.927927e-05, 0, 5.831866e-07, 1.195533e-05, 5.831866e-07, 1.251729e-01, 7.083992e-04, 0.000000e+00, 0.000000, 1.455192e-11, 0, 0.138198, 4.078778e-02 
1.088489e-02, 6.444212e-05, 8.747799e-07, 4.986246e-05, 0, 8.747799e-07, 1.195533e-05, 8.747799e-07, 1.251729e-01, 7.083992e-04, 0.000000e+00, 0.000000, 7.275958e-12, 0, 0.121108, 3.700157e-02 
1.094904e-02, 6.415053e-05, 8.747799e-07, 5.015405e-05, 0, 5.831866e-07, 1.195533e-05, 5.831866e-07, 1.251729e-01, 7.083992e-04, 0.000000e+00, 0.000000, 7.275958e-12, 0, 0.121547, 3.554116e-02 
1.101260e-02, 6.356734e-05, 8.747799e-07, 4.957086e-05, 0, 8.747799e-07, 1.166373e-05, 5.831866e-07, 1.251729e-01, 7.083992e-04, 0.000000e+00, 0.000000, 7.275958e-12, 0, 0.119839, 3.644428e-02 
1.109921e-02, 8.660321e-05, 1.166373e-06, 6.590009e-05, 0, 8.747799e-07, 1.778719e-05, 8.747799e-07, 1.251729e-01, 7.083992e-04, 0.000000e+00, 0.000000, 7.275958e-12, 0, 0.138198, 4.078778e-02 
1.121118e-02, 1.119718e-04, 3.207526e-06, 8.747799e-05, 0, 1.166373e-06, 1.866197e-05, 1.457967e-06, 1.251729e-01, 7.083992e-04, 0.000000e+00, 0.000000, 3.637979e-12, 0, 0.121108, 3.700157e-02 
1.128349e-02, 7.231514e-05, 1.166373e-06, 5.627751e-05, 0, 8.747799e-07, 1.341329e-05, 5.831866e-07, 1.251729e-01, 7.083992e-04, 0.000000e+00, 0.000000, 3.637979e-12, 0, 0.121547, 3.554116e-02 
1.135406e-02, 7.056558e-05, 1.166373e-06, 5.481954e-05, 0, 8.747799e-07, 1.312170e-05, 5.831866e-07, 1.251729e-01, 7.083992e-04, 0.000000e+00, 0.000000, 3.637979e-12, 0, 0.119839, 3.644428e-02 
1.141967e-02, 6.560849e-05, 8.747799e-07, 5.132042e-05, 0, 5.831866e-07, 1.224692e-05, 5.831866e-07, 1.251729e-01, 7.083992e-04, 0.000000e+00, 0.000000, 3.637979e-12, 0, 0.138198, 4.078778e-02 
1.148528e-02, 6.560849e-05, 1.166373e-06, 5.073724e-05, 0, 8.747799e-07, 1.195533e-05, 8.747799e-07, 1.251729e-01, 7.083992e-04, 0.000000e+00, 0.000000, 1.818989e-12, 0, 0.121108, 3.700157e-02 
1.155030e-02, 6.502531e-05, 8.747799e-07, 5.044564e-05, 0, 8.747799e-07, 1.224692e-05, 5.831866e-07, 1.251729e-01, 7.083992e-04, 0.000000e+00, 0.000000, 1.818989e-12, 0, 0.121547, 3.554116e-02 
1.161591e-02, 6.560849e-05, 8.747799e-07, 5.073724e-05, 0, 8.747799e-07, 1.253851e-05, 5.831866e-07, 1.251729e-01, 7.083992e-04, 0.000000e+00, 0.000000, 1.818989e-12, 0, 0.119839, 3.644428e-02 
1.168094e-02, 6.502531e-05, 8.747799e-07, 5.073724e-05, 0, 5.831866e-07, 1.224692e-05, 5.831866e-07, 1.251729e-01, 7.083992e-04, 0.000000e+00, 0.000000, 1.818989e-12, 0, 0.138198, 4.078778e-02 
1.175209e-02, 7.114877e-05, 8.747799e-07, 5.569432e-05, 0, 8.747799e-07, 1.312170e-05, 5.831866e-07, 1.251729e-01, 7.083992e-04, 0.000000e+00, 0.000000, 9.094947e-13, 0, 0.121108, 3.700157e-02 
1.182148e-02, 6.939921e-05, 1.166373e-06, 5.452795e-05, 0, 5.831866e-07, 1.283011e-05, 2.915933e-07, 1.251729e-01, 7.083992e-04, 0.000000e+00, 0.000000, 9.094947e-13, 0, 0.121547, 3.554116e-02 
1.189234e-02, 7.085717e-05, 1.166373e-06, 5.511113e-05, 0, 8.747799e-07, 1.312170e-05, 5.831866e-07, 1.251729e-01, 7.083992e-04, 0.000000e+00, 0.000000, 9.094947e-13, 0, 0.119839, 3.644428e-02 
1.196232e-02, 6.998239e-05, 1.166373e-06, 5.481954e-05, 0, 5.831866e-07, 1.283011e-05, 5.831866e-07, 1.251729e-01, 7.083992e-04, 0.000000e+00, 0.000000, 9.094947e-13, 0, 0.138198, 4.078778e-02 
1.203201e-02, 6.969080e-05, 8.747799e-07, 5.452795e-05, 0, 5.831866e-07, 1.283011e-05, 8.747799e-07, 1.251729e-01, 7.083992e-04, 0.000000e+00, 0.000000, 4.547474e-13, 0, 0.121108, 3.700157e-02 
1.209675e-02, 6.473371e-05, 1.166373e-06, 5.044564e-05, 0, 5.831866e-07, 1.224692e-05, 2.915933e-07, 1.251729e-01, 7.083992e-04, 0.000000e+00, 0.000000, 4.547474e-13, 0, 0.121547, 3.554116e-02 
1.216090e-02, 6.415053e-05, 8.747799e-07, 4.957086e-05, 0, 8.747799e-07, 1.224692e-05, 5.831866e-07, 1.251729e-01, 7.083992e-04, 0.000000e+00, 0.000000, 4.547474e-13, 0, 0.119839, 3.644428e-02 
1.222563e-02, 6.473371e-05, 8.747799e-07, 5.015405e-05, 0, 8.747799e-07, 1.224692e-05, 5.831866e-07, 1.251729e-01, 7.083992e-04, 0.000000e+00, 0.000000, 4.547474e-13, 0, 0.138198, 4.078778e-02 
1.229066e-02, 6.502531e-05, 1.166373e-06, 5.073724e-05, 0, 5.831866e-07, 1.195533e-05, 5.831866e-07, 1.251729e-01, 7.083992e-04, 0.000000e+00, 0.000000, 2.273737e-13, 0, 0.121108, 3.700157e-02 
1.235539e-02, 6.473371e-05, 1.166373e-06, 5.015405e-05, 0, 5.831866e-07, 1.224692e-05, 5.831866e-07, 1.251729e-01, 7.083992e-04, 0.000000e+00, 0.000000, 2.273737e-13, 0, 0.121547, 3.554116e-02 
1.241983e-02, 6.444212e-05, 8.747799e-07, 5.044564e-05, 0, 5.831866e-07, 1.195533e-05, 5.831866e-07, 1.251729e-01, 7.083992e-04, 0.000000e+00, 0.000000, 2.273737e-13, 0, 0.119839, 3.644428e-02 
1.248428e-02, 6.444212e-05, 1.166373e-06, 5.015405e-05, 0, 5.831866e-07, 1.195533e-05, 5.831866e-07, 1.251729e-01, 7.083992e-04, 0.000000e+00, 0.000000, 2.273737e-13, 0, 0.138198, 4.078778e-02 
1.254843e-02, 6.415053e-05, 8.747799e-07, 5.044564e-05, 0, 5.831866e-07, 1.166373e-05, 5.831866e-07, 1.251729e-01, 7.083992e-04, 0.000000e+00, 0.000000, 1.136868e-13, 0, 0.121108, 3.700157e-02 
1.261345e-02, 6.502531e-05, 1.166373e-06, 5.044564e-05, 0, 8.747799e-07, 1.195533e-05, 5.831866e-07, 1.251729e-01, 7.083992e-04, 0.000000e+00, 0.000000, 1.136868e-13, 0, 0.121547, 3.554116e-02 
1.267760e-02, 6.415053e-05, 1.166373e-06, 4.986246e-05, 0, 5.831866e-07, 1.195533e-05, 5.831866e-07, 1.251729e-01, 7.083992e-04, 0.000000e+00, 0.000000, 1.136868e-13, 0, 0.119839, 3.644428e-02 
1.278053e-02, 1.029324e-04, 1.166373e-06, 8.252091e-05, 0, 8.747799e-07, 1.749560e-05, 8.747799e-07, 1.251729e-01, 7.083992e-04, 0.000000e+00, 0.000000, 1.136868e-13, 0, 0.138198, 4.078778e-02 
1.284585e-02, 6.531690e-05, 1.166373e-06, 5.044564e-05, 0, 8.747799e-07, 1.195533e-05, 8.747799e-07, 1.251729e-01, 7.083992e-04, 0.000000e+00, 0.000000, 5.684342e-14, 0, 0.121108, 3.700157e-02 
1.290971e-02, 6.385893e-05, 1.166373e-06, 4.957086e-05, 0, 5.831866e-07, 1.195533e-05, 5.831866e-07, 1.251729e-01, 7.083992e-04, 0.000000e+00, 0.000000, 5.684342e-14, 0, 0.121547, 3.554116e-02 
1.297299e-02, 6.327575e-05, 8.747799e-07, 4.927927e-05, 0, 5.831866e-07, 1.195533e-05, 5.831866e-07, 1.251729e-01, 7.083992e-04, 0.000000e+00, 0.000000, 5.684342e-14, 0, 0.119839, 3.644428e-02 
1.303655e-02, 6.356734e-05, 1.166373e-06, 4.927927e-05, 0, 5.831866e-07, 1.195533e-05, 5.831866e-07, 1.251729e-01, 7.083992e-04, 0.000000e+00, 0.000000, 5.684342e-14, 0, 0.138198, 4.078778e-02 
1.310070e-02, 6.415053e-05, 8.747799e-07, 5.015405e-05, 0, 5.831866e-07, 1.166373e-05, 8.747799e-07, 1.251729e-01, 7.083992e-04, 0.000000e+00, 0.000000, 2.842171e-14, 0, 0.121108, 3.700157e-02 
1.316427e-02, 6.356734e-05, 8.747799e-07, 4.986246e-05, 0, 5.831866e-07, 1.166373e-05, 5.831866e-07, 1.251729e-01, 7.083992e-04, 0.000000e+00, 0.000000, 2.842171e-14, 0, 0.121547, 3.554116e-02 
1.322784e-02, 6.356734e-05, 1.166373e-06, 4.927927e-05, 0, 5.831866e-07, 1.195533e-05, 5.831866e-07, 1.251729e-01, 7.083992e-04, 0.000000e+00, 0.000000, 2.842171e-14, 0, 0.119839, 3.644428e-02 
1.329141e-02, 6.356734e-05, 1.166373e-06, 4.957086e-05, 0, 5.831866e-07, 1.166373e-05, 5.831866e-07, 1.251729e-01, 7.083992e-04, 0.000000e+00, 0.000000, 2.842171e-14, 0, 0.138198, 4.078778e-02 
1.335527e-02, 6.385893e-05, 1.166373e-06, 4.957086e-05, 0, 5.831866e-07, 1.195533e-05, 5.831866e-07, 1.251729e-01, 7.083992e-04, 0.000000e+00, 0.000000, 1.421085e-14, 0, 0.121108, 3.700157e-02 
1.341854e-02, 6.327575e-05, 1.166373e-06, 4.927927e-05, 0, 5.831866e-07, 1.166373e-05, 5.831866e-07, 1.251729e-01, 7.083992e-04, 0.000000e+00, 0.000000, 1.421085e-14, 0, 0.121547, 3.554116e-02 
1.348298e-02, 6.444212e-05, 1.166373e-06, 4.986246e-05, 0, 5.831866e-07, 1.224692e-05, 5.831866e-07, 1.251729e-01, 7.083992e-04, 0.000000e+00, 0.000000, 1.421085e-14, 0, 0.119839, 3.644428e-02 
1.354568e-02, 6.269256e-05, 1.166373e-06, 4.869608e-05, 0, 5.831866e-07, 1.166373e-05, 5.831866e-07, 1.251729e-01, 7.083992e-04, 0.000000e+00, 0.000000, 1.421085e-14, 0, 0.138198, 4.078778e-02 
1.360953e-02, 6.385893e-05, 8.747799e-07, 5.015405e-05, 0, 5.831866e-07, 1.166373e-05, 5.831866e-07, 1.251729e-01, 7.083992e-04, 0.000000e+00, 0.000000, 7.105427e-15, 0, 0.121108, 3.700157e-02 
1.367194e-02, 6.240097e-05, 8.747799e-07, 4.869608e-05, 0, 5.831866e-07, 1.195533e-05, 2.915933e-07, 1.251729e-01, 7.083992e-04, 0.000000e+00, 0.000000, 7.105427e-15, 0, 0.121547, 3.554116e-02 
1.373579e-02, 6.385893e-05, 8.747799e-07, 4.957086e-05, 0, 8.747799e-07, 1.195533e-05, 5.831866e-07, 1.251729e-01, 7.083992e-04, 0.000000e+00, 0.000000, 7.105427e-15, 0, 0.119839, 3.644428e-02 
1.379936e-02, 6.356734e-05, 8.747799e-07, 4.957086e-05, 0, 5.831866e-07, 1.195533e-05, 5.831866e-07, 1.251729e-01, 7.083992e-04, 0.000000e+00, 0.000000, 7.105427e-15, 0, 0.138198, 4.078778e-02 
1.386293e-02, 6.356734e-05, 8.747799e-07, 4.957086e-05, 0, 5.831866e-07, 1.195533e-05, 5.831866e-07, 1.251729e-01, 7.083992e-04, 0.000000e+00, 0.000000, 3.552714e-15, 0, 0.121108, 3.700157e-02 
1.392679e-02, 6.385893e-05, 1.166373e-06, 4.927927e-05, 0, 5.831866e-07, 1.224692e-05, 5.831866e-07, 1.251729e-01, 7.083992e-04, 0.000000e+00, 0.000000, 3.552714e-15, 0, 0.121547, 3.554116e-02 
1.399065e-02, 6.385893e-05, 8.747799e-07, 4.986246e-05, 0, 5.831866e-07, 1.195533e-05, 5.831866e-07, 1.251729e-01, 7.083992e-04, 0.000000e+00, 0.000000, 3.552714e-15, 0, 0.119839, 3.644428e-02 
1.405451e-02, 6.385893e-05, 8.747799e-07, 4.986246e-05, 0, 5.831866e-07, 1.195533e-05, 5.831866e-07, 1.251729e-01, 7.083992e-04, 0.000000e+00, 0.000000, 3.552714e-15, 0, 0.138198, 4.078778e-02 
1.411895e-02, 6.444212e-05, 8.747799e-07, 4.986246e-05, 0, 5.831866e-07, 1.224692e-05, 8.747799e-07, 1.251729e-01, 7.083992e-04, 0.000000e+00, 0.000000, 1.776357e-15, 0, 0.121108, 3.700157e-02 
1.418310e-02, 6.415053e-05, 1.166373e-06, 4.927927e-05, 0, 8.747799e-07, 1.224692e-05, 5.831866e-07, 1.251729e-01, 7.083992e-04, 0.000000e+00, 0.000000, 1.776357e-15, 0, 0.121547, 3.554116e-02 
1.424637e-02, 6.327575e-05, 8.747799e-07, 4.927927e-05, 0, 5.831866e-07, 1.195533e-05, 5.831866e-07, 1.251729e-01, 7.083992e-04, 0.000000e+00, 0.000000, 1.776357e-15, 0, 0.119839, 3.644428e-02 
1.430994e-02, 6.356734e-05, 8.747799e-07, 4.957086e-05, 0, 8.747799e-07, 1.195533e-05, 2.915933e-07, 1.251729e-01, 7.083992e-04, 0.000000e+00, 0.000000, 1.776357e-15, 0, 0.138198, 4.078778e-02 
1.437409e-02, 6.415053e-05, 8.747799e-07, 5.015405e-05, 0, 5.831866e-07, 1.195533e-05, 5.831866e-07, 1.251729e-01, 7.083992e-04, 0.000000e+00, 0.000000, 8.881784e-16, 0, 0.121108, 3.700157e-02 
1.444116e-02, 6.706646e-05, 1.166373e-06, 5.190361e-05, 0, 5.831866e-07, 1.283011e-05, 5.831866e-07, 1.251729e-01, 7.083992e-04, 0.000000e+00, 0.000000, 8.881784e-16, 0, 0.121547, 3.554116e-02 
1.450473e-02, 6.356734e-05, 8.747799e-07, 4.986246e-05, 0, 5.831866e-07, 1.166373e-05, 5.831866e-07, 1.251729e-01, 7.083992e-04, 0.000000e+00, 0.000000, 8.881784e-16, 0, 0.119839, 3.644428e-02 
1.456917e-02, 6.444212e-05, 8.747799e-07, 5.044564e-05, 0, 5.831866e-07, 1.195533e-05, 5.831866e-07, 1.251729e-01, 7.083992e-04, 0.000000e+00, 0.000000, 8.881784e-16, 0, 0.138198, 4.078778e-02 
1.463361e-02, 6.444212e-05, 8.747799e-07, 5.015405e-05, 0, 5.831866e-07, 1.195533e-05, 8.747799e-07, 1.251729e-01, 7.083992e-04, 0.000000e+00, 0.000000, 4.440892e-16, 0, 0.121108, 3.700157e-02 
1.469689e-02, 6.327575e-05, 8.747799e-07, 4.927927e-05, 0, 8.747799e-07, 1.195533e-05, 2.915933e-07, 1.251729e-01, 7.083992e-04, 0.000000e+00, 0.000000, 4.440892e-16, 0, 0.121547, 3.554116e-02 
1.476074e-02, 6.385893e-05, 8.747799e-07, 4.986246e-05, 0, 5.831866e-07, 1.195533e-05, 5.831866e-07, 1.251729e-01, 7.083992e-04, 0.000000e+00, 0.000000, 4.440892e-16, 0, 0.119839, 3.644428e-02 
1.482344e-02, 6.269256e-05, 8.747799e-07, 4.898768e-05, 0, 5.831866e-07, 1.166373e-05, 5.831866e-07, 1.251729e-01, 7.083992e-04, 0.000000e+00, 0.000000, 4.440892e-16, 0, 0.138198, 4.078778e-02 
1.488700e-02, 6.356734e-05, 8.747799e-07, 4.957086e-05, 0, 5.831866e-07, 1.195533e-05, 5.831866e-07, 1.251729e-01, 7.083992e-04, 0.000000e+00, 0.000000, 2.220446e-16, 0, 0.121108, 3.700157e-02 
1.495728e-02, 7.027399e-05, 1.166373e-06, 5.511113e-05, 0, 5.831866e-07, 1.283011e-05, 5.831866e-07, 1.251729e-01, 7.083992e-04, 0.000000e+00, 0.000000, 2.220446e-16, 0, 0.121547, 3.554116e-02 
1.502143e-02, 6.415053e-05, 8.747799e-07, 4.986246e-05, 0, 8.747799e-07, 1.195533e-05, 5.831866e-07, 1.251729e-01, 7.083992e-04, 0.000000e+00, 0.000000, 2.220446e-16, 0, 0.119839, 3.644428e-02 
1.508529e-02, 6.385893e-05, 8.747799e-07, 4.986246e-05, 0, 5.831866e-07, 1.195533e-05, 5.831866e-07, 1.251729e-01, 7.083992e-04, 0.000000e+00, 0.000000, 2.220446e-16, 0, 0.138198, 4.078778e-02 
1.514856e-02, 6.327575e-05, 8.747799e-07, 4.957086e-05, 0, 5.831866e-07, 1.166373e-05, 5.831866e-07, 1.251729e-01, 7.083992e-04, 0.000000e+00, 0.000000, 1.110223e-16, 0, 0.121108, 3.700157e-02 
1.521913e-02, 7.056558e-05, 1.166373e-06, 5.481954e-05, 0, 8.747799e-07, 1.312170e-05, 5.831866e-07, 1.251729e-01, 7.083992e-04, 0.000000e+00, 0.000000, 1.110223e-16, 0, 0.121547, 3.554116e-02 
1.528824e-02, 6.910761e-05, 8.747799e-07, 5.394476e-05, 0, 5.831866e-07, 1.312170e-05, 5.831866e-07, 1.251729e-01, 7.083992e-04, 0.000000e+00, 0.000000, 1.110223e-16, 0, 0.119839, 3.644428e-02 
1.535705e-02, 6.881602e-05, 8.747799e-07, 5.394476e-05, 0, 8.747799e-07, 1.253851e-05, 5.831866e-07, 1.251729e-01, 7.083992e-04, 0.000000e+00, 0.000000, 1.110223e-16, 0, 0.138198, 4.078778e-02 
1.545182e-02, 9.476782e-05, 1.166373e-06, 7.289833e-05, 0, 1.166373e-06, 1.866197e-05, 8.747799e-07, 1.251729e-01, 7.083992e-04, 0.000000e+00, 0.000000, 5.551115e-17, 0, 0.121108, 3.700157e-02 
1.554542e-02, 9.360145e-05, 1.749560e-06, 7.406470e-05, 0, 8.747799e-07, 1.632923e-05, 5.831866e-07, 1.251729e-01, 7.083992e-04, 0.000000e+00, 0.000000, 5.551115e-17, 0, 0.121547, 3.554116e-02 
1.564252e-02, 9.710057e-05, 1.749560e-06, 7.523107e-05, 0, 8.747799e-07, 1.837038e-05, 8.747799e-07, 1.251729e-01, 7.083992e-04, 0.000000e+00, 0.000000, 5.551115e-17, 0, 0.119839, 3.644428e-02 
1.570755e-02, 6.502531e-05, 8.747799e-07, 5.073724e-05, 0, 5.831866e-07, 1.224692e-05, 5.831866e-07, 1.251729e-01, 7.083992e-04, 0.000000e+00, 0.000000, 5.551115e-17, 0, 0.138198, 4.078778e-02 
1.577199e-02, 6.444212e-05, 8.747799e-07, 5.015405e-05, 0, 5.831866e-07, 1.224692e-05, 5.831866e-07, 1.251729e-01, 7.083992e-04, 0.000000e+00, 0.000000, 2.775558e-17, 0, 0.121108, 3.700157e-02 
1.583672e-02, 6.473371e-05, 8.747799e-07, 5.044564e-05, 0, 5.831866e-07, 1.224692e-05, 5.831866e-07, 1.251729e-01, 7.083992e-04, 0.000000e+00, 0.000000, 2.775558e-17, 0, 0.121547, 3.554116e-02 
1.590029e-02, 6.356734e-05, 1.166373e-06, 4.957086e-05, 0, 5.831866e-07, 1.166373e-05, 5.831866e-07, 1.251729e-01, 7.083992e-04, 0.000000e+00, 0.000000, 2.775558e-17, 0, 0.119839, 3.644428e-02 
1.596532e-02, 6.502531e-05, 8.747799e-07, 5.073724e-05, 0, 5.831866e-07, 1.224692e-05, 5.831866e-07, 1.251729e-01, 7.083992e-04, 0.000000e+00, 0.000000, 2.775558e-17, 0, 0.138198, 4.078778e-02 
1.602888e-02, 6.356734e-05, 8.747799e-07, 4.927927e-05, 0, 5.831866e-07, 1.195533e-05, 8.747799e-07, 1.251729e-01, 7.083992e-04, 0.000000e+00, 0.000000, 1.387779e-17, 0, 0.121108, 3.700157e-02 
1.609303e-02, 6.415053e-05, 8.747799e-07, 5.015405e-05, 0, 5.831866e-07, 1.195533e-05, 5.831866e-07, 1.251729e-01, 7.083992e-04, 0.000000e+00, 0.000000, 1.387779e-17, 0, 0.121547, 3.554116e-02 
1.616243e-02, 6.939921e-05, 1.166373e-06, 5.394476e-05, 0, 8.747799e-07, 1.283011e-05, 5.831866e-07, 1.251729e-01, 7.083992e-04, 0.000000e+00, 0.000000, 1.387779e-17, 0, 0.119839, 3.644428e-02 
1.623154e-02, 6.910761e-05, 1.166373e-06, 5.365317e-05, 0, 5.831866e-07, 1.312170e-05, 5.831866e-07, 1.251729e-01, 7.083992e-04, 0.000000e+00, 0.000000, 1.387779e-17, 0, 0.138198, 4.078778e-02 
1.630152e-02, 6.998239e-05, 8.747799e-07, 5.423636e-05, 0, 8.747799e-07, 1.312170e-05, 8.747799e-07, 1.251729e-01, 7.083992e-04, 0.000000e+00, 0.000000, 6.938894e-18, 0, 0.121108, 3.700157e-02 
1.637063e-02, 6.910761e-05, 1.166373e-06, 5.394476e-05, 0, 5.831866e-07, 1.283011e-05, 5.831866e-07, 1.251729e-01, 7.083992e-04, 0.000000e+00, 0.000000, 6.938894e-18, 0, 0.121547, 3.554116e-02 
1.644615e-02, 7.552267e-05, 1.166373e-06, 6.094300e-05, 0, 5.831866e-07, 1.224692e-05, 5.831866e-07, 1.251729e-01, 7.083992e-04, 0.000000e+00, 0.000000, 6.938894e-18, 0, 0.119839, 3.644428e-02 
1.650972e-02, 6.356734e-05, 8.747799e-07, 4.957086e-05, 0, 5.831866e-07, 1.195533e-05, 5.831866e-07, 1.251729e-01, 7.083992e-04, 0.000000e+00, 0.000000, 6.938894e-18, 0, 0.138198, 4.078778e-02 
1.657446e-02, 6.473371e-05, 8.747799e-07, 5.073724e-05, 0, 5.831866e-07, 1.195533e-05, 5.831866e-07, 1.251729e-01, 7.083992e-04, 0.000000e+00, 0.000000, 3.469447e-18, 0, 0.121108, 3.700157e-02 
1.663773e-02, 6.327575e-05, 8.747799e-07, 4.927927e-05, 0, 8.747799e-07, 1.166373e-05, 5.831866e-07, 1.251729e-01, 7.083992e-04, 0.000000e+00, 0.000000, 3.469447e-18, 0, 0.121547, 3.554116e-02 
1.670159e-02, 6.385893e-05, 8.747799e-07, 4.986246e-05, 0, 5.831866e-07, 1.195533e-05, 5.831866e-07, 1.251729e-01, 7.083992e-04, 0.000000e+00, 0.000000, 3.469447e-18, 0, 0.119839, 3.644428e-02 
1.676516e-02, 6.356734e-05, 8.747799e-07, 4.957086e-05, 0, 5.831866e-07, 1.195533e-05, 5.831866e-07, 1.251729e-01, 7.083992e-04, 0.000000e+00, 0.000000, 3.469447e-18, 0, 0.138198, 4.078778e-02 
1.688267e-02, 1.175121e-04, 8.747799e-07, 1.032240e-04, 0, 5.831866e-07, 1.195533e-05, 8.747799e-07, 1.251729e-01, 7.083992e-04, 0.000000e+00, 0.000000, 1.734723e-18, 0, 0.121108, 3.700157e-02 
1.694682e-02, 6.415053e-05, 1.166373e-06, 4.986246e-05, 0, 5.831866e-07, 1.195533e-05, 5.831866e-07, 1.251729e-01, 7.083992e-04, 0.000000e+00, 0.000000, 1.734723e-18, 0, 0.121547, 3.554116e-02 
1.701039e-02, 6.356734e-05, 1.166373e-06, 4.927927e-05, 0, 8.747799e-07, 1.166373e-05, 5.831866e-07, 1.251729e-01, 7.083992e-04, 0.000000e+00, 0.000000, 1.734723e-18, 0, 0.119839, 3.644428e-02 
1.707337e-02, 6.298415e-05, 1.166373e-06, 4.898768e-05, 0, 5.831866e-07, 1.166373e-05, 5.831866e-07, 1.251729e-01, 7.083992e-04, 0.000000e+00, 0.000000, 1.734723e-18, 0, 0.138198, 4.078778e-02 
1.713723e-02, 6.385893e-05, 1.166373e-06, 4.957086e-05, 0, 5.831866e-07, 1.195533e-05, 5.831866e-07, 1.251729e-01, 7.083992e-04, 0.000000e+00, 0.000000, 8.673617e-19, 0, 0.121108, 3.700157e-02 
1.720080e-02, 6.356734e-05, 8.747799e-07, 4.957086e-05, 0, 5.831866e-07, 1.224692e-05, 2.915933e-07, 1.251729e-01, 7.083992e-04, 0.000000e+00, 0.000000, 8.673617e-19, 0, 0.121547, 3.554116e-02 
1.726407e-02, 6.327575e-05, 8.747799e-07, 4.927927e-05, 0, 5.831866e-07, 1.195533e-05, 5.831866e-07, 1.251729e-01, 7.083992e-04, 0.000000e+00, 0.000000, 8.673617e-19, 0, 0.119839, 3.644428e-02 
1.732793e-02, 6.385893e-05, 1.166373e-06, 4.927927e-05, 0, 8.747799e-07, 1.195533e-05, 5.831866e-07, 1.251729e-01, 7.083992e-04, 0.000000e+00, 0.000000, 8.673617e-19, 0, 0.138198, 4.078778e-02 
1.739179e-02, 6.385893e-05, 1.166373e-06, 4.957086e-05, 0, 5.831866e-07, 1.195533e-05, 5.831866e-07, 1.251729e-01, 7.083992e-04, 0.000000e+00, 0.000000, 8.673617e-19, 0, 0.121108, 3.700157e-02 
0.750000, 0, 0, 0, 0, 0, 0, 0, 0, 0, 0, 0, 0, 0, 0 ,0