TRM WS=0, MS=2, TRMstep=0: ub=0.800000, lb=0.200000, grow=2.000000,shrink=0.500000, b_w=3,b_m=3, lr=30.000000, lambda=0.000000, n=9, n0=2, n1=2, n2=1, sub_tol=0.001000, sub_maxit=1000, tol=1.000000e-08, m=4, nobias=0 
time, iter_t, subset_m_time, g_time, subset_w_time, p1_time, t2, t3, total error, total gmag, rho, sigma, gamma, step, approx error, approx gmag 
4.146457e-04, 4.146457e-04, 5.306998e-05, 1.778719e-04, 0, 3.586598e-05, 8.077135e-05, 6.706646e-05, 1.390250e-01, 1.091447e-02, 0.000000e+00, 0.000000, 3.000000e+01, 0, 0.166062, 2.204836e-02 
6.380062e-04, 2.233605e-04, 5.686069e-05, 1.510453e-04, 0, 1.457967e-06, 1.312170e-05, 8.747799e-07, 2.064245e-01, 9.765106e-03, 0.000000e+00, 0.000000, 3.000000e+01, 0, 0.273610, 1.381499e-02 
8.450374e-04, 2.070312e-04, 6.444212e-05, 7.727223e-05, 0, 5.219520e-05, 1.253851e-05, 5.831866e-07, 1.307570e-01, 6.936548e-03, 0.000000e+00, 0.000000, 3.000000e+01, 0, 0.149129, 1.736713e-02 
1.070439e-03, 2.254016e-04, 6.648327e-05, 7.610585e-05, 0, 8.747799e-07, 1.253851e-05, 6.939921e-05, 1.891511e-01, 1.190415e-02, 0.000000e+00, 0.000000, 3.000000e+01, 0, 0.127644, 6.529864e-03 
1.178620e-03, 1.081811e-04, 8.456206e-06, 8.310409e-05, 0, 1.457967e-06, 1.428807e-05, 8.747799e-07, 1.500884e-01, 1.204287e-02, 0.000000e+00, 0.000000, 3.000000e+01, 0, 0.114978, 3.660116e-03 
1.281844e-03, 1.032240e-04, 7.289833e-06, 8.135453e-05, 0, 5.831866e-07, 1.312170e-05, 8.747799e-07, 1.335249e-01, 8.151526e-03, 0.000000e+00, 0.000000, 3.000000e+01, 0, 0.110506, 2.555495e-03 
1.383610e-03, 1.017661e-04, 6.998239e-06, 8.047975e-05, 0, 5.831866e-07, 1.312170e-05, 5.831866e-07, 1.446781e-01, 1.120464e-02, 0.000000e+00, 0.000000, 3.000000e+01, 0, 0.176575, 2.075867e-02 
1.685701e-03, 3.020907e-04, 7.289833e-06, 2.011994e-04, 0, 8.747799e-07, 1.341329e-05, 7.931338e-05, 1.877372e-01, 1.155915e-02, 0.000000e+00, 0.000000, 3.000000e+01, 0, 0.246801, 1.700142e-02 
1.790674e-03, 1.049736e-04, 7.581426e-06, 8.252091e-05, 0, 8.747799e-07, 1.341329e-05, 5.831866e-07, 1.284187e-01, 5.528291e-03, 0.000000e+00, 0.000000, 3.000000e+01, 0, 0.112798, 5.271254e-03 
1.895356e-03, 1.046820e-04, 7.289833e-06, 8.310409e-05, 0, 5.831866e-07, 1.312170e-05, 5.831866e-07, 1.514582e-01, 1.195844e-02, 0.000000e+00, 0.000000, 3.000000e+01, 0, 0.191436, 2.019921e-02 
1.999747e-03, 1.043904e-04, 7.581426e-06, 8.252091e-05, 0, 8.747799e-07, 1.283011e-05, 5.831866e-07, 1.752315e-01, 1.225346e-02, 0.000000e+00, 0.000000, 3.000000e+01, 0, 0.122327, 5.669152e-03 
2.110844e-03, 1.110970e-04, 7.289833e-06, 9.097711e-05, 0, 5.831866e-07, 1.166373e-05, 5.831866e-07, 1.432878e-01, 1.058595e-02, 0.000000e+00, 0.000000, 3.000000e+01, 0, 0.175172, 1.979964e-02 
2.206195e-03, 9.535101e-05, 6.706646e-06, 7.523107e-05, 0, 5.831866e-07, 1.224692e-05, 5.831866e-07, 1.811680e-01, 1.191009e-02, 0.000000e+00, 0.000000, 3.000000e+01, 0, 0.237659, 1.762854e-02 
2.300088e-03, 9.389304e-05, 6.415053e-06, 7.435629e-05, 0, 5.831866e-07, 1.195533e-05, 5.831866e-07, 1.332204e-01, 7.862749e-03, 0.000000e+00, 0.000000, 3.000000e+01, 0, 0.112282, 2.530988e-03 
2.396897e-03, 9.680898e-05, 8.456206e-06, 7.523107e-05, 0, 5.831866e-07, 1.195533e-05, 5.831866e-07, 1.437385e-01, 1.058160e-02, 0.000000e+00, 0.000000, 3.000000e+01, 0, 0.111659, 2.468326e-03 
2.491373e-03, 9.447623e-05, 6.706646e-06, 7.464789e-05, 0, 5.831866e-07, 1.166373e-05, 8.747799e-07, 1.351564e-01, 8.602759e-03, 0.000000e+00, 0.000000, 1.500000e+01, 0, 0.159576, 1.823070e-02 
2.629005e-03, 1.376320e-04, 1.108055e-05, 1.064316e-04, 0, 1.166373e-06, 1.749560e-05, 1.457967e-06, 1.812470e-01, 1.184983e-02, 0.000000e+00, 0.000000, 1.500000e+01, 0, 0.237836, 1.750450e-02 
2.750891e-03, 1.218860e-04, 1.078895e-05, 9.564260e-05, 0, 8.747799e-07, 1.370489e-05, 8.747799e-07, 1.336390e-01, 8.108917e-03, 0.000000e+00, 0.000000, 1.500000e+01, 0, 0.157837, 1.771699e-02 
2.855282e-03, 1.043904e-04, 7.581426e-06, 8.252091e-05, 0, 5.831866e-07, 1.312170e-05, 5.831866e-07, 1.325667e-01, 7.680270e-03, 0.000000e+00, 0.000000, 1.500000e+01, 0, 0.110182, 2.718937e-03 
2.958797e-03, 1.035156e-04, 7.289833e-06, 8.164613e-05, 0, 5.831866e-07, 1.312170e-05, 8.747799e-07, 1.364703e-01, 9.085055e-03, 0.000000e+00, 0.000000, 1.500000e+01, 0, 0.108841, 1.855863e-03 
3.063188e-03, 1.043904e-04, 7.873019e-06, 8.135453e-05, 0, 8.747799e-07, 1.341329e-05, 8.747799e-07, 1.368231e-01, 9.267762e-03, 0.000000e+00, 0.000000, 1.500000e+01, 0, 0.162954, 1.890599e-02 
3.167578e-03, 1.043904e-04, 7.581426e-06, 8.193772e-05, 0, 8.747799e-07, 1.341329e-05, 5.831866e-07, 1.311622e-01, 7.366136e-03, 0.000000e+00, 0.000000, 1.500000e+01, 0, 0.149014, 1.770299e-02 
3.270511e-03, 1.029324e-04, 7.581426e-06, 8.106294e-05, 0, 8.747799e-07, 1.283011e-05, 5.831866e-07, 1.338639e-01, 8.483758e-03, 0.000000e+00, 0.000000, 1.500000e+01, 0, 0.113440, 1.819592e-03 
3.373443e-03, 1.029324e-04, 7.289833e-06, 8.106294e-05, 0, 8.747799e-07, 1.283011e-05, 8.747799e-07, 1.371316e-01, 9.413405e-03, 0.000000e+00, 0.000000, 1.500000e+01, 0, 0.107505, 1.989381e-03 
3.476667e-03, 1.032240e-04, 7.289833e-06, 8.106294e-05, 0, 8.747799e-07, 1.312170e-05, 8.747799e-07, 1.364424e-01, 9.332288e-03, 0.000000e+00, 0.000000, 1.500000e+01, 0, 0.106531, 2.096189e-03 
3.580183e-03, 1.035156e-04, 7.289833e-06, 8.164613e-05, 0, 5.831866e-07, 1.312170e-05, 8.747799e-07, 1.359568e-01, 9.320709e-03, 0.000000e+00, 0.000000, 1.500000e+01, 0, 0.113856, 1.251167e-03 
3.683115e-03, 1.029324e-04, 6.998239e-06, 8.193772e-05, 0, 5.831866e-07, 1.283011e-05, 5.831866e-07, 1.371716e-01, 9.594905e-03, 0.000000e+00, 0.000000, 1.500000e+01, 0, 0.164168, 1.914639e-02 
3.785756e-03, 1.026408e-04, 7.289833e-06, 8.135453e-05, 0, 5.831866e-07, 1.283011e-05, 5.831866e-07, 1.301315e-01, 7.289392e-03, 0.000000e+00, 0.000000, 1.500000e+01, 0, 0.146445, 1.783607e-02 
3.889563e-03, 1.038072e-04, 6.998239e-06, 8.222931e-05, 0, 8.747799e-07, 1.312170e-05, 5.831866e-07, 1.337126e-01, 8.771356e-03, 0.000000e+00, 0.000000, 1.500000e+01, 0, 0.104770, 2.460301e-03 
3.992787e-03, 1.032240e-04, 7.289833e-06, 8.135453e-05, 0, 8.747799e-07, 1.312170e-05, 5.831866e-07, 1.347312e-01, 9.255690e-03, 0.000000e+00, 0.000000, 1.500000e+01, 0, 0.103322, 2.536842e-03 
4.095136e-03, 1.023493e-04, 7.289833e-06, 8.106294e-05, 0, 8.747799e-07, 1.253851e-05, 5.831866e-07, 1.342573e-01, 9.317190e-03, 0.000000e+00, 0.000000, 1.500000e+01, 0, 0.159370, 1.902206e-02 
4.196902e-03, 1.017661e-04, 7.581426e-06, 7.989657e-05, 0, 5.831866e-07, 1.283011e-05, 8.747799e-07, 1.299793e-01, 7.998670e-03, 0.000000e+00, 0.000000, 1.500000e+01, 0, 0.145557, 1.890343e-02 
4.300126e-03, 1.032240e-04, 7.289833e-06, 8.135453e-05, 0, 8.747799e-07, 1.283011e-05, 8.747799e-07, 1.330277e-01, 9.247504e-03, 0.000000e+00, 0.000000, 1.500000e+01, 0, 0.158956, 1.851869e-02 
4.403351e-03, 1.032240e-04, 7.289833e-06, 8.135453e-05, 0, 8.747799e-07, 1.312170e-05, 5.831866e-07, 1.285488e-01, 7.827160e-03, 0.000000e+00, 0.000000, 1.500000e+01, 0, 0.142387, 1.890020e-02 
4.505117e-03, 1.017661e-04, 7.289833e-06, 8.077135e-05, 0, 5.831866e-07, 1.253851e-05, 5.831866e-07, 1.326820e-01, 9.513312e-03, 0.000000e+00, 0.000000, 1.500000e+01, 0, 0.116244, 1.541212e-03 
4.608049e-03, 1.029324e-04, 7.289833e-06, 8.106294e-05, 0, 8.747799e-07, 1.283011e-05, 8.747799e-07, 1.336546e-01, 9.704075e-03, 0.000000e+00, 0.000000, 7.500000e+00, 0, 0.115702, 1.408706e-03 
4.710398e-03, 1.023493e-04, 7.289833e-06, 8.106294e-05, 0, 5.831866e-07, 1.283011e-05, 5.831866e-07, 1.340482e-01, 9.730547e-03, 0.000000e+00, 0.000000, 7.500000e+00, 0, 0.099352, 3.173834e-03 
4.812456e-03, 1.020577e-04, 7.289833e-06, 8.047975e-05, 0, 8.747799e-07, 1.283011e-05, 5.831866e-07, 1.328701e-01, 9.562371e-03, 0.000000e+00, 0.000000, 7.500000e+00, 0, 0.159327, 1.876998e-02 
4.913930e-03, 1.014745e-04, 7.289833e-06, 8.018816e-05, 0, 8.747799e-07, 1.253851e-05, 5.831866e-07, 1.198474e-01, 1.871033e-03, 0.000000e+00, 0.000000, 7.500000e+00, 0, 0.122571, 1.195505e-02 
5.016571e-03, 1.026408e-04, 7.289833e-06, 8.047975e-05, 0, 8.747799e-07, 1.312170e-05, 8.747799e-07, 1.220643e-01, 4.805021e-03, 0.000000e+00, 0.000000, 7.500000e+00, 0, 0.140848, 1.378964e-02 
5.117754e-03, 1.011829e-04, 7.289833e-06, 7.989657e-05, 0, 5.831866e-07, 1.283011e-05, 5.831866e-07, 1.200391e-01, 2.645410e-03, 0.000000e+00, 0.000000, 7.500000e+00, 0, 0.126707, 1.248355e-02 
5.221270e-03, 1.035156e-04, 7.873019e-06, 8.135453e-05, 0, 5.831866e-07, 1.283011e-05, 8.747799e-07, 1.211146e-01, 4.182776e-03, 0.000000e+00, 0.000000, 7.500000e+00, 0, 0.112633, 6.301697e-03 
5.324785e-03, 1.035156e-04, 6.998239e-06, 8.164613e-05, 0, 8.747799e-07, 1.312170e-05, 8.747799e-07, 1.248695e-01, 6.878879e-03, 0.000000e+00, 0.000000, 7.500000e+00, 0, 0.148761, 1.553118e-02 
5.427426e-03, 1.026408e-04, 7.289833e-06, 8.106294e-05, 0, 5.831866e-07, 1.283011e-05, 8.747799e-07, 1.190423e-01, 1.578480e-03, 0.000000e+00, 0.000000, 7.500000e+00, 0, 0.120573, 1.131088e-02 
5.529775e-03, 1.023493e-04, 7.289833e-06, 8.106294e-05, 0, 5.831866e-07, 1.283011e-05, 5.831866e-07, 1.216325e-01, 5.023275e-03, 0.000000e+00, 0.000000, 7.500000e+00, 0, 0.125458, 1.639852e-02 
5.632708e-03, 1.029324e-04, 7.289833e-06, 8.164613e-05, 0, 5.831866e-07, 1.253851e-05, 8.747799e-07, 1.195315e-01, 3.556929e-03, 0.000000e+00, 0.000000, 7.500000e+00, 0, 0.101086, 8.304549e-03 
5.733891e-03, 1.011829e-04, 7.289833e-06, 8.018816e-05, 0, 5.831866e-07, 1.253851e-05, 5.831866e-07, 1.234292e-01, 6.907555e-03, 0.000000e+00, 0.000000, 7.500000e+00, 0, 0.117729, 3.330702e-03 
5.837406e-03, 1.035156e-04, 7.581426e-06, 8.135453e-05, 0, 8.747799e-07, 1.283011e-05, 8.747799e-07, 1.261497e-01, 8.109569e-03, 0.000000e+00, 0.000000, 7.500000e+00, 0, 0.116621, 2.282417e-03 
5.938881e-03, 1.014745e-04, 7.289833e-06, 8.018816e-05, 0, 5.831866e-07, 1.253851e-05, 8.747799e-07, 1.280035e-01, 8.758261e-03, 0.000000e+00, 0.000000, 7.500000e+00, 0, 0.150297, 1.834159e-02 
6.041230e-03, 1.023493e-04, 7.289833e-06, 8.106294e-05, 0, 5.831866e-07, 1.283011e-05, 5.831866e-07, 1.176086e-01, 1.516681e-03, 0.000000e+00, 0.000000, 7.500000e+00, 0, 0.119145, 1.034768e-02 
6.150869e-03, 1.096391e-04, 9.039393e-06, 8.397887e-05, 0, 1.166373e-06, 1.457967e-05, 8.747799e-07, 1.203836e-01, 5.208125e-03, 0.000000e+00, 0.000000, 7.500000e+00, 0, 0.123005, 1.674024e-02 
6.255551e-03, 1.046820e-04, 7.581426e-06, 8.222931e-05, 0, 5.831866e-07, 1.312170e-05, 1.166373e-06, 1.180545e-01, 3.670244e-03, 0.000000e+00, 0.000000, 3.750000e+00, 0, 0.097691, 8.430052e-03 
6.358484e-03, 1.029324e-04, 7.289833e-06, 8.164613e-05, 0, 8.747799e-07, 1.253851e-05, 5.831866e-07, 1.218597e-01, 7.011414e-03, 0.000000e+00, 0.000000, 3.750000e+00, 0, 0.118076, 3.185191e-03 
6.462582e-03, 1.040988e-04, 7.289833e-06, 8.252091e-05, 0, 8.747799e-07, 1.283011e-05, 5.831866e-07, 1.230808e-01, 7.589506e-03, 0.000000e+00, 0.000000, 3.750000e+00, 0, 0.090884, 4.830702e-03 
6.566973e-03, 1.043904e-04, 7.581426e-06, 8.252091e-05, 0, 5.831866e-07, 1.312170e-05, 5.831866e-07, 1.237315e-01, 8.063140e-03, 0.000000e+00, 0.000000, 3.750000e+00, 0, 0.144341, 1.739675e-02 
6.669905e-03, 1.029324e-04, 7.289833e-06, 8.164613e-05, 0, 5.831866e-07, 1.253851e-05, 8.747799e-07, 1.173713e-01, 4.256162e-03, 0.000000e+00, 0.000000, 3.750000e+00, 0, 0.121179, 5.608389e-03 
6.774587e-03, 1.046820e-04, 7.289833e-06, 8.252091e-05, 0, 8.747799e-07, 1.312170e-05, 8.747799e-07, 1.188676e-01, 5.498800e-03, 0.000000e+00, 0.000000, 3.750000e+00, 0, 0.132557, 1.506150e-02 
6.879852e-03, 1.052652e-04, 7.581426e-06, 8.281250e-05, 0, 5.831866e-07, 1.341329e-05, 8.747799e-07, 1.156780e-01, 2.224387e-03, 0.000000e+00, 0.000000, 3.750000e+00, 0, 0.120505, 1.153335e-02 
6.983951e-03, 1.040988e-04, 7.289833e-06, 8.222931e-05, 0, 8.747799e-07, 1.312170e-05, 5.831866e-07, 1.155541e-01, 2.265950e-03, 0.000000e+00, 0.000000, 3.750000e+00, 0, 0.105503, 1.363993e-02 
7.087467e-03, 1.035156e-04, 7.289833e-06, 8.193772e-05, 0, 5.831866e-07, 1.283011e-05, 8.747799e-07, 1.153181e-01, 2.537104e-03, 0.000000e+00, 0.000000, 1.875000e+00, 0, 0.121151, 1.190401e-02 
7.196523e-03, 1.090559e-04, 7.581426e-06, 8.602003e-05, 0, 5.831866e-07, 1.399648e-05, 8.747799e-07, 1.149350e-01, 2.097984e-03, 0.000000e+00, 0.000000, 1.875000e+00, 0, 0.103231, 1.339514e-02 
7.300038e-03, 1.035156e-04, 7.581426e-06, 8.164613e-05, 0, 5.831866e-07, 1.283011e-05, 8.747799e-07, 1.145963e-01, 1.776186e-03, 0.000000e+00, 0.000000, 1.875000e+00, 0, 0.126618, 8.461984e-03 
7.402388e-03, 1.023493e-04, 7.289833e-06, 8.106294e-05, 0, 5.831866e-07, 1.253851e-05, 8.747799e-07, 1.148325e-01, 2.319510e-03, 0.000000e+00, 0.000000, 1.875000e+00, 0, 0.119905, 1.157974e-02 
7.505029e-03, 1.026408e-04, 7.289833e-06, 8.135453e-05, 0, 5.831866e-07, 1.253851e-05, 8.747799e-07, 1.144828e-01, 1.723027e-03, 0.000000e+00, 0.000000, 1.875000e+00, 0, 0.115330, 1.029190e-02 
7.606503e-03, 1.014745e-04, 6.998239e-06, 8.047975e-05, 0, 5.831866e-07, 1.283011e-05, 5.831866e-07, 1.146060e-01, 2.159268e-03, 0.000000e+00, 0.000000, 1.875000e+00, 0, 0.130095, 9.955123e-03 
7.708269e-03, 1.017661e-04, 7.289833e-06, 8.018816e-05, 0, 8.747799e-07, 1.253851e-05, 8.747799e-07, 1.143915e-01, 1.728325e-03, 0.000000e+00, 0.000000, 1.875000e+00, 0, 0.115972, 1.007934e-02 
7.814992e-03, 1.067232e-04, 9.330986e-06, 8.222931e-05, 0, 8.747799e-07, 1.341329e-05, 8.747799e-07, 1.145108e-01, 2.164733e-03, 0.000000e+00, 0.000000, 1.875000e+00, 0, 0.102638, 1.351083e-02 
7.917925e-03, 1.029324e-04, 7.581426e-06, 8.106294e-05, 0, 8.747799e-07, 1.253851e-05, 8.747799e-07, 1.141367e-01, 1.784050e-03, 0.000000e+00, 0.000000, 1.875000e+00, 0, 0.097513, 1.178081e-02 
8.019982e-03, 1.020577e-04, 7.289833e-06, 8.047975e-05, 0, 8.747799e-07, 1.253851e-05, 8.747799e-07, 1.142924e-01, 2.527469e-03, 0.000000e+00, 0.000000, 1.875000e+00, 0, 0.119335, 1.195642e-02 
8.122040e-03, 1.020577e-04, 7.289833e-06, 8.077135e-05, 0, 8.747799e-07, 1.253851e-05, 5.831866e-07, 1.138512e-01, 1.773113e-03, 0.000000e+00, 0.000000, 1.875000e+00, 0, 0.115315, 1.045172e-02 
8.224098e-03, 1.020577e-04, 7.289833e-06, 8.047975e-05, 0, 5.831866e-07, 1.312170e-05, 5.831866e-07, 1.139153e-01, 2.083425e-03, 0.000000e+00, 0.000000, 1.875000e+00, 0, 0.113221, 8.939639e-03 
8.325864e-03, 1.017661e-04, 6.998239e-06, 8.047975e-05, 0, 5.831866e-07, 1.283011e-05, 8.747799e-07, 1.142850e-01, 2.870162e-03, 0.000000e+00, 0.000000, 9.375000e-01, 0, 0.110974, 7.823341e-03 
8.427338e-03, 1.014745e-04, 7.289833e-06, 8.018816e-05, 0, 8.747799e-07, 1.253851e-05, 5.831866e-07, 1.148401e-01, 3.695535e-03, 0.000000e+00, 0.000000, 9.375000e-01, 0, 0.107121, 1.558755e-02 
8.527938e-03, 1.005997e-04, 7.289833e-06, 7.960497e-05, 0, 5.831866e-07, 1.253851e-05, 5.831866e-07, 1.141209e-01, 2.886493e-03, 0.000000e+00, 0.000000, 9.375000e-01, 0, 0.109941, 7.945463e-03 
8.628829e-03, 1.008913e-04, 6.998239e-06, 7.960497e-05, 0, 8.747799e-07, 1.283011e-05, 5.831866e-07, 1.143820e-01, 3.300497e-03, 0.000000e+00, 0.000000, 9.375000e-01, 0, 0.109930, 7.308478e-03 
8.730595e-03, 1.017661e-04, 6.998239e-06, 8.047975e-05, 0, 5.831866e-07, 1.283011e-05, 8.747799e-07, 1.146643e-01, 3.692199e-03, 0.000000e+00, 0.000000, 9.375000e-01, 0, 0.106681, 1.559887e-02 
8.831486e-03, 1.008913e-04, 7.289833e-06, 7.989657e-05, 0, 5.831866e-07, 1.253851e-05, 5.831866e-07, 1.139462e-01, 2.883811e-03, 0.000000e+00, 0.000000, 9.375000e-01, 0, 0.109849, 7.943480e-03 
8.932086e-03, 1.005997e-04, 6.998239e-06, 7.960497e-05, 0, 5.831866e-07, 1.253851e-05, 8.747799e-07, 1.142058e-01, 3.296943e-03, 0.000000e+00, 0.000000, 9.375000e-01, 0, 0.109833, 7.307857e-03 
9.034144e-03, 1.020577e-04, 7.289833e-06, 8.077135e-05, 0, 5.831866e-07, 1.283011e-05, 5.831866e-07, 1.144867e-01, 3.688111e-03, 0.000000e+00, 0.000000, 9.375000e-01, 0, 0.134466, 1.140835e-02 
9.135910e-03, 1.017661e-04, 7.289833e-06, 8.047975e-05, 0, 5.831866e-07, 1.253851e-05, 8.747799e-07, 1.139805e-01, 3.064397e-03, 0.000000e+00, 0.000000, 4.687500e-01, 0, 0.109374, 7.714035e-03 
9.237968e-03, 1.020577e-04, 7.289833e-06, 8.047975e-05, 0, 8.747799e-07, 1.283011e-05, 5.831866e-07, 1.142554e-01, 3.473344e-03, 0.000000e+00, 0.000000, 4.687500e-01, 0, 0.105341, 1.535555e-02 
9.339442e-03, 1.014745e-04, 7.289833e-06, 8.018816e-05, 0, 5.831866e-07, 1.283011e-05, 5.831866e-07, 1.139026e-01, 3.076258e-03, 0.000000e+00, 0.000000, 4.687500e-01, 0, 0.110153, 7.559369e-03 
9.441208e-03, 1.017661e-04, 7.289833e-06, 8.018816e-05, 0, 8.747799e-07, 1.283011e-05, 5.831866e-07, 1.140281e-01, 3.272875e-03, 0.000000e+00, 0.000000, 4.687500e-01, 0, 0.108873, 7.464169e-03 
9.543557e-03, 1.023493e-04, 7.581426e-06, 8.018816e-05, 0, 8.747799e-07, 1.283011e-05, 8.747799e-07, 1.141670e-01, 3.472420e-03, 0.000000e+00, 0.000000, 4.687500e-01, 0, 0.105120, 1.536177e-02 
9.645615e-03, 1.020577e-04, 7.289833e-06, 8.018816e-05, 0, 8.747799e-07, 1.312170e-05, 5.831866e-07, 1.138143e-01, 3.075437e-03, 0.000000e+00, 0.000000, 4.687500e-01, 0, 0.110103, 7.557727e-03 
9.746798e-03, 1.011829e-04, 6.998239e-06, 7.989657e-05, 0, 8.747799e-07, 1.253851e-05, 8.747799e-07, 1.139396e-01, 3.271851e-03, 0.000000e+00, 0.000000, 4.687500e-01, 0, 0.133118, 1.094293e-02 
9.848856e-03, 1.020577e-04, 6.998239e-06, 8.047975e-05, 0, 8.747799e-07, 1.283011e-05, 8.747799e-07, 1.137214e-01, 2.981053e-03, 0.000000e+00, 0.000000, 4.687500e-01, 0, 0.102982, 1.476141e-02 
9.949164e-03, 1.003081e-04, 6.706646e-06, 7.931338e-05, 0, 8.747799e-07, 1.253851e-05, 8.747799e-07, 1.134430e-01, 2.629504e-03, 0.000000e+00, 0.000000, 2.343750e-01, 0, 0.131153, 1.022602e-02 
1.005093e-02, 1.017661e-04, 7.289833e-06, 8.047975e-05, 0, 5.831866e-07, 1.283011e-05, 5.831866e-07, 1.133009e-01, 2.395116e-03, 0.000000e+00, 0.000000, 2.343750e-01, 0, 0.111628, 8.437799e-03 
1.015095e-02, 1.000165e-04, 6.998239e-06, 7.931338e-05, 0, 5.831866e-07, 1.253851e-05, 5.831866e-07, 1.133427e-01, 2.487396e-03, 0.000000e+00, 0.000000, 2.343750e-01, 0, 0.130677, 1.005103e-02 
1.025271e-02, 1.017661e-04, 7.289833e-06, 8.047975e-05, 0, 5.831866e-07, 1.253851e-05, 8.747799e-07, 1.132772e-01, 2.376074e-03, 0.000000e+00, 0.000000, 2.343750e-01, 0, 0.130301, 9.908253e-03 
1.035390e-02, 1.011829e-04, 7.289833e-06, 7.960497e-05, 0, 5.831866e-07, 1.283011e-05, 8.747799e-07, 1.132188e-01, 2.272603e-03, 0.000000e+00, 0.000000, 1.171875e-01, 0, 0.129935, 9.767388e-03 
1.045508e-02, 1.011829e-04, 6.998239e-06, 8.018816e-05, 0, 5.831866e-07, 1.283011e-05, 5.831866e-07, 1.131672e-01, 2.177627e-03, 0.000000e+00, 0.000000, 1.171875e-01, 0, 0.099343, 1.357842e-02 
1.055626e-02, 1.011829e-04, 7.581426e-06, 7.931338e-05, 0, 8.747799e-07, 1.283011e-05, 5.831866e-07, 1.131257e-01, 2.119884e-03, 0.000000e+00, 0.000000, 1.171875e-01, 0, 0.129357, 9.534575e-03 
1.065774e-02, 1.014745e-04, 7.289833e-06, 8.018816e-05, 0, 8.747799e-07, 1.253851e-05, 5.831866e-07, 1.131045e-01, 2.079113e-03, 0.000000e+00, 0.000000, 1.171875e-01, 0, 0.098779, 1.338816e-02 
1.076154e-02, 1.038072e-04, 7.289833e-06, 8.193772e-05, 0, 8.747799e-07, 1.283011e-05, 8.747799e-07, 1.130677e-01, 2.028877e-03, 0.000000e+00, 0.000000, 1.171875e-01, 0, 0.112047, 9.200411e-03 
1.086448e-02, 1.029324e-04, 7.289833e-06, 8.135453e-05, 0, 8.747799e-07, 1.283011e-05, 5.831866e-07, 1.130801e-01, 2.065215e-03, 0.000000e+00, 0.000000, 1.171875e-01, 0, 0.129126, 9.438103e-03 
1.096595e-02, 1.014745e-04, 6.998239e-06, 8.047975e-05, 0, 5.831866e-07, 1.253851e-05, 8.747799e-07, 1.130610e-01, 2.027859e-03, 0.000000e+00, 0.000000, 1.171875e-01, 0, 0.128959, 9.370937e-03 
1.106742e-02, 1.014745e-04, 7.289833e-06, 8.018816e-05, 0, 5.831866e-07, 1.283011e-05, 5.831866e-07, 1.130434e-01, 1.993074e-03, 0.000000e+00, 0.000000, 1.171875e-01, 0, 0.112199, 9.277536e-03 
1.116802e-02, 1.005997e-04, 6.998239e-06, 7.960497e-05, 0, 5.831866e-07, 1.253851e-05, 8.747799e-07, 1.130545e-01, 2.027415e-03, 0.000000e+00, 0.000000, 5.859375e-02, 0, 0.112038, 9.203941e-03 
1.127154e-02, 1.035156e-04, 7.873019e-06, 8.135453e-05, 0, 5.831866e-07, 1.312170e-05, 5.831866e-07, 1.130668e-01, 2.063635e-03, 0.000000e+00, 0.000000, 5.859375e-02, 0, 0.098629, 1.335565e-02 
1.137476e-02, 1.032240e-04, 7.289833e-06, 8.164613e-05, 0, 5.831866e-07, 1.283011e-05, 8.747799e-07, 1.130485e-01, 2.038736e-03, 0.000000e+00, 0.000000, 5.859375e-02, 0, 0.111981, 9.180999e-03 
1.147653e-02, 1.017661e-04, 6.998239e-06, 8.047975e-05, 0, 8.747799e-07, 1.283011e-05, 5.831866e-07, 1.130547e-01, 2.056860e-03, 0.000000e+00, 0.000000, 5.859375e-02, 0, 0.112679, 8.997102e-03 
1.157013e-02, 9.360145e-05, 6.706646e-06, 7.348151e-05, 0, 8.747799e-07, 1.166373e-05, 8.747799e-07, 1.130608e-01, 2.075011e-03, 0.000000e+00, 0.000000, 5.859375e-02, 0, 0.112603, 8.961823e-03 
1.167452e-02, 1.043904e-04, 7.289833e-06, 8.252091e-05, 0, 8.747799e-07, 1.312170e-05, 5.831866e-07, 1.130672e-01, 2.093557e-03, 0.000000e+00, 0.000000, 5.859375e-02, 0, 0.129224, 9.480126e-03 
1.177745e-02, 1.029324e-04, 7.581426e-06, 8.135453e-05, 0, 5.831866e-07, 1.283011e-05, 5.831866e-07, 1.130569e-01, 2.073760e-03, 0.000000e+00, 0.000000, 5.859375e-02, 0, 0.129140, 9.446399e-03 
1.187980e-02, 1.023493e-04, 6.998239e-06, 8.047975e-05, 0, 8.747799e-07, 1.312170e-05, 8.747799e-07, 1.130471e-01, 2.054581e-03, 0.000000e+00, 0.000000, 5.859375e-02, 0, 0.112678, 9.001926e-03 
1.198274e-02, 1.029324e-04, 6.998239e-06, 8.164613e-05, 0, 5.831866e-07, 1.283011e-05, 8.747799e-07, 1.130531e-01, 2.072671e-03, 0.000000e+00, 0.000000, 2.929688e-02, 0, 0.111833, 9.112329e-03 
1.208479e-02, 1.020577e-04, 7.289833e-06, 8.077135e-05, 0, 5.831866e-07, 1.283011e-05, 5.831866e-07, 1.130598e-01, 2.091571e-03, 0.000000e+00, 0.000000, 2.929688e-02, 0, 0.129209, 9.475400e-03 
1.218627e-02, 1.014745e-04, 7.289833e-06, 8.047975e-05, 0, 5.831866e-07, 1.253851e-05, 5.831866e-07, 1.130547e-01, 2.081642e-03, 0.000000e+00, 0.000000, 2.929688e-02, 0, 0.098692, 1.339288e-02 
1.230932e-02, 1.230524e-04, 7.581426e-06, 1.008913e-04, 0, 8.747799e-07, 1.283011e-05, 8.747799e-07, 1.130452e-01, 2.068707e-03, 0.000000e+00, 0.000000, 2.929688e-02, 0, 0.129112, 9.435432e-03 
1.241254e-02, 1.032240e-04, 7.873019e-06, 8.077135e-05, 0, 5.831866e-07, 1.312170e-05, 8.747799e-07, 1.130403e-01, 2.059138e-03, 0.000000e+00, 0.000000, 2.929688e-02, 0, 0.112653, 8.992823e-03 
1.251489e-02, 1.023493e-04, 6.998239e-06, 8.106294e-05, 0, 8.747799e-07, 1.283011e-05, 5.831866e-07, 1.130434e-01, 2.068169e-03, 0.000000e+00, 0.000000, 2.929688e-02, 0, 0.098604, 1.336496e-02 
1.261578e-02, 1.008913e-04, 7.289833e-06, 7.989657e-05, 0, 5.831866e-07, 1.253851e-05, 5.831866e-07, 1.130341e-01, 2.055521e-03, 0.000000e+00, 0.000000, 2.929688e-02, 0, 0.111897, 9.146105e-03 
1.272251e-02, 1.067232e-04, 7.289833e-06, 8.660321e-05, 0, 5.831866e-07, 1.166373e-05, 5.831866e-07, 1.130372e-01, 2.064707e-03, 0.000000e+00, 0.000000, 2.929688e-02, 0, 0.098571, 1.335786e-02 
1.281757e-02, 9.505942e-05, 6.706646e-06, 7.348151e-05, 0, 5.831866e-07, 1.341329e-05, 8.747799e-07, 1.130280e-01, 2.052137e-03, 0.000000e+00, 0.000000, 2.929688e-02, 0, 0.112677, 9.006697e-03 
1.291875e-02, 1.011829e-04, 7.289833e-06, 7.989657e-05, 0, 5.831866e-07, 1.253851e-05, 8.747799e-07, 1.130310e-01, 2.061082e-03, 0.000000e+00, 0.000000, 2.929688e-02, 0, 0.112639, 8.989036e-03 
1.320451e-02, 2.857614e-04, 8.456206e-06, 2.557273e-04, 0, 1.166373e-06, 1.953675e-05, 8.747799e-07, 1.130340e-01, 2.070130e-03, 0.000000e+00, 0.000000, 2.929688e-02, 0, 0.098587, 1.336944e-02 
1.330978e-02, 1.052652e-04, 9.622579e-06, 8.135453e-05, 0, 8.747799e-07, 1.283011e-05, 5.831866e-07, 1.130247e-01, 2.057448e-03, 0.000000e+00, 0.000000, 2.929688e-02, 0, 0.098503, 1.334282e-02 
1.341213e-02, 1.023493e-04, 7.581426e-06, 8.106294e-05, 0, 8.747799e-07, 1.195533e-05, 8.747799e-07, 1.130156e-01, 2.045041e-03, 0.000000e+00, 0.000000, 2.929688e-02, 0, 0.098420, 1.331625e-02 
1.350631e-02, 9.418464e-05, 6.998239e-06, 7.406470e-05, 0, 5.831866e-07, 1.195533e-05, 5.831866e-07, 1.130066e-01, 2.032914e-03, 0.000000e+00, 0.000000, 2.929688e-02, 0, 0.098337, 1.328973e-02 
1.360137e-02, 9.505942e-05, 6.998239e-06, 7.493948e-05, 0, 5.831866e-07, 1.195533e-05, 5.831866e-07, 1.129978e-01, 2.021070e-03, 0.000000e+00, 0.000000, 2.929688e-02, 0, 0.112036, 9.216851e-03 
1.369614e-02, 9.476782e-05, 6.706646e-06, 7.493948e-05, 0, 8.747799e-07, 1.166373e-05, 5.831866e-07, 1.130007e-01, 2.029807e-03, 0.000000e+00, 0.000000, 2.929688e-02, 0, 0.112763, 9.052224e-03 
1.379032e-02, 9.418464e-05, 6.706646e-06, 7.377311e-05, 0, 8.747799e-07, 1.195533e-05, 8.747799e-07, 1.130035e-01, 2.038469e-03, 0.000000e+00, 0.000000, 1.464844e-02, 0, 0.112725, 9.034468e-03 
1.388509e-02, 9.476782e-05, 6.998239e-06, 7.464789e-05, 0, 5.831866e-07, 1.195533e-05, 5.831866e-07, 1.130064e-01, 2.047240e-03, 0.000000e+00, 0.000000, 1.464844e-02, 0, 0.098404, 1.332137e-02 
1.397986e-02, 9.476782e-05, 6.998239e-06, 7.464789e-05, 0, 5.831866e-07, 1.195533e-05, 5.831866e-07, 1.130019e-01, 2.041124e-03, 0.000000e+00, 0.000000, 1.464844e-02, 0, 0.111946, 9.174883e-03 
1.407404e-02, 9.418464e-05, 6.706646e-06, 7.435629e-05, 0, 5.831866e-07, 1.195533e-05, 5.831866e-07, 1.130034e-01, 2.045606e-03, 0.000000e+00, 0.000000, 1.464844e-02, 0, 0.112692, 9.019991e-03 
1.416852e-02, 9.447623e-05, 6.998239e-06, 7.406470e-05, 0, 8.747799e-07, 1.195533e-05, 5.831866e-07, 1.130048e-01, 2.050019e-03, 0.000000e+00, 0.000000, 1.464844e-02, 0, 0.098413, 1.332748e-02 
1.426212e-02, 9.360145e-05, 6.415053e-06, 7.435629e-05, 0, 5.831866e-07, 1.166373e-05, 5.831866e-07, 1.130003e-01, 2.043873e-03, 0.000000e+00, 0.000000, 1.464844e-02, 0, 0.128998, 9.382859e-03 
1.435572e-02, 9.360145e-05, 6.706646e-06, 7.435629e-05, 0, 5.831866e-07, 1.137214e-05, 5.831866e-07, 1.129979e-01, 2.039289e-03, 0.000000e+00, 0.000000, 1.464844e-02, 0, 0.111953, 9.178606e-03 
1.444961e-02, 9.389304e-05, 6.415053e-06, 7.435629e-05, 0, 5.831866e-07, 1.195533e-05, 5.831866e-07, 1.129994e-01, 2.043759e-03, 0.000000e+00, 0.000000, 1.464844e-02, 0, 0.128997, 9.382470e-03 
1.454292e-02, 9.330986e-05, 6.415053e-06, 7.348151e-05, 0, 5.831866e-07, 1.195533e-05, 8.747799e-07, 1.129971e-01, 2.039176e-03, 0.000000e+00, 0.000000, 7.324219e-03, 0, 0.128976, 9.374126e-03 
1.463682e-02, 9.389304e-05, 6.706646e-06, 7.435629e-05, 0, 5.831866e-07, 1.166373e-05, 5.831866e-07, 1.129948e-01, 2.034634e-03, 0.000000e+00, 0.000000, 7.324219e-03, 0, 0.098317, 1.329366e-02 
1.473013e-02, 9.330986e-05, 6.415053e-06, 7.406470e-05, 0, 5.831866e-07, 1.166373e-05, 5.831866e-07, 1.129926e-01, 2.031641e-03, 0.000000e+00, 0.000000, 7.324219e-03, 0, 0.111984, 9.194433e-03 
1.482460e-02, 9.447623e-05, 6.706646e-06, 7.464789e-05, 0, 8.747799e-07, 1.166373e-05, 5.831866e-07, 1.129933e-01, 2.033847e-03, 0.000000e+00, 0.000000, 7.324219e-03, 0, 0.098309, 1.329195e-02 
1.491850e-02, 9.389304e-05, 6.706646e-06, 7.406470e-05, 0, 5.831866e-07, 1.166373e-05, 8.747799e-07, 1.129911e-01, 2.030859e-03, 0.000000e+00, 0.000000, 7.324219e-03, 0, 0.098288, 1.328533e-02 
1.501122e-02, 9.272667e-05, 6.415053e-06, 7.318992e-05, 0, 8.747799e-07, 1.166373e-05, 5.831866e-07, 1.129889e-01, 2.027889e-03, 0.000000e+00, 0.000000, 7.324219e-03, 0, 0.111999, 9.202308e-03 
1.510453e-02, 9.330986e-05, 6.415053e-06, 7.348151e-05, 0, 5.831866e-07, 1.195533e-05, 8.747799e-07, 1.129896e-01, 2.030082e-03, 0.000000e+00, 0.000000, 7.324219e-03, 0, 0.128935, 9.356577e-03 
1.519813e-02, 9.360145e-05, 6.706646e-06, 7.435629e-05, 0, 5.831866e-07, 1.137214e-05, 5.831866e-07, 1.129885e-01, 2.027847e-03, 0.000000e+00, 0.000000, 7.324219e-03, 0, 0.098267, 1.327859e-02 
1.529203e-02, 9.389304e-05, 6.415053e-06, 7.406470e-05, 0, 8.747799e-07, 1.166373e-05, 8.747799e-07, 1.129863e-01, 2.024895e-03, 0.000000e+00, 0.000000, 3.662109e-03, 0, 0.098246, 1.327198e-02 
1.538592e-02, 9.389304e-05, 6.706646e-06, 7.406470e-05, 0, 5.831866e-07, 1.166373e-05, 8.747799e-07, 1.129841e-01, 2.021961e-03, 0.000000e+00, 0.000000, 3.662109e-03, 0, 0.112024, 9.214829e-03 
1.547923e-02, 9.330986e-05, 6.706646e-06, 7.348151e-05, 0, 5.831866e-07, 1.195533e-05, 5.831866e-07, 1.129844e-01, 2.023046e-03, 0.000000e+00, 0.000000, 3.662109e-03, 0, 0.128903, 9.342971e-03 
1.557283e-02, 9.360145e-05, 6.706646e-06, 7.406470e-05, 0, 5.831866e-07, 1.166373e-05, 5.831866e-07, 1.129839e-01, 2.021943e-03, 0.000000e+00, 0.000000, 3.662109e-03, 0, 0.112788, 9.068726e-03 
1.566643e-02, 9.360145e-05, 6.706646e-06, 7.377311e-05, 0, 5.831866e-07, 1.166373e-05, 8.747799e-07, 1.129842e-01, 2.023005e-03, 0.000000e+00, 0.000000, 1.831055e-03, 0, 0.128902, 9.342848e-03 
1.576004e-02, 9.360145e-05, 6.415053e-06, 7.406470e-05, 0, 8.747799e-07, 1.166373e-05, 5.831866e-07, 1.129837e-01, 2.021902e-03, 0.000000e+00, 0.000000, 1.831055e-03, 0, 0.128897, 9.340771e-03 
1.585305e-02, 9.301826e-05, 6.415053e-06, 7.377311e-05, 0, 5.831866e-07, 1.166373e-05, 5.831866e-07, 1.129834e-01, 2.021352e-03, 0.000000e+00, 0.000000, 1.831055e-03, 0, 0.112790, 9.069983e-03 
1.594724e-02, 9.418464e-05, 6.706646e-06, 7.464789e-05, 0, 5.831866e-07, 1.166373e-05, 5.831866e-07, 1.129836e-01, 2.021882e-03, 0.000000e+00, 0.000000, 1.831055e-03, 0, 0.112788, 9.068871e-03 
1.604084e-02, 9.360145e-05, 6.706646e-06, 7.377311e-05, 0, 5.831866e-07, 1.195533e-05, 5.831866e-07, 1.129837e-01, 2.022412e-03, 0.000000e+00, 0.000000, 1.831055e-03, 0, 0.112786, 9.067759e-03 
1.613473e-02, 9.389304e-05, 6.706646e-06, 7.464789e-05, 0, 5.831866e-07, 1.137214e-05, 5.831866e-07, 1.129839e-01, 2.022943e-03, 0.000000e+00, 0.000000, 1.831055e-03, 0, 0.098231, 1.326755e-02 
1.623008e-02, 9.535101e-05, 6.706646e-06, 7.552267e-05, 0, 8.747799e-07, 1.166373e-05, 5.831866e-07, 1.129833e-01, 2.022211e-03, 0.000000e+00, 0.000000, 1.831055e-03, 0, 0.112023, 9.214251e-03 
1.632952e-02, 9.943332e-05, 8.164613e-06, 7.610585e-05, 0, 8.747799e-07, 1.341329e-05, 8.747799e-07, 1.129835e-01, 2.022754e-03, 0.000000e+00, 0.000000, 1.831055e-03, 0, 0.128901, 9.342235e-03 
1.642487e-02, 9.535101e-05, 6.998239e-06, 7.493948e-05, 0, 5.831866e-07, 1.195533e-05, 8.747799e-07, 1.129832e-01, 2.022202e-03, 0.000000e+00, 0.000000, 9.155273e-04, 0, 0.128898, 9.341196e-03 
1.651993e-02, 9.505942e-05, 6.706646e-06, 7.493948e-05, 0, 5.831866e-07, 1.195533e-05, 8.747799e-07, 1.129830e-01, 2.021652e-03, 0.000000e+00, 0.000000, 9.155273e-04, 0, 0.112025, 9.215439e-03 
1.661557e-02, 9.564260e-05, 6.706646e-06, 7.552267e-05, 0, 8.747799e-07, 1.195533e-05, 5.831866e-07, 1.129831e-01, 2.021923e-03, 0.000000e+00, 0.000000, 9.155273e-04, 0, 0.112024, 9.214868e-03 
1.671063e-02, 9.505942e-05, 6.706646e-06, 7.464789e-05, 0, 8.747799e-07, 1.224692e-05, 5.831866e-07, 1.129831e-01, 2.022194e-03, 0.000000e+00, 0.000000, 9.155273e-04, 0, 0.128898, 9.341156e-03 
1.680423e-02, 9.360145e-05, 6.706646e-06, 7.377311e-05, 0, 5.831866e-07, 1.195533e-05, 5.831866e-07, 1.129830e-01, 2.021918e-03, 0.000000e+00, 0.000000, 4.577637e-04, 0, 0.128897, 9.340637e-03 
1.690279e-02, 9.855854e-05, 8.164613e-06, 7.639745e-05, 0, 8.747799e-07, 1.224692e-05, 8.747799e-07, 1.129829e-01, 2.021643e-03, 0.000000e+00, 0.000000, 4.577637e-04, 0, 0.098222, 1.326458e-02 
1.699814e-02, 9.535101e-05, 6.706646e-06, 7.552267e-05, 0, 5.831866e-07, 1.195533e-05, 5.831866e-07, 1.129827e-01, 2.021460e-03, 0.000000e+00, 0.000000, 4.577637e-04, 0, 0.112789, 9.069758e-03 
1.709262e-02, 9.447623e-05, 6.706646e-06, 7.464789e-05, 0, 5.831866e-07, 1.195533e-05, 5.831866e-07, 1.129828e-01, 2.021593e-03, 0.000000e+00, 0.000000, 4.577637e-04, 0, 0.098222, 1.326447e-02 
1.718768e-02, 9.505942e-05, 6.706646e-06, 7.523107e-05, 0, 5.831866e-07, 1.166373e-05, 8.747799e-07, 1.129826e-01, 2.021410e-03, 0.000000e+00, 0.000000, 4.577637e-04, 0, 0.098220, 1.326406e-02 
1.728303e-02, 9.535101e-05, 6.706646e-06, 7.552267e-05, 0, 5.831866e-07, 1.195533e-05, 5.831866e-07, 1.129825e-01, 2.021228e-03, 0.000000e+00, 0.000000, 4.577637e-04, 0, 0.112790, 9.070250e-03 
1.737925e-02, 9.622579e-05, 6.706646e-06, 7.493948e-05, 0, 5.831866e-07, 1.341329e-05, 5.831866e-07, 1.129825e-01, 2.021360e-03, 0.000000e+00, 0.000000, 4.577637e-04, 0, 0.128894, 9.339535e-03 
1.748073e-02, 1.014745e-04, 7.289833e-06, 8.018816e-05, 0, 5.831866e-07, 1.283011e-05, 5.831866e-07, 1.129825e-01, 2.021223e-03, 0.000000e+00, 0.000000, 4.577637e-04, 0, 0.112027, 9.216348e-03 
1.758278e-02, 1.020577e-04, 6.998239e-06, 7.989657e-05, 0, 8.747799e-07, 1.312170e-05, 1.166373e-06, 1.129825e-01, 2.021358e-03, 0.000000e+00, 0.000000, 2.288818e-04, 0, 0.128894, 9.339525e-03 
1.768309e-02, 1.003081e-04, 6.998239e-06, 7.960497e-05, 0, 5.831866e-07, 1.253851e-05, 5.831866e-07, 1.129824e-01, 2.021221e-03, 0.000000e+00, 0.000000, 2.288818e-04, 0, 0.128894, 9.339266e-03 
1.778457e-02, 1.014745e-04, 7.289833e-06, 8.018816e-05, 0, 8.747799e-07, 1.253851e-05, 5.831866e-07, 1.129824e-01, 2.021152e-03, 0.000000e+00, 0.000000, 2.288818e-04, 0, 0.112027, 9.216499e-03 
1.787759e-02, 9.301826e-05, 6.706646e-06, 7.348151e-05, 0, 5.831866e-07, 1.166373e-05, 5.831866e-07, 1.129824e-01, 2.021220e-03, 0.000000e+00, 0.000000, 2.288818e-04, 0, 0.128894, 9.339261e-03 
1.797148e-02, 9.389304e-05, 6.706646e-06, 7.377311e-05, 0, 5.831866e-07, 1.195533e-05, 8.747799e-07, 1.129824e-01, 2.021151e-03, 0.000000e+00, 0.000000, 2.288818e-04, 0, 0.098219, 1.326346e-02 
1.806595e-02, 9.447623e-05, 6.998239e-06, 7.435629e-05, 0, 5.831866e-07, 1.195533e-05, 5.831866e-07, 1.129823e-01, 2.021060e-03, 0.000000e+00, 0.000000, 2.288818e-04, 0, 0.098218, 1.326326e-02 
1.820213e-02, 1.361741e-04, 1.195533e-05, 1.064316e-04, 0, 8.747799e-07, 1.603763e-05, 8.747799e-07, 1.129823e-01, 2.020968e-03, 0.000000e+00, 0.000000, 2.288818e-04, 0, 0.112791, 9.070796e-03 
1.831060e-02, 1.084727e-04, 1.049736e-05, 8.310409e-05, 0, 8.747799e-07, 1.341329e-05, 5.831866e-07, 1.129823e-01, 2.021035e-03, 0.000000e+00, 0.000000, 2.288818e-04, 0, 0.112791, 9.070657e-03 
1.861153e-02, 3.009243e-04, 1.632923e-05, 2.638919e-04, 0, 1.166373e-06, 1.837038e-05, 1.166373e-06, 1.129823e-01, 2.021101e-03, 0.000000e+00, 0.000000, 2.288818e-04, 0, 0.098218, 1.326335e-02 
1.872029e-02, 1.087643e-04, 8.747799e-06, 8.427047e-05, 0, 8.747799e-07, 1.428807e-05, 5.831866e-07, 1.129822e-01, 2.021010e-03, 0.000000e+00, 0.000000, 2.288818e-04, 0, 0.128893, 9.338839e-03 
1.881827e-02, 9.797535e-05, 6.998239e-06, 7.727223e-05, 0, 8.747799e-07, 1.224692e-05, 5.831866e-07, 1.129822e-01, 2.020941e-03, 0.000000e+00, 0.000000, 2.288818e-04, 0, 0.112028, 9.216945e-03 
1.891449e-02, 9.622579e-05, 6.998239e-06, 7.610585e-05, 0, 5.831866e-07, 1.195533e-05, 5.831866e-07, 1.129822e-01, 2.021009e-03, 0.000000e+00, 0.000000, 2.288818e-04, 0, 0.112791, 9.070712e-03 
1.901072e-02, 9.622579e-05, 6.706646e-06, 7.581426e-05, 0, 5.831866e-07, 1.195533e-05, 1.166373e-06, 1.129822e-01, 2.021075e-03, 0.000000e+00, 0.000000, 1.144409e-04, 0, 0.112791, 9.070573e-03 
1.910665e-02, 9.593420e-05, 6.706646e-06, 7.552267e-05, 0, 5.831866e-07, 1.224692e-05, 8.747799e-07, 1.129823e-01, 2.021141e-03, 0.000000e+00, 0.000000, 1.144409e-04, 0, 0.112791, 9.070434e-03 
1.920200e-02, 9.535101e-05, 6.998239e-06, 7.552267e-05, 0, 5.831866e-07, 1.166373e-05, 5.831866e-07, 1.129823e-01, 2.021174e-03, 0.000000e+00, 0.000000, 1.144409e-04, 0, 0.112790, 9.070365e-03 
1.929823e-02, 9.622579e-05, 6.998239e-06, 7.552267e-05, 0, 5.831866e-07, 1.253851e-05, 5.831866e-07, 1.129823e-01, 2.021207e-03, 0.000000e+00, 0.000000, 1.144409e-04, 0, 0.098219, 1.326360e-02 
1.939358e-02, 9.535101e-05, 6.998239e-06, 7.493948e-05, 0, 5.831866e-07, 1.224692e-05, 5.831866e-07, 1.129822e-01, 2.021162e-03, 0.000000e+00, 0.000000, 1.144409e-04, 0, 0.128893, 9.339112e-03 
1.948922e-02, 9.564260e-05, 6.706646e-06, 7.581426e-05, 0, 5.831866e-07, 1.195533e-05, 5.831866e-07, 1.129822e-01, 2.021127e-03, 0.000000e+00, 0.000000, 1.144409e-04, 0, 0.112027, 9.216547e-03 
1.958428e-02, 9.505942e-05, 6.998239e-06, 7.493948e-05, 0, 5.831866e-07, 1.195533e-05, 5.831866e-07, 1.129822e-01, 2.021161e-03, 0.000000e+00, 0.000000, 1.144409e-04, 0, 0.128893, 9.339109e-03 
1.967905e-02, 9.476782e-05, 6.706646e-06, 7.493948e-05, 0, 5.831866e-07, 1.195533e-05, 5.831866e-07, 1.129822e-01, 2.021127e-03, 0.000000e+00, 0.000000, 1.144409e-04, 0, 0.112027, 9.216549e-03 
1.977382e-02, 9.476782e-05, 6.706646e-06, 7.493948e-05, 0, 5.831866e-07, 1.166373e-05, 8.747799e-07, 1.129822e-01, 2.021160e-03, 0.000000e+00, 0.000000, 5.722046e-05, 0, 0.128893, 9.339107e-03 
1.986975e-02, 9.593420e-05, 6.998239e-06, 7.523107e-05, 0, 8.747799e-07, 1.224692e-05, 5.831866e-07, 1.129822e-01, 2.021126e-03, 0.000000e+00, 0.000000, 5.722046e-05, 0, 0.128893, 9.339042e-03 
1.996452e-02, 9.476782e-05, 6.998239e-06, 7.464789e-05, 0, 5.831866e-07, 1.195533e-05, 5.831866e-07, 1.129822e-01, 2.021109e-03, 0.000000e+00, 0.000000, 5.722046e-05, 0, 0.112791, 9.070502e-03 
2.005958e-02, 9.505942e-05, 6.706646e-06, 7.523107e-05, 0, 5.831866e-07, 1.166373e-05, 8.747799e-07, 1.129822e-01, 2.021125e-03, 0.000000e+00, 0.000000, 5.722046e-05, 0, 0.128893, 9.339040e-03 
2.015435e-02, 9.476782e-05, 6.706646e-06, 7.464789e-05, 0, 8.747799e-07, 1.195533e-05, 5.831866e-07, 1.129822e-01, 2.021108e-03, 0.000000e+00, 0.000000, 5.722046e-05, 0, 0.098218, 1.326337e-02 
2.024853e-02, 9.418464e-05, 6.706646e-06, 7.464789e-05, 0, 5.831866e-07, 1.166373e-05, 5.831866e-07, 1.129822e-01, 2.021085e-03, 0.000000e+00, 0.000000, 5.722046e-05, 0, 0.112027, 9.216636e-03 
2.034301e-02, 9.447623e-05, 6.998239e-06, 7.435629e-05, 0, 5.831866e-07, 1.166373e-05, 8.747799e-07, 1.129822e-01, 2.021102e-03, 0.000000e+00, 0.000000, 5.722046e-05, 0, 0.098218, 1.326336e-02 
2.043807e-02, 9.505942e-05, 6.998239e-06, 7.464789e-05, 0, 8.747799e-07, 1.195533e-05, 5.831866e-07, 1.129822e-01, 2.021080e-03, 0.000000e+00, 0.000000, 5.722046e-05, 0, 0.112791, 9.070564e-03 
2.053254e-02, 9.447623e-05, 6.706646e-06, 7.464789e-05, 0, 5.831866e-07, 1.166373e-05, 8.747799e-07, 1.129822e-01, 2.021096e-03, 0.000000e+00, 0.000000, 5.722046e-05, 0, 0.098218, 1.326334e-02 
2.062702e-02, 9.447623e-05, 6.706646e-06, 7.493948e-05, 0, 5.831866e-07, 1.166373e-05, 5.831866e-07, 1.129822e-01, 2.021073e-03, 0.000000e+00, 0.000000, 5.722046e-05, 0, 0.112791, 9.070577e-03 
2.072208e-02, 9.505942e-05, 6.998239e-06, 7.493948e-05, 0, 5.831866e-07, 1.166373e-05, 8.747799e-07, 1.129822e-01, 2.021090e-03, 0.000000e+00, 0.000000, 5.722046e-05, 0, 0.112791, 9.070542e-03 
2.081714e-02, 9.505942e-05, 6.706646e-06, 7.493948e-05, 0, 8.747799e-07, 1.195533e-05, 5.831866e-07, 1.129822e-01, 2.021106e-03, 0.000000e+00, 0.000000, 5.722046e-05, 0, 0.112791, 9.070508e-03 
2.091249e-02, 9.535101e-05, 6.998239e-06, 7.523107e-05, 0, 5.831866e-07, 1.166373e-05, 8.747799e-07, 1.129822e-01, 2.021123e-03, 0.000000e+00, 0.000000, 2.861023e-05, 0, 0.128893, 9.339027e-03 
2.100755e-02, 9.505942e-05, 6.706646e-06, 7.493948e-05, 0, 8.747799e-07, 1.195533e-05, 5.831866e-07, 1.129822e-01, 2.021106e-03, 0.000000e+00, 0.000000, 2.861023e-05, 0, 0.112791, 9.070509e-03 
2.110173e-02, 9.418464e-05, 6.706646e-06, 7.435629e-05, 0, 5.831866e-07, 1.166373e-05, 8.747799e-07, 1.129822e-01, 2.021114e-03, 0.000000e+00, 0.000000, 2.861023e-05, 0, 0.112027, 9.216574e-03 
2.119621e-02, 9.447623e-05, 6.706646e-06, 7.493948e-05, 0, 5.831866e-07, 1.166373e-05, 5.831866e-07, 1.129822e-01, 2.021123e-03, 0.000000e+00, 0.000000, 2.861023e-05, 0, 0.112027, 9.216556e-03 
2.129156e-02, 9.535101e-05, 6.998239e-06, 7.493948e-05, 0, 5.831866e-07, 1.195533e-05, 8.747799e-07, 1.129822e-01, 2.021131e-03, 0.000000e+00, 0.000000, 2.861023e-05, 0, 0.128893, 9.339041e-03 
2.139187e-02, 1.003081e-04, 8.164613e-06, 7.698063e-05, 0, 8.747799e-07, 1.341329e-05, 8.747799e-07, 1.129822e-01, 2.021122e-03, 0.000000e+00, 0.000000, 2.861023e-05, 0, 0.112791, 9.070474e-03 
2.148751e-02, 9.564260e-05, 6.706646e-06, 7.581426e-05, 0, 5.831866e-07, 1.195533e-05, 5.831866e-07, 1.129822e-01, 2.021131e-03, 0.000000e+00, 0.000000, 2.861023e-05, 0, 0.128893, 9.339040e-03 
2.158286e-02, 9.535101e-05, 6.706646e-06, 7.523107e-05, 0, 5.831866e-07, 1.224692e-05, 5.831866e-07, 1.129822e-01, 2.021122e-03, 0.000000e+00, 0.000000, 2.861023e-05, 0, 0.112791, 9.070475e-03 
2.167938e-02, 9.651738e-05, 6.998239e-06, 7.552267e-05, 0, 8.747799e-07, 1.224692e-05, 8.747799e-07, 1.129822e-01, 2.021130e-03, 0.000000e+00, 0.000000, 1.430511e-05, 0, 0.112027, 9.216539e-03 
2.177560e-02, 9.622579e-05, 6.998239e-06, 7.581426e-05, 0, 8.747799e-07, 1.195533e-05, 5.831866e-07, 1.129822e-01, 2.021139e-03, 0.000000e+00, 0.000000, 1.430511e-05, 0, 0.128893, 9.339055e-03 
2.187066e-02, 9.505942e-05, 6.998239e-06, 7.493948e-05, 0, 5.831866e-07, 1.195533e-05, 5.831866e-07, 1.129822e-01, 2.021135e-03, 0.000000e+00, 0.000000, 1.430511e-05, 0, 0.112027, 9.216530e-03 
2.196864e-02, 9.797535e-05, 8.747799e-06, 7.581426e-05, 0, 5.831866e-07, 1.224692e-05, 5.831866e-07, 1.129822e-01, 2.021139e-03, 0.000000e+00, 0.000000, 1.430511e-05, 0, 0.112790, 9.070439e-03 
2.206399e-02, 9.535101e-05, 6.415053e-06, 7.552267e-05, 0, 5.831866e-07, 1.195533e-05, 8.747799e-07, 1.129822e-01, 2.021143e-03, 0.000000e+00, 0.000000, 7.152557e-06, 0, 0.128893, 9.339062e-03 
2.215876e-02, 9.476782e-05, 6.706646e-06, 7.464789e-05, 0, 8.747799e-07, 1.195533e-05, 5.831866e-07, 1.129822e-01, 2.021139e-03, 0.000000e+00, 0.000000, 7.152557e-06, 0, 0.112790, 9.070440e-03 
2.225323e-02, 9.447623e-05, 6.706646e-06, 7.464789e-05, 0, 5.831866e-07, 1.195533e-05, 5.831866e-07, 1.129822e-01, 2.021141e-03, 0.000000e+00, 0.000000, 7.152557e-06, 0, 0.128893, 9.339058e-03 
2.234888e-02, 9.564260e-05, 6.706646e-06, 7.552267e-05, 0, 5.831866e-07, 1.224692e-05, 5.831866e-07, 1.129822e-01, 2.021139e-03, 0.000000e+00, 0.000000, 7.152557e-06, 0, 0.098218, 1.326344e-02 
2.244423e-02, 9.535101e-05, 6.706646e-06, 7.552267e-05, 0, 5.831866e-07, 1.166373e-05, 8.747799e-07, 1.129822e-01, 2.021136e-03, 0.000000e+00, 0.000000, 7.152557e-06, 0, 0.128893, 9.339048e-03 
2.253987e-02, 9.564260e-05, 6.706646e-06, 7.552267e-05, 0, 5.831866e-07, 1.195533e-05, 8.747799e-07, 1.129822e-01, 2.021134e-03, 0.000000e+00, 0.000000, 7.152557e-06, 0, 0.112027, 9.216532e-03 
2.263464e-02, 9.476782e-05, 6.706646e-06, 7.464789e-05, 0, 8.747799e-07, 1.166373e-05, 8.747799e-07, 1.129822e-01, 2.021136e-03, 0.000000e+00, 0.000000, 7.152557e-06, 0, 0.112791, 9.070446e-03 
2.272941e-02, 9.476782e-05, 6.706646e-06, 7.493948e-05, 0, 8.747799e-07, 1.166373e-05, 5.831866e-07, 1.129822e-01, 2.021138e-03, 0.000000e+00, 0.000000, 7.152557e-06, 0, 0.128893, 9.339052e-03 
2.282417e-02, 9.476782e-05, 6.415053e-06, 7.493948e-05, 0, 5.831866e-07, 1.195533e-05, 8.747799e-07, 1.129822e-01, 2.021136e-03, 0.000000e+00, 0.000000, 7.152557e-06, 0, 0.112790, 9.070446e-03 
2.291923e-02, 9.505942e-05, 6.706646e-06, 7.523107e-05, 0, 5.831866e-07, 1.195533e-05, 5.831866e-07, 1.129822e-01, 2.021138e-03, 0.000000e+00, 0.000000, 7.152557e-06, 0, 0.128893, 9.339052e-03 
2.301429e-02, 9.505942e-05, 6.706646e-06, 7.493948e-05, 0, 8.747799e-07, 1.166373e-05, 8.747799e-07, 1.129822e-01, 2.021135e-03, 0.000000e+00, 0.000000, 7.152557e-06, 0, 0.112027, 9.216528e-03 
2.310789e-02, 9.360145e-05, 6.706646e-06, 7.406470e-05, 0, 5.831866e-07, 1.137214e-05, 8.747799e-07, 1.129822e-01, 2.021138e-03, 0.000000e+00, 0.000000, 7.152557e-06, 0, 0.128893, 9.339052e-03 
2.320354e-02, 9.564260e-05, 6.706646e-06, 7.552267e-05, 0, 5.831866e-07, 1.195533e-05, 8.747799e-07, 1.129822e-01, 2.021135e-03, 0.000000e+00, 0.000000, 3.576279e-06, 0, 0.098218, 1.326343e-02 
2.329947e-02, 9.593420e-05, 6.415053e-06, 7.581426e-05, 0, 8.747799e-07, 1.224692e-05, 5.831866e-07, 1.129822e-01, 2.021133e-03, 0.000000e+00, 0.000000, 3.576279e-06, 0, 0.112027, 9.216534e-03 
2.339366e-02, 9.418464e-05, 6.706646e-06, 7.435629e-05, 0, 8.747799e-07, 1.166373e-05, 5.831866e-07, 1.129822e-01, 2.021134e-03, 0.000000e+00, 0.000000, 3.576279e-06, 0, 0.128893, 9.339044e-03 
2.348988e-02, 9.622579e-05, 8.164613e-06, 7.493948e-05, 0, 5.831866e-07, 1.195533e-05, 5.831866e-07, 1.129822e-01, 2.021133e-03, 0.000000e+00, 0.000000, 3.576279e-06, 0, 0.112027, 9.216534e-03 
2.358436e-02, 9.447623e-05, 6.706646e-06, 7.464789e-05, 0, 5.831866e-07, 1.195533e-05, 5.831866e-07, 1.129822e-01, 2.021134e-03, 0.000000e+00, 0.000000, 3.576279e-06, 0, 0.128893, 9.339044e-03 
0.750000, 0, 0, 0, 0, 0, 0, 0, 0, 0, 0, 0, 0, 0, 0 ,0