TRM WS=1, MS=2, TRMstep=0: ub=0.800000, lb=0.200000, grow=2.000000,shrink=0.500000, b_w=2,b_m=4, lr=0.400000, lambda=0.000000, n=9, n0=2, n1=2, n2=1, sub_tol=0.001000, sub_maxit=1000, tol=1.000000e-08, m=4 
time, iter_t, subset_m_time, g_time, subset_w_time, p1_time, t2, t3, total error, total gmag, rho, sigma, gamma, step, approx error, approx gmag 
8.462038e-03, 8.462038e-03, 5.700649e-04, 9.357229e-04, 1.327333e-03, 3.852531e-03, 5.802707e-04, 1.196116e-03, 1.286151e-01, 5.831189e-03, 0.000000e+00, 0.000000, 4.000000e-01, 0, 0.128615, 5.831189e-03 
1.416356e-02, 5.701524e-03, 3.522447e-04, 4.855029e-04, 4.166868e-04, 3.343992e-03, 2.431888e-04, 8.599087e-04, 1.282838e-01, 5.232696e-03, 0.000000e+00, 0.000000, 4.000000e-01, 0, 0.128284, 5.232696e-03 
1.721771e-02, 3.054148e-03, 2.740977e-05, 8.572843e-05, 2.828455e-05, 2.872486e-03, 2.274428e-05, 1.749560e-05, 1.274599e-01, 4.170146e-03, 0.000000e+00, 0.000000, 4.000000e-01, 0, 0.127460, 4.170146e-03 
2.037217e-02, 3.154456e-03, 3.674076e-05, 1.242187e-04, 4.198944e-05, 2.894064e-03, 3.090889e-05, 2.653499e-05, 1.273187e-01, 4.323946e-03, 0.000000e+00, 0.000000, 4.000000e-01, 0, 0.127319, 4.323946e-03 
2.334175e-02, 2.969586e-03, 3.207526e-05, 1.151794e-04, 4.490537e-05, 2.723773e-03, 3.265845e-05, 2.099472e-05, 1.252636e-01, 1.276091e-03, 0.000000e+00, 0.000000, 4.000000e-01, 0, 0.125264, 1.276091e-03 
2.639590e-02, 3.054148e-03, 3.674076e-05, 7.348151e-05, 4.023988e-05, 2.834287e-03, 4.023988e-05, 2.915933e-05, 1.251601e-01, 7.544010e-04, 0.000000e+00, 0.000000, 4.000000e-01, 0, 0.125160, 7.544010e-04 
2.945617e-02, 3.060272e-03, 6.152619e-05, 7.289833e-05, 6.648327e-05, 2.806586e-03, 3.790713e-05, 1.487126e-05, 1.250100e-01, 7.864922e-05, 0.000000e+00, 0.000000, 4.000000e-01, 0, 0.125010, 7.864922e-05 
3.262054e-02, 3.164371e-03, 6.473371e-05, 7.435629e-05, 6.035981e-05, 2.906894e-03, 4.286422e-05, 1.516285e-05, 1.249963e-01, 1.807546e-04, 0.000000e+00, 0.000000, 4.000000e-01, 0, 0.124996, 1.807546e-04 
3.588726e-02, 3.266720e-03, 6.969080e-05, 9.039393e-05, 5.627751e-05, 3.019157e-03, 3.003411e-05, 1.166373e-06, 1.249924e-01, 2.235738e-04, 0.000000e+00, 0.000000, 4.000000e-01, 0, 0.124992, 2.235738e-04 
3.901460e-02, 3.127338e-03, 4.169784e-05, 7.960497e-05, 7.289833e-05, 2.899312e-03, 3.295004e-05, 8.747799e-07, 1.249129e-01, 3.040299e-04, 0.000000e+00, 0.000000, 4.000000e-01, 0, 0.124913, 3.040299e-04 
4.195969e-02, 2.945092e-03, 8.164613e-06, 7.289833e-05, 5.219520e-05, 2.766929e-03, 2.566021e-05, 1.924516e-05, 1.249078e-01, 2.735300e-04, 0.000000e+00, 0.000000, 4.000000e-01, 0, 0.124908, 2.735300e-04 
4.499285e-02, 3.033154e-03, 8.456206e-06, 7.377311e-05, 5.540273e-05, 2.863738e-03, 1.166373e-05, 2.011994e-05, 1.249063e-01, 2.738171e-04, 0.000000e+00, 0.000000, 4.000000e-01, 0, 0.124906, 2.738171e-04 
4.800151e-02, 3.008660e-03, 8.164613e-06, 1.116802e-04, 5.656910e-05, 2.766929e-03, 1.137214e-05, 5.394476e-05, 1.248777e-01, 3.607816e-04, 0.000000e+00, 0.000000, 4.000000e-01, 0, 0.124878, 3.607816e-04 
5.163826e-02, 3.636752e-03, 8.164613e-06, 9.535101e-05, 7.639745e-05, 2.729313e-03, 1.108055e-05, 7.164448e-04, 1.248778e-01, 3.568706e-04, 0.000000e+00, 0.000000, 2.000000e-01, 0, 0.124878, 3.568706e-04 
5.468658e-02, 3.048316e-03, 8.747799e-06, 7.348151e-05, 9.505942e-05, 2.803378e-03, 3.586598e-05, 3.178367e-05, 1.243496e-01, 4.805329e-04, 0.000000e+00, 0.000000, 2.000000e-01, 0, 0.124350, 4.805329e-04 
5.776522e-02, 3.078642e-03, 3.878191e-05, 7.348151e-05, 1.011829e-04, 2.832829e-03, 3.149208e-05, 8.747799e-07, 1.242892e-01, 5.212637e-04, 0.000000e+00, 0.000000, 2.000000e-01, 0, 0.124289, 5.212637e-04 
6.079925e-02, 3.034028e-03, 6.123459e-05, 8.339569e-05, 1.035156e-04, 2.731063e-03, 5.394476e-05, 8.747799e-07, 1.240414e-01, 8.262521e-04, 0.000000e+00, 0.000000, 2.000000e-01, 0, 0.124041, 8.262521e-04 
6.380353e-02, 3.004286e-03, 3.936510e-05, 1.116802e-04, 8.922755e-05, 2.725523e-03, 3.790713e-05, 5.831866e-07, 1.240352e-01, 8.280832e-04, 0.000000e+00, 0.000000, 2.000000e-01, 0, 0.124035, 8.280832e-04 
6.678274e-02, 2.979209e-03, 4.140625e-05, 9.739216e-05, 8.951915e-05, 2.738353e-03, 1.166373e-05, 8.747799e-07, 1.239886e-01, 6.690239e-04, 0.000000e+00, 0.000000, 2.000000e-01, 0, 0.123989, 6.690239e-04 
6.987946e-02, 3.096721e-03, 8.747799e-06, 1.116802e-04, 4.869608e-05, 2.857906e-03, 1.108055e-05, 5.861025e-05, 1.239886e-01, 6.823246e-04, 0.000000e+00, 0.000000, 1.000000e-01, 0, 0.123989, 6.823246e-04 
7.286188e-02, 2.982416e-03, 3.761554e-05, 1.329665e-04, 2.915933e-05, 2.735437e-03, 1.137214e-05, 3.586598e-05, 1.237290e-01, 9.135053e-04, 0.000000e+00, 0.000000, 1.000000e-01, 0, 0.123729, 9.135053e-04 
7.597026e-02, 3.108385e-03, 4.140625e-05, 1.038072e-04, 2.974252e-05, 2.885607e-03, 1.224692e-05, 3.557438e-05, 1.234353e-01, 8.292838e-04, 0.000000e+00, 0.000000, 1.000000e-01, 0, 0.123435, 8.292838e-04 
7.931659e-02, 3.346325e-03, 7.406470e-05, 1.312170e-04, 3.120048e-05, 3.064062e-03, 1.108055e-05, 3.469960e-05, 1.232890e-01, 9.621917e-04, 0.000000e+00, 0.000000, 1.000000e-01, 0, 0.123289, 9.621917e-04 
8.228734e-02, 2.970753e-03, 1.003081e-04, 9.564260e-05, 5.102883e-05, 2.711818e-03, 1.137214e-05, 5.831866e-07, 1.232138e-01, 9.192722e-04, 0.000000e+00, 0.000000, 1.000000e-01, 0, 0.123214, 9.192722e-04 
8.534499e-02, 3.057647e-03, 6.764965e-05, 7.260673e-05, 7.523107e-05, 2.787632e-03, 5.365317e-05, 8.747799e-07, 1.231990e-01, 9.216095e-04, 0.000000e+00, 0.000000, 1.000000e-01, 0, 0.123199, 9.216095e-04 
8.839447e-02, 3.049483e-03, 1.061400e-04, 7.318992e-05, 9.564260e-05, 2.731063e-03, 4.257262e-05, 8.747799e-07, 1.231389e-01, 9.506846e-04, 0.000000e+00, 0.000000, 1.000000e-01, 0, 0.123139, 9.506846e-04 
9.153289e-02, 3.138419e-03, 7.814701e-05, 7.902179e-05, 6.531690e-05, 2.902520e-03, 1.253851e-05, 8.747799e-07, 1.229672e-01, 1.045942e-03, 0.000000e+00, 0.000000, 1.000000e-01, 0, 0.122967, 1.045942e-03 
9.443803e-02, 2.905144e-03, 3.936510e-05, 7.406470e-05, 4.023988e-05, 2.738936e-03, 1.166373e-05, 8.747799e-07, 1.228093e-01, 1.111133e-03, 0.000000e+00, 0.000000, 1.000000e-01, 0, 0.122809, 1.111133e-03 
9.732043e-02, 2.882400e-03, 4.169784e-05, 7.406470e-05, 3.849032e-05, 2.715900e-03, 1.166373e-05, 5.831866e-07, 1.226490e-01, 1.236875e-03, 0.000000e+00, 0.000000, 1.000000e-01, 0, 0.122649, 1.236875e-03 
1.002606e-01, 2.940135e-03, 8.456206e-06, 1.134298e-04, 6.415053e-06, 2.763721e-03, 1.166373e-05, 3.644916e-05, 1.226026e-01, 1.364171e-03, 0.000000e+00, 0.000000, 1.000000e-01, 0, 0.122603, 1.364171e-03 
1.031625e-01, 2.901937e-03, 8.164613e-06, 1.230524e-04, 6.415053e-06, 2.715900e-03, 1.108055e-05, 3.732394e-05, 1.224828e-01, 1.597051e-03, 0.000000e+00, 0.000000, 1.000000e-01, 0, 0.122483, 1.597051e-03 
1.060222e-01, 2.859656e-03, 8.456206e-06, 7.348151e-05, 6.123459e-06, 2.715900e-03, 1.516285e-05, 4.053147e-05, 1.222636e-01, 1.436286e-03, 0.000000e+00, 0.000000, 1.000000e-01, 0, 0.122264, 1.436286e-03 
1.091787e-01, 3.156498e-03, 3.994828e-05, 7.406470e-05, 6.123459e-06, 3.024406e-03, 1.108055e-05, 8.747799e-07, 1.221889e-01, 1.461321e-03, 0.000000e+00, 0.000000, 1.000000e-01, 0, 0.122189, 1.461321e-03 
1.121237e-01, 2.945092e-03, 4.198944e-05, 7.318992e-05, 6.123459e-06, 2.768678e-03, 5.452795e-05, 5.831866e-07, 1.221464e-01, 1.477734e-03, 0.000000e+00, 0.000000, 1.000000e-01, 0, 0.122146, 1.477734e-03 
1.150231e-01, 2.899312e-03, 4.257262e-05, 7.318992e-05, 6.415053e-06, 2.724939e-03, 5.132042e-05, 8.747799e-07, 1.220617e-01, 1.443708e-03, 0.000000e+00, 0.000000, 1.000000e-01, 0, 0.122062, 1.443708e-03 
1.179235e-01, 2.900479e-03, 4.461378e-05, 7.318992e-05, 6.123459e-06, 2.764013e-03, 1.166373e-05, 8.747799e-07, 1.220042e-01, 1.537748e-03, 0.000000e+00, 0.000000, 1.000000e-01, 0, 0.122004, 1.537748e-03 
1.209127e-01, 2.989123e-03, 8.456206e-06, 7.318992e-05, 6.123459e-06, 2.889398e-03, 1.137214e-05, 5.831866e-07, 1.214497e-01, 1.482205e-03, 0.000000e+00, 0.000000, 1.000000e-01, 0, 0.121450, 1.482205e-03 
1.238163e-01, 2.903686e-03, 8.747799e-06, 7.348151e-05, 6.123459e-06, 2.764888e-03, 1.137214e-05, 3.907350e-05, 1.214029e-01, 1.480721e-03, 0.000000e+00, 0.000000, 1.000000e-01, 0, 0.121403, 1.480721e-03 
1.266031e-01, 2.786757e-03, 7.873019e-06, 7.202355e-05, 6.123459e-06, 2.688782e-03, 1.108055e-05, 8.747799e-07, 1.213528e-01, 1.482804e-03, 0.000000e+00, 0.000000, 1.000000e-01, 0, 0.121353, 1.482804e-03 
1.293712e-01, 2.768095e-03, 8.164613e-06, 7.289833e-05, 6.123459e-06, 2.668954e-03, 1.108055e-05, 8.747799e-07, 1.213020e-01, 1.488814e-03, 0.000000e+00, 0.000000, 1.000000e-01, 0, 0.121302, 1.488814e-03 
1.321402e-01, 2.768970e-03, 7.873019e-06, 7.202355e-05, 6.123459e-06, 2.671286e-03, 1.108055e-05, 5.831866e-07, 1.212955e-01, 1.502149e-03, 0.000000e+00, 0.000000, 1.000000e-01, 0, 0.121295, 1.502149e-03 
1.349508e-01, 2.810668e-03, 8.164613e-06, 7.144036e-05, 5.831866e-06, 2.712693e-03, 1.195533e-05, 5.831866e-07, 1.207665e-01, 1.489659e-03, 0.000000e+00, 0.000000, 1.000000e-01, 0, 0.120766, 1.489659e-03 
1.377548e-01, 2.803961e-03, 8.747799e-06, 7.843860e-05, 7.873019e-06, 2.696946e-03, 1.137214e-05, 5.831866e-07, 1.207123e-01, 1.500541e-03, 0.000000e+00, 0.000000, 1.000000e-01, 0, 0.120712, 1.500541e-03 
1.406920e-01, 2.937219e-03, 8.164613e-06, 7.289833e-05, 5.831866e-06, 2.838369e-03, 1.108055e-05, 8.747799e-07, 1.206118e-01, 1.530177e-03, 0.000000e+00, 0.000000, 1.000000e-01, 0, 0.120612, 1.530177e-03 
1.435109e-01, 2.818832e-03, 8.456206e-06, 7.289833e-05, 6.123459e-06, 2.719691e-03, 1.108055e-05, 5.831866e-07, 1.204720e-01, 1.617796e-03, 0.000000e+00, 0.000000, 1.000000e-01, 0, 0.120472, 1.617796e-03 
1.463408e-01, 2.829913e-03, 7.873019e-06, 7.260673e-05, 5.831866e-06, 2.728147e-03, 1.457967e-05, 8.747799e-07, 1.198707e-01, 1.639069e-03, 0.000000e+00, 0.000000, 1.000000e-01, 0, 0.119871, 1.639069e-03 
1.491211e-01, 2.780342e-03, 8.164613e-06, 7.202355e-05, 5.831866e-06, 2.682950e-03, 1.078895e-05, 5.831866e-07, 1.197662e-01, 1.717032e-03, 0.000000e+00, 0.000000, 1.000000e-01, 0, 0.119766, 1.717032e-03 
1.519309e-01, 2.809793e-03, 8.164613e-06, 7.202355e-05, 5.831866e-06, 2.711818e-03, 1.137214e-05, 5.831866e-07, 1.196096e-01, 1.691062e-03, 0.000000e+00, 0.000000, 1.000000e-01, 0, 0.119610, 1.691062e-03 
1.550370e-01, 3.106052e-03, 7.873019e-06, 7.260673e-05, 6.123459e-06, 3.007785e-03, 1.108055e-05, 5.831866e-07, 1.193338e-01, 1.863166e-03, 0.000000e+00, 0.000000, 1.000000e-01, 0, 0.119334, 1.863166e-03 
1.578362e-01, 2.799296e-03, 8.164613e-06, 7.114877e-05, 5.831866e-06, 2.702487e-03, 1.108055e-05, 5.831866e-07, 1.187290e-01, 1.800061e-03, 0.000000e+00, 0.000000, 1.000000e-01, 0, 0.118729, 1.800061e-03 
1.608601e-01, 3.023823e-03, 9.330986e-06, 7.493948e-05, 6.123459e-06, 2.914767e-03, 1.691241e-05, 1.749560e-06, 1.185616e-01, 1.898165e-03, 0.000000e+00, 0.000000, 1.000000e-01, 0, 0.118562, 1.898165e-03 
1.642376e-01, 3.377525e-03, 1.253851e-05, 1.020577e-04, 7.581426e-06, 3.242226e-03, 1.224692e-05, 8.747799e-07, 1.185020e-01, 1.839854e-03, 0.000000e+00, 0.000000, 1.000000e-01, 0, 0.118502, 1.839854e-03 
1.673871e-01, 3.149499e-03, 8.747799e-06, 7.377311e-05, 6.415053e-06, 3.048900e-03, 1.108055e-05, 5.831866e-07, 1.184197e-01, 1.987079e-03, 0.000000e+00, 0.000000, 1.000000e-01, 0, 0.118420, 1.987079e-03 
1.702433e-01, 2.856156e-03, 8.456206e-06, 7.318992e-05, 6.415053e-06, 2.754974e-03, 1.224692e-05, 8.747799e-07, 1.182704e-01, 2.012729e-03, 0.000000e+00, 0.000000, 1.000000e-01, 0, 0.118270, 2.012729e-03 
1.731227e-01, 2.879484e-03, 9.039393e-06, 8.047975e-05, 6.415053e-06, 2.771886e-03, 1.108055e-05, 5.831866e-07, 1.180910e-01, 2.015421e-03, 0.000000e+00, 0.000000, 1.000000e-01, 0, 0.118091, 2.015421e-03 
1.759579e-01, 2.835162e-03, 7.873019e-06, 7.231514e-05, 6.123459e-06, 2.736895e-03, 1.108055e-05, 8.747799e-07, 1.177313e-01, 2.035298e-03, 0.000000e+00, 0.000000, 1.000000e-01, 0, 0.117731, 2.035298e-03 
1.787444e-01, 2.786466e-03, 8.164613e-06, 7.173195e-05, 5.831866e-06, 2.688782e-03, 1.108055e-05, 8.747799e-07, 1.170518e-01, 2.048967e-03, 0.000000e+00, 0.000000, 1.000000e-01, 0, 0.117052, 2.048967e-03 
1.817562e-01, 3.011867e-03, 8.164613e-06, 7.260673e-05, 5.831866e-06, 2.913309e-03, 1.108055e-05, 8.747799e-07, 1.168602e-01, 2.080270e-03, 0.000000e+00, 0.000000, 1.000000e-01, 0, 0.116860, 2.080270e-03 
1.847264e-01, 2.970169e-03, 1.137214e-05, 1.011829e-04, 9.039393e-06, 2.836620e-03, 1.108055e-05, 8.747799e-07, 1.167152e-01, 2.115048e-03, 0.000000e+00, 0.000000, 1.000000e-01, 0, 0.116715, 2.115048e-03 
1.875356e-01, 2.809210e-03, 8.456206e-06, 7.202355e-05, 6.123459e-06, 2.710360e-03, 1.137214e-05, 8.747799e-07, 1.165527e-01, 2.167731e-03, 0.000000e+00, 0.000000, 1.000000e-01, 0, 0.116553, 2.167731e-03 
1.903819e-01, 2.846242e-03, 8.164613e-06, 7.231514e-05, 6.415053e-06, 2.747392e-03, 1.108055e-05, 8.747799e-07, 1.162048e-01, 2.303864e-03, 0.000000e+00, 0.000000, 1.000000e-01, 0, 0.116205, 2.303864e-03 
1.933030e-01, 2.921182e-03, 8.164613e-06, 7.202355e-05, 6.123459e-06, 2.821748e-03, 1.224692e-05, 8.747799e-07, 1.159681e-01, 2.278393e-03, 0.000000e+00, 0.000000, 1.000000e-01, 0, 0.115968, 2.278393e-03 
1.962965e-01, 2.993497e-03, 8.747799e-06, 7.960497e-05, 6.706646e-06, 2.887065e-03, 1.078895e-05, 5.831866e-07, 1.158954e-01, 2.304565e-03, 0.000000e+00, 0.000000, 1.000000e-01, 0, 0.115895, 2.304565e-03 
1.991950e-01, 2.898437e-03, 8.164613e-06, 7.231514e-05, 6.123459e-06, 2.799879e-03, 1.108055e-05, 8.747799e-07, 1.157511e-01, 2.335398e-03, 0.000000e+00, 0.000000, 1.000000e-01, 0, 0.115751, 2.335398e-03 
2.021191e-01, 2.924098e-03, 8.456206e-06, 7.289833e-05, 6.123459e-06, 2.824373e-03, 1.137214e-05, 8.747799e-07, 1.156204e-01, 2.404709e-03, 0.000000e+00, 0.000000, 1.000000e-01, 0, 0.115620, 2.404709e-03 
2.049154e-01, 2.796380e-03, 8.164613e-06, 7.406470e-05, 6.123459e-06, 2.696072e-03, 1.108055e-05, 8.747799e-07, 1.154962e-01, 2.432590e-03, 0.000000e+00, 0.000000, 1.000000e-01, 0, 0.115496, 2.432590e-03 
2.077853e-01, 2.869861e-03, 8.164613e-06, 7.873019e-05, 6.415053e-06, 2.763721e-03, 1.195533e-05, 8.747799e-07, 1.150651e-01, 2.492831e-03, 0.000000e+00, 0.000000, 1.000000e-01, 0, 0.115065, 2.492831e-03 
2.108039e-01, 3.018574e-03, 9.039393e-06, 7.873019e-05, 6.415053e-06, 2.912142e-03, 1.137214e-05, 8.747799e-07, 1.149113e-01, 2.547215e-03, 0.000000e+00, 0.000000, 1.000000e-01, 0, 0.114911, 2.547215e-03 
2.138382e-01, 3.034320e-03, 8.456206e-06, 7.289833e-05, 6.415053e-06, 2.934887e-03, 1.108055e-05, 5.831866e-07, 1.146492e-01, 2.542887e-03, 0.000000e+00, 0.000000, 1.000000e-01, 0, 0.114649, 2.542887e-03 
2.170498e-01, 3.211609e-03, 7.873019e-06, 7.202355e-05, 6.123459e-06, 3.113342e-03, 1.137214e-05, 8.747799e-07, 1.145286e-01, 2.607767e-03, 0.000000e+00, 0.000000, 1.000000e-01, 0, 0.114529, 2.607767e-03 
2.199453e-01, 2.895522e-03, 8.164613e-06, 7.289833e-05, 5.831866e-06, 2.796380e-03, 1.137214e-05, 8.747799e-07, 1.135543e-01, 2.582942e-03, 0.000000e+00, 0.000000, 1.000000e-01, 0, 0.113554, 2.582942e-03 
2.228286e-01, 2.883275e-03, 8.456206e-06, 7.348151e-05, 6.123459e-06, 2.782383e-03, 1.195533e-05, 8.747799e-07, 1.134918e-01, 2.696179e-03, 0.000000e+00, 0.000000, 1.000000e-01, 0, 0.113492, 2.696179e-03 
2.258393e-01, 3.010701e-03, 8.747799e-06, 7.873019e-05, 6.415053e-06, 2.903395e-03, 1.224692e-05, 1.166373e-06, 1.132471e-01, 2.741030e-03, 0.000000e+00, 0.000000, 1.000000e-01, 0, 0.113247, 2.741030e-03 
2.288057e-01, 2.966379e-03, 9.330986e-06, 7.902179e-05, 6.706646e-06, 2.858489e-03, 1.195533e-05, 8.747799e-07, 1.123637e-01, 2.727440e-03, 0.000000e+00, 0.000000, 1.000000e-01, 0, 0.112364, 2.727440e-03 
2.320103e-01, 3.204610e-03, 8.747799e-06, 7.756382e-05, 6.706646e-06, 3.099637e-03, 1.108055e-05, 8.747799e-07, 1.121788e-01, 2.722098e-03, 0.000000e+00, 0.000000, 1.000000e-01, 0, 0.112179, 2.722098e-03 
2.348128e-01, 2.802503e-03, 8.456206e-06, 7.289833e-05, 6.123459e-06, 2.702778e-03, 1.137214e-05, 8.747799e-07, 1.113253e-01, 2.757234e-03, 0.000000e+00, 0.000000, 1.000000e-01, 0, 0.111325, 2.757234e-03 
2.377439e-01, 2.931096e-03, 8.164613e-06, 7.318992e-05, 6.123459e-06, 2.831663e-03, 1.108055e-05, 8.747799e-07, 1.112336e-01, 2.879697e-03, 0.000000e+00, 0.000000, 1.000000e-01, 0, 0.111234, 2.879697e-03 
2.406832e-01, 2.939261e-03, 9.914172e-06, 7.289833e-05, 6.123459e-06, 2.838369e-03, 1.108055e-05, 8.747799e-07, 1.109460e-01, 2.663697e-03, 0.000000e+00, 0.000000, 1.000000e-01, 0, 0.110946, 2.663697e-03 
2.436880e-01, 3.004869e-03, 9.330986e-06, 7.231514e-05, 6.123459e-06, 2.903978e-03, 1.195533e-05, 1.166373e-06, 1.101274e-01, 2.629301e-03, 0.000000e+00, 0.000000, 1.000000e-01, 0, 0.110127, 2.629301e-03 
2.466308e-01, 2.942760e-03, 9.039393e-06, 8.018816e-05, 6.415053e-06, 2.835162e-03, 1.108055e-05, 8.747799e-07, 1.095954e-01, 2.712976e-03, 0.000000e+00, 0.000000, 1.000000e-01, 0, 0.109595, 2.712976e-03 
2.496164e-01, 2.985624e-03, 8.164613e-06, 9.126870e-05, 6.123459e-06, 2.868112e-03, 1.108055e-05, 8.747799e-07, 1.087991e-01, 2.659725e-03, 0.000000e+00, 0.000000, 1.000000e-01, 0, 0.108799, 2.659725e-03 
2.525554e-01, 2.938969e-03, 8.747799e-06, 7.406470e-05, 6.415053e-06, 2.836911e-03, 1.195533e-05, 8.747799e-07, 1.080620e-01, 2.637497e-03, 0.000000e+00, 0.000000, 1.000000e-01, 0, 0.108062, 2.637497e-03 
2.554013e-01, 2.845951e-03, 8.747799e-06, 7.902179e-05, 6.706646e-06, 2.739811e-03, 1.108055e-05, 5.831866e-07, 1.074673e-01, 2.724240e-03, 0.000000e+00, 0.000000, 1.000000e-01, 0, 0.107467, 2.724240e-03 
2.583765e-01, 2.975127e-03, 8.164613e-06, 7.318992e-05, 6.123459e-06, 2.874818e-03, 1.195533e-05, 8.747799e-07, 1.071288e-01, 2.809279e-03, 0.000000e+00, 0.000000, 1.000000e-01, 0, 0.107129, 2.809279e-03 
2.615391e-01, 3.162621e-03, 8.747799e-06, 7.756382e-05, 6.706646e-06, 3.053274e-03, 1.545445e-05, 8.747799e-07, 1.063461e-01, 2.788361e-03, 0.000000e+00, 0.000000, 1.000000e-01, 0, 0.106346, 2.788361e-03 
2.644853e-01, 2.946259e-03, 1.341329e-05, 1.046820e-04, 6.706646e-06, 2.809210e-03, 1.137214e-05, 8.747799e-07, 1.061164e-01, 2.969208e-03, 0.000000e+00, 0.000000, 1.000000e-01, 0, 0.106116, 2.969208e-03 
2.674170e-01, 2.931679e-03, 7.873019e-06, 7.377311e-05, 6.123459e-06, 2.831079e-03, 1.195533e-05, 8.747799e-07, 1.053990e-01, 2.778917e-03, 0.000000e+00, 0.000000, 1.000000e-01, 0, 0.105399, 2.778917e-03 
2.702647e-01, 2.847700e-03, 8.747799e-06, 7.843860e-05, 8.164613e-06, 2.740394e-03, 1.108055e-05, 8.747799e-07, 1.050076e-01, 2.877063e-03, 0.000000e+00, 0.000000, 1.000000e-01, 0, 0.105008, 2.877063e-03 
2.732008e-01, 2.936053e-03, 8.164613e-06, 7.348151e-05, 6.415053e-06, 2.836037e-03, 1.108055e-05, 8.747799e-07, 1.047957e-01, 2.883110e-03, 0.000000e+00, 0.000000, 1.000000e-01, 0, 0.104796, 2.883110e-03 
2.761695e-01, 2.968711e-03, 8.164613e-06, 7.318992e-05, 6.123459e-06, 2.869278e-03, 1.137214e-05, 5.831866e-07, 1.041884e-01, 2.978958e-03, 0.000000e+00, 0.000000, 1.000000e-01, 0, 0.104188, 2.978958e-03 
2.790169e-01, 2.847409e-03, 8.164613e-06, 7.406470e-05, 6.123459e-06, 2.747101e-03, 1.108055e-05, 8.747799e-07, 1.038827e-01, 2.954798e-03, 0.000000e+00, 0.000000, 1.000000e-01, 0, 0.103883, 2.954798e-03 
2.819888e-01, 2.971919e-03, 8.164613e-06, 7.289833e-05, 6.415053e-06, 2.871902e-03, 1.137214e-05, 1.166373e-06, 1.036912e-01, 2.996678e-03, 0.000000e+00, 0.000000, 1.000000e-01, 0, 0.103691, 2.996678e-03 
2.848044e-01, 2.815625e-03, 8.164613e-06, 7.260673e-05, 6.123459e-06, 2.716775e-03, 1.108055e-05, 8.747799e-07, 1.028378e-01, 2.924861e-03, 0.000000e+00, 0.000000, 1.000000e-01, 0, 0.102838, 2.924861e-03 
2.876973e-01, 2.892897e-03, 8.164613e-06, 7.348151e-05, 6.123459e-06, 2.792881e-03, 1.137214e-05, 8.747799e-07, 1.020248e-01, 2.895607e-03, 0.000000e+00, 0.000000, 1.000000e-01, 0, 0.102025, 2.895607e-03 
2.907803e-01, 3.083016e-03, 8.164613e-06, 7.289833e-05, 6.123459e-06, 2.983583e-03, 1.137214e-05, 8.747799e-07, 1.017054e-01, 3.181020e-03, 0.000000e+00, 0.000000, 1.000000e-01, 0, 0.101705, 3.181020e-03 
2.939118e-01, 3.131421e-03, 8.456206e-06, 7.318992e-05, 6.123459e-06, 3.031696e-03, 1.108055e-05, 8.747799e-07, 1.009615e-01, 3.020576e-03, 0.000000e+00, 0.000000, 1.000000e-01, 0, 0.100961, 3.020576e-03 
2.969414e-01, 3.029654e-03, 7.873019e-06, 7.289833e-05, 6.123459e-06, 2.930804e-03, 1.108055e-05, 8.747799e-07, 1.007953e-01, 3.019299e-03, 0.000000e+00, 0.000000, 1.000000e-01, 0, 0.100795, 3.019299e-03 
2.997620e-01, 2.820582e-03, 8.456206e-06, 7.289833e-05, 6.123459e-06, 2.721149e-03, 1.108055e-05, 8.747799e-07, 1.002205e-01, 3.163618e-03, 0.000000e+00, 0.000000, 1.000000e-01, 0, 0.100221, 3.163618e-03 
3.026214e-01, 2.859364e-03, 8.164613e-06, 7.289833e-05, 6.123459e-06, 2.759931e-03, 1.137214e-05, 8.747799e-07, 9.938649e-02, 3.035680e-03, 0.000000e+00, 0.000000, 1.000000e-01, 0, 0.099386, 3.035680e-03 
3.057155e-01, 3.094097e-03, 8.164613e-06, 7.348151e-05, 6.415053e-06, 2.993788e-03, 1.137214e-05, 8.747799e-07, 9.890518e-02, 3.034777e-03, 0.000000e+00, 0.000000, 1.000000e-01, 0, 0.098905, 3.034777e-03 
3.096386e-01, 3.923096e-03, 1.137214e-05, 1.256767e-04, 9.330986e-06, 3.760970e-03, 1.457967e-05, 1.166373e-06, 9.864872e-02, 3.052126e-03, 0.000000e+00, 0.000000, 1.000000e-01, 0, 0.098649, 3.052126e-03 
3.132126e-01, 3.574059e-03, 1.108055e-05, 8.602003e-05, 7.873019e-06, 3.456839e-03, 1.137214e-05, 8.747799e-07, 9.799190e-02, 3.123439e-03, 0.000000e+00, 0.000000, 1.000000e-01, 0, 0.097992, 3.123439e-03 
3.160084e-01, 2.795797e-03, 8.456206e-06, 7.406470e-05, 6.415053e-06, 2.694905e-03, 1.108055e-05, 8.747799e-07, 9.751675e-02, 3.113644e-03, 0.000000e+00, 0.000000, 1.000000e-01, 0, 0.097517, 3.113644e-03 
3.192807e-01, 3.272260e-03, 7.873019e-06, 7.260673e-05, 6.123459e-06, 3.172535e-03, 1.224692e-05, 8.747799e-07, 9.719182e-02, 3.151398e-03, 0.000000e+00, 0.000000, 1.000000e-01, 0, 0.097192, 3.151398e-03 
3.222030e-01, 2.922348e-03, 8.747799e-06, 7.435629e-05, 6.123459e-06, 2.820874e-03, 1.137214e-05, 8.747799e-07, 9.654854e-02, 3.208230e-03, 0.000000e+00, 0.000000, 1.000000e-01, 0, 0.096549, 3.208230e-03 
3.253321e-01, 3.129088e-03, 8.456206e-06, 7.377311e-05, 6.123459e-06, 3.028488e-03, 1.137214e-05, 8.747799e-07, 9.564201e-02, 3.129676e-03, 0.000000e+00, 0.000000, 1.000000e-01, 0, 0.095642, 3.129676e-03 
3.284075e-01, 3.075435e-03, 8.456206e-06, 1.586268e-04, 2.595180e-05, 2.870445e-03, 1.108055e-05, 8.747799e-07, 9.526121e-02, 3.143235e-03, 0.000000e+00, 0.000000, 1.000000e-01, 0, 0.095261, 3.143235e-03 
3.312310e-01, 2.823498e-03, 8.164613e-06, 7.348151e-05, 6.415053e-06, 2.723481e-03, 1.108055e-05, 8.747799e-07, 9.515329e-02, 3.244351e-03, 0.000000e+00, 0.000000, 1.000000e-01, 0, 0.095153, 3.244351e-03 
3.345444e-01, 3.313375e-03, 8.456206e-06, 7.231514e-05, 6.415053e-06, 3.213941e-03, 1.137214e-05, 8.747799e-07, 9.462103e-02, 3.246541e-03, 0.000000e+00, 0.000000, 1.000000e-01, 0, 0.094621, 3.246541e-03 
3.374172e-01, 2.872777e-03, 8.747799e-06, 7.377311e-05, 6.123459e-06, 2.757306e-03, 2.566021e-05, 1.166373e-06, 9.413143e-02, 3.274873e-03, 0.000000e+00, 0.000000, 1.000000e-01, 0, 0.094131, 3.274873e-03 
3.410624e-01, 3.645208e-03, 1.166373e-05, 1.067232e-04, 8.164613e-06, 3.504077e-03, 1.341329e-05, 1.166373e-06, 9.386996e-02, 3.620036e-03, 0.000000e+00, 0.000000, 1.000000e-01, 0, 0.093870, 3.620036e-03 
3.443338e-01, 3.271385e-03, 1.020577e-05, 8.456206e-05, 7.289833e-06, 3.155623e-03, 1.283011e-05, 8.747799e-07, 9.360124e-02, 3.981752e-03, 0.000000e+00, 0.000000, 1.000000e-01, 0, 0.093601, 3.981752e-03 
3.475993e-01, 3.265553e-03, 9.039393e-06, 8.252091e-05, 6.998239e-06, 3.152415e-03, 1.341329e-05, 1.166373e-06, 9.247431e-02, 3.845448e-03, 0.000000e+00, 0.000000, 1.000000e-01, 0, 0.092474, 3.845448e-03 
3.509296e-01, 3.330287e-03, 1.020577e-05, 8.485365e-05, 7.289833e-06, 3.214525e-03, 1.253851e-05, 8.747799e-07, 9.208536e-02, 3.745019e-03, 0.000000e+00, 0.000000, 1.000000e-01, 0, 0.092085, 3.745019e-03 
3.541549e-01, 3.225314e-03, 9.330986e-06, 8.018816e-05, 6.706646e-06, 3.115383e-03, 1.253851e-05, 1.166373e-06, 9.116386e-02, 3.398511e-03, 0.000000e+00, 0.000000, 1.000000e-01, 0, 0.091164, 3.398511e-03 
3.575771e-01, 3.422139e-03, 1.283011e-05, 9.622579e-05, 7.289833e-06, 3.287131e-03, 1.720401e-05, 1.457967e-06, 9.033811e-02, 3.305144e-03, 0.000000e+00, 0.000000, 1.000000e-01, 0, 0.090338, 3.305144e-03 
3.607948e-01, 3.217732e-03, 9.622579e-06, 8.368728e-05, 6.998239e-06, 3.104011e-03, 1.253851e-05, 8.747799e-07, 8.950223e-02, 3.391734e-03, 0.000000e+00, 0.000000, 1.000000e-01, 0, 0.089502, 3.391734e-03 
3.649949e-01, 4.200110e-03, 1.020577e-05, 1.049736e-04, 7.289833e-06, 4.061895e-03, 1.457967e-05, 1.166373e-06, 8.935118e-02, 3.451214e-03, 0.000000e+00, 0.000000, 1.000000e-01, 0, 0.089351, 3.451214e-03 
3.681803e-01, 3.185365e-03, 1.224692e-05, 1.075979e-04, 9.039393e-06, 3.044526e-03, 1.108055e-05, 8.747799e-07, 8.863401e-02, 3.558584e-03, 0.000000e+00, 0.000000, 1.000000e-01, 0, 0.088634, 3.558584e-03 
3.713735e-01, 3.193238e-03, 8.164613e-06, 7.318992e-05, 6.123459e-06, 3.093513e-03, 1.137214e-05, 8.747799e-07, 8.788709e-02, 3.499116e-03, 0.000000e+00, 0.000000, 1.000000e-01, 0, 0.087887, 3.499116e-03 
3.741854e-01, 2.811834e-03, 8.456206e-06, 7.231514e-05, 6.123459e-06, 2.712984e-03, 1.137214e-05, 5.831866e-07, 8.763064e-02, 3.464734e-03, 0.000000e+00, 0.000000, 1.000000e-01, 0, 0.087631, 3.464734e-03 
3.771972e-01, 3.011867e-03, 9.039393e-06, 8.427047e-05, 6.706646e-06, 2.894064e-03, 1.662082e-05, 1.166373e-06, 8.688498e-02, 3.427072e-03, 0.000000e+00, 0.000000, 1.000000e-01, 0, 0.086885, 3.427072e-03 
3.801896e-01, 2.992331e-03, 1.166373e-05, 7.377311e-05, 6.123459e-06, 2.886191e-03, 1.341329e-05, 1.166373e-06, 8.625367e-02, 3.634680e-03, 0.000000e+00, 0.000000, 1.000000e-01, 0, 0.086254, 3.634680e-03 
3.834417e-01, 3.252140e-03, 9.622579e-06, 8.572843e-05, 9.914172e-06, 3.132878e-03, 1.283011e-05, 1.166373e-06, 8.553740e-02, 3.551959e-03, 0.000000e+00, 0.000000, 1.000000e-01, 0, 0.085537, 3.551959e-03 
3.866845e-01, 3.242809e-03, 8.747799e-06, 8.135453e-05, 6.706646e-06, 3.132587e-03, 1.253851e-05, 8.747799e-07, 8.493271e-02, 3.325692e-03, 0.000000e+00, 0.000000, 1.000000e-01, 0, 0.084933, 3.325692e-03 
3.897990e-01, 3.114508e-03, 8.747799e-06, 8.047975e-05, 6.706646e-06, 3.005161e-03, 1.253851e-05, 8.747799e-07, 8.475752e-02, 3.531321e-03, 0.000000e+00, 0.000000, 1.000000e-01, 0, 0.084758, 3.531321e-03 
3.931098e-01, 3.310750e-03, 1.020577e-05, 1.017661e-04, 9.914172e-06, 3.176034e-03, 1.195533e-05, 8.747799e-07, 8.459918e-02, 3.452469e-03, 0.000000e+00, 0.000000, 1.000000e-01, 0, 0.084599, 3.452469e-03 
3.959350e-01, 2.825248e-03, 8.456206e-06, 7.202355e-05, 6.123459e-06, 2.726689e-03, 1.137214e-05, 5.831866e-07, 8.410017e-02, 3.322490e-03, 0.000000e+00, 0.000000, 1.000000e-01, 0, 0.084100, 3.322490e-03 
3.988996e-01, 2.964629e-03, 8.164613e-06, 7.260673e-05, 6.123459e-06, 2.865779e-03, 1.108055e-05, 8.747799e-07, 8.379554e-02, 3.347621e-03, 0.000000e+00, 0.000000, 1.000000e-01, 0, 0.083796, 3.347621e-03 
4.020127e-01, 3.113050e-03, 1.224692e-05, 8.135453e-05, 6.123459e-06, 3.001370e-03, 1.108055e-05, 8.747799e-07, 8.312283e-02, 3.327965e-03, 0.000000e+00, 0.000000, 1.000000e-01, 0, 0.083123, 3.327965e-03 
4.052290e-01, 3.216274e-03, 8.164613e-06, 7.318992e-05, 6.123459e-06, 3.114217e-03, 1.341329e-05, 1.166373e-06, 8.217318e-02, 3.274454e-03, 0.000000e+00, 0.000000, 1.000000e-01, 0, 0.082173, 3.274454e-03 
4.083785e-01, 3.149499e-03, 9.622579e-06, 8.631162e-05, 7.289833e-06, 3.034612e-03, 1.078895e-05, 8.747799e-07, 8.146313e-02, 3.287641e-03, 0.000000e+00, 0.000000, 1.000000e-01, 0, 0.081463, 3.287641e-03 
4.112180e-01, 2.839536e-03, 8.456206e-06, 7.289833e-05, 6.123459e-06, 2.736895e-03, 1.370489e-05, 1.457967e-06, 8.109795e-02, 3.292653e-03, 0.000000e+00, 0.000000, 1.000000e-01, 0, 0.081098, 3.292653e-03 
4.143241e-01, 3.106052e-03, 8.164613e-06, 7.318992e-05, 6.123459e-06, 3.004577e-03, 1.283011e-05, 1.166373e-06, 8.061372e-02, 3.287888e-03, 0.000000e+00, 0.000000, 1.000000e-01, 0, 0.080614, 3.287888e-03 
4.173009e-01, 2.976876e-03, 9.622579e-06, 8.193772e-05, 6.998239e-06, 2.866654e-03, 1.078895e-05, 8.747799e-07, 8.025728e-02, 3.330120e-03, 0.000000e+00, 0.000000, 1.000000e-01, 0, 0.080257, 3.330120e-03 
4.201303e-01, 2.829330e-03, 8.456206e-06, 7.289833e-05, 6.123459e-06, 2.729605e-03, 1.137214e-05, 8.747799e-07, 8.002872e-02, 3.556226e-03, 0.000000e+00, 0.000000, 1.000000e-01, 0, 0.080029, 3.556226e-03 
4.233308e-01, 3.200528e-03, 8.164613e-06, 7.318992e-05, 6.415053e-06, 3.092347e-03, 1.924516e-05, 1.166373e-06, 7.977510e-02, 3.501501e-03, 0.000000e+00, 0.000000, 1.000000e-01, 0, 0.079775, 3.501501e-03 
4.263893e-01, 3.058522e-03, 9.330986e-06, 8.339569e-05, 6.998239e-06, 2.945092e-03, 1.253851e-05, 1.166373e-06, 7.926212e-02, 3.363818e-03, 0.000000e+00, 0.000000, 1.000000e-01, 0, 0.079262, 3.363818e-03 
4.294659e-01, 3.076601e-03, 9.330986e-06, 7.902179e-05, 6.706646e-06, 2.966379e-03, 1.399648e-05, 1.166373e-06, 7.879031e-02, 3.366546e-03, 0.000000e+00, 0.000000, 1.000000e-01, 0, 0.078790, 3.366546e-03 
4.323888e-01, 2.922931e-03, 1.020577e-05, 8.981074e-05, 6.706646e-06, 2.804253e-03, 1.108055e-05, 8.747799e-07, 7.813964e-02, 3.454732e-03, 0.000000e+00, 0.000000, 1.000000e-01, 0, 0.078140, 3.454732e-03 
4.351826e-01, 2.793755e-03, 7.873019e-06, 7.435629e-05, 6.123459e-06, 2.693156e-03, 1.137214e-05, 8.747799e-07, 7.738224e-02, 3.447591e-03, 0.000000e+00, 0.000000, 1.000000e-01, 0, 0.077382, 3.447591e-03 
4.382948e-01, 3.112175e-03, 8.164613e-06, 7.289833e-05, 6.123459e-06, 3.012742e-03, 1.137214e-05, 8.747799e-07, 7.683894e-02, 3.767513e-03, 0.000000e+00, 0.000000, 1.000000e-01, 0, 0.076839, 3.767513e-03 
4.412139e-01, 2.919141e-03, 8.747799e-06, 7.348151e-05, 6.706646e-06, 2.816208e-03, 1.312170e-05, 8.747799e-07, 7.636431e-02, 4.036221e-03, 0.000000e+00, 0.000000, 1.000000e-01, 0, 0.076364, 4.036221e-03 
4.446305e-01, 3.416599e-03, 2.274428e-05, 9.126870e-05, 7.289833e-06, 3.282466e-03, 1.195533e-05, 8.747799e-07, 7.588083e-02, 3.662885e-03, 0.000000e+00, 0.000000, 1.000000e-01, 0, 0.075881, 3.662885e-03 
4.476386e-01, 3.008077e-03, 8.164613e-06, 7.348151e-05, 6.123459e-06, 2.908643e-03, 1.078895e-05, 8.747799e-07, 7.549946e-02, 3.721046e-03, 0.000000e+00, 0.000000, 1.000000e-01, 0, 0.075499, 3.721046e-03 
4.504431e-01, 2.804544e-03, 8.164613e-06, 7.260673e-05, 5.831866e-06, 2.705986e-03, 1.108055e-05, 8.747799e-07, 7.446121e-02, 3.573658e-03, 0.000000e+00, 0.000000, 1.000000e-01, 0, 0.074461, 3.573658e-03 
4.534780e-01, 3.034903e-03, 7.873019e-06, 7.231514e-05, 7.581426e-06, 2.935178e-03, 1.108055e-05, 8.747799e-07, 7.385331e-02, 3.697103e-03, 0.000000e+00, 0.000000, 1.000000e-01, 0, 0.073853, 3.697103e-03 
4.562779e-01, 2.799879e-03, 8.456206e-06, 7.289833e-05, 6.415053e-06, 2.700154e-03, 1.108055e-05, 8.747799e-07, 7.314852e-02, 3.621444e-03, 0.000000e+00, 0.000000, 1.000000e-01, 0, 0.073149, 3.621444e-03 
4.592411e-01, 2.963171e-03, 8.164613e-06, 7.260673e-05, 6.123459e-06, 2.863155e-03, 1.195533e-05, 1.166373e-06, 7.262664e-02, 3.676700e-03, 0.000000e+00, 0.000000, 1.000000e-01, 0, 0.072627, 3.676700e-03 
4.623049e-01, 3.063771e-03, 1.137214e-05, 8.077135e-05, 6.706646e-06, 2.951507e-03, 1.253851e-05, 8.747799e-07, 7.194453e-02, 4.003836e-03, 0.000000e+00, 0.000000, 1.000000e-01, 0, 0.071945, 4.003836e-03 
4.653482e-01, 3.043359e-03, 9.330986e-06, 8.252091e-05, 6.706646e-06, 2.932262e-03, 1.166373e-05, 8.747799e-07, 7.155486e-02, 4.227370e-03, 0.000000e+00, 0.000000, 1.000000e-01, 0, 0.071555, 4.227370e-03 
4.688156e-01, 3.467336e-03, 8.456206e-06, 9.680898e-05, 8.456206e-06, 3.341659e-03, 1.108055e-05, 8.747799e-07, 7.114602e-02, 4.243197e-03, 0.000000e+00, 0.000000, 1.000000e-01, 0, 0.071146, 4.243197e-03 
4.716802e-01, 2.864613e-03, 8.164613e-06, 7.289833e-05, 6.123459e-06, 2.765471e-03, 1.108055e-05, 8.747799e-07, 7.081518e-02, 3.878436e-03, 0.000000e+00, 0.000000, 1.000000e-01, 0, 0.070815, 3.878436e-03 
4.752493e-01, 3.569102e-03, 8.164613e-06, 7.202355e-05, 6.123459e-06, 3.468502e-03, 1.312170e-05, 1.166373e-06, 7.033721e-02, 4.194429e-03, 0.000000e+00, 0.000000, 1.000000e-01, 0, 0.070337, 4.194429e-03 
4.784008e-01, 3.151540e-03, 9.330986e-06, 8.222931e-05, 6.998239e-06, 3.041027e-03, 1.108055e-05, 8.747799e-07, 6.995100e-02, 4.051881e-03, 0.000000e+00, 0.000000, 1.000000e-01, 0, 0.069951, 4.051881e-03 
4.812879e-01, 2.887065e-03, 8.164613e-06, 7.260673e-05, 5.831866e-06, 2.780925e-03, 1.866197e-05, 8.747799e-07, 6.955124e-02, 4.237456e-03, 0.000000e+00, 0.000000, 1.000000e-01, 0, 0.069551, 4.237456e-03 
4.844525e-01, 3.164662e-03, 9.039393e-06, 7.902179e-05, 6.415053e-06, 3.055898e-03, 1.253851e-05, 1.749560e-06, 6.872384e-02, 3.943030e-03, 0.000000e+00, 0.000000, 1.000000e-01, 0, 0.068724, 3.943030e-03 
4.873282e-01, 2.875693e-03, 8.747799e-06, 8.193772e-05, 6.706646e-06, 2.766346e-03, 1.108055e-05, 8.747799e-07, 6.795672e-02, 3.776239e-03, 0.000000e+00, 0.000000, 1.000000e-01, 0, 0.067957, 3.776239e-03 
4.905649e-01, 3.236686e-03, 8.164613e-06, 7.318992e-05, 6.123459e-06, 3.136961e-03, 1.137214e-05, 8.747799e-07, 6.773541e-02, 4.151582e-03, 0.000000e+00, 0.000000, 1.000000e-01, 0, 0.067735, 4.151582e-03 
4.937007e-01, 3.135794e-03, 9.039393e-06, 7.493948e-05, 6.415053e-06, 3.033737e-03, 1.108055e-05, 5.831866e-07, 6.697581e-02, 3.673694e-03, 0.000000e+00, 0.000000, 1.000000e-01, 0, 0.066976, 3.673694e-03 
4.967228e-01, 3.022073e-03, 7.873019e-06, 7.289833e-05, 6.123459e-06, 2.922931e-03, 1.137214e-05, 8.747799e-07, 6.635201e-02, 3.762831e-03, 0.000000e+00, 0.000000, 1.000000e-01, 0, 0.066352, 3.762831e-03 
4.995950e-01, 2.872194e-03, 8.456206e-06, 7.377311e-05, 6.123459e-06, 2.771886e-03, 1.108055e-05, 8.747799e-07, 6.573556e-02, 3.868349e-03, 0.000000e+00, 0.000000, 1.000000e-01, 0, 0.065736, 3.868349e-03 
5.024129e-01, 2.817958e-03, 8.164613e-06, 7.523107e-05, 6.123459e-06, 2.716483e-03, 1.108055e-05, 8.747799e-07, 6.537230e-02, 3.857566e-03, 0.000000e+00, 0.000000, 1.000000e-01, 0, 0.065372, 3.857566e-03 
5.055487e-01, 3.135794e-03, 8.164613e-06, 7.348151e-05, 6.123459e-06, 3.034903e-03, 1.224692e-05, 8.747799e-07, 6.512370e-02, 3.937918e-03, 0.000000e+00, 0.000000, 1.000000e-01, 0, 0.065124, 3.937918e-03 
5.084976e-01, 2.948883e-03, 9.622579e-06, 8.485365e-05, 6.415053e-06, 2.836328e-03, 1.078895e-05, 8.747799e-07, 6.493348e-02, 4.008079e-03, 0.000000e+00, 0.000000, 1.000000e-01, 0, 0.064933, 4.008079e-03 
5.114567e-01, 2.959089e-03, 8.164613e-06, 7.289833e-05, 6.415053e-06, 2.858198e-03, 1.224692e-05, 1.166373e-06, 6.418898e-02, 3.800104e-03, 0.000000e+00, 0.000000, 1.000000e-01, 0, 0.064189, 3.800104e-03 
5.142825e-01, 2.825831e-03, 9.039393e-06, 7.931338e-05, 6.415053e-06, 2.719108e-03, 1.108055e-05, 8.747799e-07, 6.343857e-02, 3.739560e-03, 0.000000e+00, 0.000000, 1.000000e-01, 0, 0.063439, 3.739560e-03 
5.171002e-01, 2.817666e-03, 8.164613e-06, 7.318992e-05, 6.123459e-06, 2.717066e-03, 1.224692e-05, 8.747799e-07, 6.302559e-02, 3.677330e-03, 0.000000e+00, 0.000000, 1.000000e-01, 0, 0.063026, 3.677330e-03 
5.202074e-01, 3.107218e-03, 9.039393e-06, 8.077135e-05, 6.706646e-06, 2.999037e-03, 1.078895e-05, 8.747799e-07, 6.273501e-02, 3.703062e-03, 0.000000e+00, 0.000000, 1.000000e-01, 0, 0.062735, 3.703062e-03 
5.230726e-01, 2.865196e-03, 8.456206e-06, 7.406470e-05, 6.123459e-06, 2.765179e-03, 1.078895e-05, 5.831866e-07, 6.222927e-02, 3.825327e-03, 0.000000e+00, 0.000000, 1.000000e-01, 0, 0.062229, 3.825327e-03 
5.259253e-01, 2.852657e-03, 8.456206e-06, 7.348151e-05, 6.415053e-06, 2.750891e-03, 1.253851e-05, 8.747799e-07, 6.164578e-02, 3.771255e-03, 0.000000e+00, 0.000000, 1.000000e-01, 0, 0.061646, 3.771255e-03 
5.289089e-01, 2.983583e-03, 9.039393e-06, 8.193772e-05, 6.706646e-06, 2.873069e-03, 1.195533e-05, 8.747799e-07, 6.148423e-02, 4.114978e-03, 0.000000e+00, 0.000000, 1.000000e-01, 0, 0.061484, 4.114978e-03 
5.317192e-01, 2.810376e-03, 8.747799e-06, 7.493948e-05, 6.706646e-06, 2.707735e-03, 1.137214e-05, 8.747799e-07, 6.033050e-02, 3.754582e-03, 0.000000e+00, 0.000000, 1.000000e-01, 0, 0.060331, 3.754582e-03 
5.346865e-01, 2.967253e-03, 8.164613e-06, 7.435629e-05, 6.123459e-06, 2.865779e-03, 1.195533e-05, 8.747799e-07, 5.955013e-02, 3.655810e-03, 0.000000e+00, 0.000000, 1.000000e-01, 0, 0.059550, 3.655810e-03 
5.376677e-01, 2.981250e-03, 8.747799e-06, 7.960497e-05, 6.706646e-06, 2.873944e-03, 1.137214e-05, 8.747799e-07, 5.904733e-02, 3.772015e-03, 0.000000e+00, 0.000000, 1.000000e-01, 0, 0.059047, 3.772015e-03 
5.404976e-01, 2.829913e-03, 8.164613e-06, 7.348151e-05, 5.831866e-06, 2.722315e-03, 1.895356e-05, 1.166373e-06, 5.822946e-02, 3.566939e-03, 0.000000e+00, 0.000000, 1.000000e-01, 0, 0.058229, 3.566939e-03 
5.435165e-01, 3.018866e-03, 1.224692e-05, 9.389304e-05, 6.706646e-06, 2.893480e-03, 1.137214e-05, 1.166373e-06, 5.802035e-02, 3.618645e-03, 0.000000e+00, 0.000000, 1.000000e-01, 0, 0.058020, 3.618645e-03 
5.463234e-01, 2.806877e-03, 9.039393e-06, 7.406470e-05, 6.706646e-06, 2.705111e-03, 1.108055e-05, 8.747799e-07, 5.740230e-02, 3.510655e-03, 0.000000e+00, 0.000000, 1.000000e-01, 0, 0.057402, 3.510655e-03 
5.494539e-01, 3.130546e-03, 8.164613e-06, 7.318992e-05, 6.123459e-06, 3.029654e-03, 1.224692e-05, 1.166373e-06, 5.709528e-02, 3.595336e-03, 0.000000e+00, 0.000000, 1.000000e-01, 0, 0.057095, 3.595336e-03 
5.524174e-01, 2.963463e-03, 9.039393e-06, 8.047975e-05, 6.706646e-06, 2.854407e-03, 1.195533e-05, 8.747799e-07, 5.608421e-02, 3.470904e-03, 0.000000e+00, 0.000000, 1.000000e-01, 0, 0.056084, 3.470904e-03 
5.556334e-01, 3.215983e-03, 8.747799e-06, 7.814701e-05, 6.706646e-06, 3.109843e-03, 1.137214e-05, 1.166373e-06, 5.540996e-02, 4.015319e-03, 0.000000e+00, 0.000000, 1.000000e-01, 0, 0.055410, 4.015319e-03 
5.584916e-01, 2.858198e-03, 1.049736e-05, 7.464789e-05, 9.914172e-06, 2.750308e-03, 1.195533e-05, 8.747799e-07, 5.521173e-02, 4.406505e-03, 0.000000e+00, 0.000000, 1.000000e-01, 0, 0.055212, 4.406505e-03 
5.613294e-01, 2.837786e-03, 1.253851e-05, 7.902179e-05, 6.706646e-06, 2.727564e-03, 1.108055e-05, 8.747799e-07, 5.469136e-02, 4.255292e-03, 0.000000e+00, 0.000000, 1.000000e-01, 0, 0.054691, 4.255292e-03 
5.643602e-01, 3.030821e-03, 7.873019e-06, 7.406470e-05, 5.831866e-06, 2.929930e-03, 1.224692e-05, 8.747799e-07, 5.436253e-02, 3.992542e-03, 0.000000e+00, 0.000000, 1.000000e-01, 0, 0.054363, 3.992542e-03 
5.671609e-01, 2.800754e-03, 9.330986e-06, 7.814701e-05, 6.706646e-06, 2.694614e-03, 1.108055e-05, 8.747799e-07, 5.365090e-02, 3.703741e-03, 0.000000e+00, 0.000000, 1.000000e-01, 0, 0.053651, 3.703741e-03 
5.704142e-01, 3.253307e-03, 8.164613e-06, 7.289833e-05, 6.123459e-06, 3.149208e-03, 1.603763e-05, 8.747799e-07, 5.313566e-02, 4.090746e-03, 0.000000e+00, 0.000000, 1.000000e-01, 0, 0.053136, 4.090746e-03 
5.732602e-01, 2.845951e-03, 8.747799e-06, 7.931338e-05, 8.456206e-06, 2.737478e-03, 1.108055e-05, 8.747799e-07, 5.205035e-02, 3.451898e-03, 0.000000e+00, 0.000000, 1.000000e-01, 0, 0.052050, 3.451898e-03 
5.760338e-01, 2.773636e-03, 8.164613e-06, 7.814701e-05, 6.123459e-06, 2.668954e-03, 1.137214e-05, 8.747799e-07, 5.131744e-02, 3.403270e-03, 0.000000e+00, 0.000000, 1.000000e-01, 0, 0.051317, 3.403270e-03 
5.788882e-01, 2.854407e-03, 8.164613e-06, 7.960497e-05, 6.123459e-06, 2.748850e-03, 1.108055e-05, 5.831866e-07, 5.065653e-02, 3.430626e-03, 0.000000e+00, 0.000000, 1.000000e-01, 0, 0.050657, 3.430626e-03 
5.818013e-01, 2.913017e-03, 1.341329e-05, 9.447623e-05, 6.123459e-06, 2.785882e-03, 1.224692e-05, 8.747799e-07, 5.049358e-02, 3.640504e-03, 0.000000e+00, 0.000000, 1.000000e-01, 0, 0.050494, 3.640504e-03 
5.851566e-01, 3.355364e-03, 8.747799e-06, 8.164613e-05, 6.998239e-06, 3.241934e-03, 1.457967e-05, 1.457967e-06, 4.958086e-02, 3.377433e-03, 0.000000e+00, 0.000000, 1.000000e-01, 0, 0.049581, 3.377433e-03 
5.884994e-01, 3.342826e-03, 1.078895e-05, 8.252091e-05, 6.998239e-06, 3.228813e-03, 1.253851e-05, 1.166373e-06, 4.891319e-02, 3.543215e-03, 0.000000e+00, 0.000000, 1.000000e-01, 0, 0.048913, 3.543215e-03 
5.916405e-01, 3.141043e-03, 8.747799e-06, 8.047975e-05, 6.706646e-06, 3.030529e-03, 1.370489e-05, 8.747799e-07, 4.812273e-02, 3.520832e-03, 0.000000e+00, 0.000000, 1.000000e-01, 0, 0.048123, 3.520832e-03 
5.948547e-01, 3.214233e-03, 1.312170e-05, 8.543684e-05, 6.706646e-06, 3.095263e-03, 1.253851e-05, 1.166373e-06, 4.752433e-02, 3.386490e-03, 0.000000e+00, 0.000000, 1.000000e-01, 0, 0.047524, 3.386490e-03 
5.979611e-01, 3.106343e-03, 9.330986e-06, 8.164613e-05, 6.706646e-06, 2.994955e-03, 1.253851e-05, 1.166373e-06, 4.693722e-02, 3.263343e-03, 0.000000e+00, 0.000000, 1.000000e-01, 0, 0.046937, 3.263343e-03 
6.010683e-01, 3.107218e-03, 9.039393e-06, 8.135453e-05, 6.706646e-06, 2.997871e-03, 1.137214e-05, 8.747799e-07, 4.615032e-02, 3.434013e-03, 0.000000e+00, 0.000000, 1.000000e-01, 0, 0.046150, 3.434013e-03 
6.038877e-01, 2.819416e-03, 8.456206e-06, 7.348151e-05, 5.831866e-06, 2.719691e-03, 1.108055e-05, 8.747799e-07, 4.562172e-02, 3.382746e-03, 0.000000e+00, 0.000000, 1.000000e-01, 0, 0.045622, 3.382746e-03 
6.066762e-01, 2.788507e-03, 7.873019e-06, 7.260673e-05, 6.123459e-06, 2.689657e-03, 1.137214e-05, 8.747799e-07, 4.515843e-02, 3.577747e-03, 0.000000e+00, 0.000000, 1.000000e-01, 0, 0.045158, 3.577747e-03 
6.095921e-01, 2.915933e-03, 8.164613e-06, 7.260673e-05, 6.123459e-06, 2.817375e-03, 1.078895e-05, 8.747799e-07, 4.413232e-02, 3.183250e-03, 0.000000e+00, 0.000000, 1.000000e-01, 0, 0.044132, 3.183250e-03 
6.123766e-01, 2.784424e-03, 8.164613e-06, 7.348151e-05, 6.123459e-06, 2.684700e-03, 1.108055e-05, 8.747799e-07, 4.363637e-02, 3.275910e-03, 0.000000e+00, 0.000000, 1.000000e-01, 0, 0.043636, 3.275910e-03 
6.155054e-01, 3.128796e-03, 8.747799e-06, 7.318992e-05, 6.123459e-06, 3.027030e-03, 1.224692e-05, 1.457967e-06, 4.273301e-02, 3.177456e-03, 0.000000e+00, 0.000000, 1.000000e-01, 0, 0.042733, 3.177456e-03 
6.187012e-01, 3.195863e-03, 1.078895e-05, 8.951915e-05, 7.581426e-06, 3.074851e-03, 1.224692e-05, 8.747799e-07, 4.217341e-02, 3.106539e-03, 0.000000e+00, 0.000000, 1.000000e-01, 0, 0.042173, 3.106539e-03 
6.218854e-01, 3.184199e-03, 9.039393e-06, 7.931338e-05, 6.706646e-06, 3.075435e-03, 1.253851e-05, 1.166373e-06, 4.197060e-02, 3.285783e-03, 0.000000e+00, 0.000000, 1.000000e-01, 0, 0.041971, 3.285783e-03 
6.248824e-01, 2.996996e-03, 9.622579e-06, 8.018816e-05, 6.998239e-06, 2.888232e-03, 1.108055e-05, 8.747799e-07, 4.106435e-02, 3.154963e-03, 0.000000e+00, 0.000000, 1.000000e-01, 0, 0.041064, 3.154963e-03 
6.276791e-01, 2.796671e-03, 1.253851e-05, 7.843860e-05, 6.415053e-06, 2.687616e-03, 1.108055e-05, 5.831866e-07, 4.085656e-02, 3.571756e-03, 0.000000e+00, 0.000000, 1.000000e-01, 0, 0.040857, 3.571756e-03 
6.305892e-01, 2.910101e-03, 8.164613e-06, 7.260673e-05, 6.123459e-06, 2.810959e-03, 1.137214e-05, 8.747799e-07, 4.045382e-02, 3.479883e-03, 0.000000e+00, 0.000000, 1.000000e-01, 0, 0.040454, 3.479883e-03 
6.333821e-01, 2.792881e-03, 8.456206e-06, 7.377311e-05, 6.415053e-06, 2.692281e-03, 1.108055e-05, 8.747799e-07, 3.946903e-02, 3.144802e-03, 0.000000e+00, 0.000000, 1.000000e-01, 0, 0.039469, 3.144802e-03 
6.362933e-01, 2.911268e-03, 8.164613e-06, 7.377311e-05, 6.415053e-06, 2.809502e-03, 1.253851e-05, 8.747799e-07, 3.934154e-02, 3.180664e-03, 0.000000e+00, 0.000000, 1.000000e-01, 0, 0.039342, 3.180664e-03 
6.394965e-01, 3.203152e-03, 9.330986e-06, 8.018816e-05, 6.706646e-06, 3.095263e-03, 1.108055e-05, 5.831866e-07, 3.895417e-02, 3.163367e-03, 0.000000e+00, 0.000000, 1.000000e-01, 0, 0.038954, 3.163367e-03 
6.425909e-01, 3.094388e-03, 8.456206e-06, 7.289833e-05, 6.123459e-06, 2.995246e-03, 1.078895e-05, 8.747799e-07, 3.807618e-02, 3.012495e-03, 0.000000e+00, 0.000000, 1.000000e-01, 0, 0.038076, 3.012495e-03 
6.453937e-01, 2.802795e-03, 8.164613e-06, 7.318992e-05, 6.123459e-06, 2.703362e-03, 1.108055e-05, 8.747799e-07, 3.750332e-02, 2.976085e-03, 0.000000e+00, 0.000000, 1.000000e-01, 0, 0.037503, 2.976085e-03 
6.482017e-01, 2.808044e-03, 8.164613e-06, 7.377311e-05, 6.123459e-06, 2.707735e-03, 1.137214e-05, 8.747799e-07, 3.694189e-02, 2.973521e-03, 0.000000e+00, 0.000000, 1.000000e-01, 0, 0.036942, 2.973521e-03 
6.514620e-01, 3.260305e-03, 7.873019e-06, 7.260673e-05, 6.123459e-06, 3.161163e-03, 1.166373e-05, 8.747799e-07, 3.660845e-02, 2.919712e-03, 0.000000e+00, 0.000000, 1.000000e-01, 0, 0.036608, 2.919712e-03 
6.544523e-01, 2.990289e-03, 8.456206e-06, 7.435629e-05, 6.415053e-06, 2.888815e-03, 1.137214e-05, 8.747799e-07, 3.623626e-02, 2.876124e-03, 0.000000e+00, 0.000000, 1.000000e-01, 0, 0.036236, 2.876124e-03 
6.575630e-01, 3.110717e-03, 8.164613e-06, 7.435629e-05, 6.123459e-06, 3.009826e-03, 1.137214e-05, 8.747799e-07, 3.564210e-02, 3.131112e-03, 0.000000e+00, 0.000000, 1.000000e-01, 0, 0.035642, 3.131112e-03 
6.604807e-01, 2.917683e-03, 8.164613e-06, 7.406470e-05, 6.123459e-06, 2.812417e-03, 1.603763e-05, 8.747799e-07, 3.478801e-02, 2.899454e-03, 0.000000e+00, 0.000000, 1.000000e-01, 0, 0.034788, 2.899454e-03 
6.633310e-01, 2.850325e-03, 8.747799e-06, 8.018816e-05, 6.706646e-06, 2.742435e-03, 1.137214e-05, 8.747799e-07, 3.433090e-02, 2.906331e-03, 0.000000e+00, 0.000000, 1.000000e-01, 0, 0.034331, 2.906331e-03 
6.663050e-01, 2.973960e-03, 8.456206e-06, 7.348151e-05, 6.123459e-06, 2.873360e-03, 1.137214e-05, 1.166373e-06, 3.408278e-02, 2.871363e-03, 0.000000e+00, 0.000000, 1.000000e-01, 0, 0.034083, 2.871363e-03 
6.693498e-01, 3.044817e-03, 8.456206e-06, 7.406470e-05, 6.123459e-06, 2.942760e-03, 1.224692e-05, 1.166373e-06, 3.328402e-02, 2.782611e-03, 0.000000e+00, 0.000000, 1.000000e-01, 0, 0.033284, 2.782611e-03 
6.721993e-01, 2.849450e-03, 8.747799e-06, 7.960497e-05, 6.706646e-06, 2.742435e-03, 1.108055e-05, 8.747799e-07, 3.270146e-02, 2.867629e-03, 0.000000e+00, 0.000000, 1.000000e-01, 0, 0.032701, 2.867629e-03 
6.753222e-01, 3.122964e-03, 8.164613e-06, 7.318992e-05, 6.123459e-06, 3.020323e-03, 1.428807e-05, 8.747799e-07, 3.243522e-02, 2.742487e-03, 0.000000e+00, 0.000000, 1.000000e-01, 0, 0.032435, 2.742487e-03 
6.781813e-01, 2.859072e-03, 8.456206e-06, 7.348151e-05, 6.415053e-06, 2.758473e-03, 1.137214e-05, 8.747799e-07, 3.206082e-02, 2.912564e-03, 0.000000e+00, 0.000000, 1.000000e-01, 0, 0.032061, 2.912564e-03 
6.809832e-01, 2.801920e-03, 8.164613e-06, 7.348151e-05, 6.123459e-06, 2.702195e-03, 1.108055e-05, 8.747799e-07, 3.153304e-02, 2.759082e-03, 0.000000e+00, 0.000000, 1.000000e-01, 0, 0.031533, 2.759082e-03 
6.839193e-01, 2.936053e-03, 8.164613e-06, 7.377311e-05, 6.123459e-06, 2.835745e-03, 1.137214e-05, 8.747799e-07, 3.138397e-02, 2.936168e-03, 0.000000e+00, 0.000000, 1.000000e-01, 0, 0.031384, 2.936168e-03 
6.867891e-01, 2.869861e-03, 8.456206e-06, 7.377311e-05, 7.289833e-06, 2.768387e-03, 1.108055e-05, 8.747799e-07, 3.087109e-02, 2.622680e-03, 0.000000e+00, 0.000000, 1.000000e-01, 0, 0.030871, 2.622680e-03 
6.896208e-01, 2.831663e-03, 8.456206e-06, 7.348151e-05, 6.123459e-06, 2.731646e-03, 1.137214e-05, 5.831866e-07, 3.042009e-02, 2.690690e-03, 0.000000e+00, 0.000000, 1.000000e-01, 0, 0.030420, 2.690690e-03 
6.925245e-01, 2.903686e-03, 8.456206e-06, 7.348151e-05, 6.415053e-06, 2.803086e-03, 1.137214e-05, 8.747799e-07, 2.963768e-02, 2.621668e-03, 0.000000e+00, 0.000000, 1.000000e-01, 0, 0.029638, 2.621668e-03 
6.953136e-01, 2.789090e-03, 8.164613e-06, 7.406470e-05, 6.706646e-06, 2.688490e-03, 1.108055e-05, 5.831866e-07, 2.909643e-02, 2.998806e-03, 0.000000e+00, 0.000000, 1.000000e-01, 0, 0.029096, 2.998806e-03 
6.982001e-01, 2.886482e-03, 7.873019e-06, 7.348151e-05, 6.123459e-06, 2.786174e-03, 1.195533e-05, 8.747799e-07, 2.879603e-02, 3.633092e-03, 0.000000e+00, 0.000000, 1.000000e-01, 0, 0.028796, 3.633092e-03 
7.010667e-01, 2.866654e-03, 9.330986e-06, 7.989657e-05, 6.415053e-06, 2.758764e-03, 1.137214e-05, 8.747799e-07, 2.828314e-02, 3.125814e-03, 0.000000e+00, 0.000000, 1.000000e-01, 0, 0.028283, 3.125814e-03 
7.038610e-01, 2.794339e-03, 8.456206e-06, 7.464789e-05, 6.123459e-06, 2.693739e-03, 1.078895e-05, 5.831866e-07, 2.783283e-02, 2.636877e-03, 0.000000e+00, 0.000000, 1.000000e-01, 0, 0.027833, 2.636877e-03 
7.067764e-01, 2.915350e-03, 7.873019e-06, 7.493948e-05, 6.123459e-06, 2.814459e-03, 1.108055e-05, 8.747799e-07, 2.751469e-02, 2.953691e-03, 0.000000e+00, 0.000000, 1.000000e-01, 0, 0.027515, 2.953691e-03 
7.095961e-01, 2.819707e-03, 8.164613e-06, 7.435629e-05, 6.123459e-06, 2.718816e-03, 1.137214e-05, 8.747799e-07, 2.712307e-02, 3.016124e-03, 0.000000e+00, 0.000000, 1.000000e-01, 0, 0.027123, 3.016124e-03 
7.123922e-01, 2.796088e-03, 8.164613e-06, 7.260673e-05, 6.123459e-06, 2.696946e-03, 1.137214e-05, 8.747799e-07, 2.687315e-02, 2.741140e-03, 0.000000e+00, 0.000000, 1.000000e-01, 0, 0.026873, 2.741140e-03 
7.154484e-01, 3.056189e-03, 8.456206e-06, 7.435629e-05, 6.123459e-06, 2.954132e-03, 1.224692e-05, 8.747799e-07, 2.633871e-02, 2.583378e-03, 0.000000e+00, 0.000000, 1.000000e-01, 0, 0.026339, 2.583378e-03 
7.183480e-01, 2.899604e-03, 9.039393e-06, 8.252091e-05, 6.706646e-06, 2.789382e-03, 1.108055e-05, 8.747799e-07, 2.613417e-02, 2.520009e-03, 0.000000e+00, 0.000000, 1.000000e-01, 0, 0.026134, 2.520009e-03 
7.212849e-01, 2.936928e-03, 8.164613e-06, 7.318992e-05, 6.123459e-06, 2.837203e-03, 1.137214e-05, 8.747799e-07, 2.565069e-02, 2.476073e-03, 0.000000e+00, 0.000000, 1.000000e-01, 0, 0.025651, 2.476073e-03 
7.241058e-01, 2.820874e-03, 8.456206e-06, 7.406470e-05, 6.123459e-06, 2.720274e-03, 1.108055e-05, 8.747799e-07, 2.508626e-02, 2.417624e-03, 0.000000e+00, 0.000000, 1.000000e-01, 0, 0.025086, 2.417624e-03 
7.269602e-01, 2.854407e-03, 8.164613e-06, 7.377311e-05, 6.123459e-06, 2.753516e-03, 1.195533e-05, 8.747799e-07, 2.473379e-02, 2.592301e-03, 0.000000e+00, 0.000000, 1.000000e-01, 0, 0.024734, 2.592301e-03 
7.298368e-01, 2.876568e-03, 8.747799e-06, 7.989657e-05, 6.415053e-06, 2.769845e-03, 1.108055e-05, 5.831866e-07, 2.408062e-02, 2.322143e-03, 0.000000e+00, 0.000000, 1.000000e-01, 0, 0.024081, 2.322143e-03 
7.327372e-01, 2.900479e-03, 8.164613e-06, 7.348151e-05, 6.123459e-06, 2.800754e-03, 1.108055e-05, 8.747799e-07, 2.370715e-02, 2.504010e-03, 0.000000e+00, 0.000000, 1.000000e-01, 0, 0.023707, 2.504010e-03 
7.355325e-01, 2.795213e-03, 1.078895e-05, 7.318992e-05, 5.831866e-06, 2.693156e-03, 1.137214e-05, 8.747799e-07, 2.343696e-02, 2.623217e-03, 0.000000e+00, 0.000000, 1.000000e-01, 0, 0.023437, 2.623217e-03 
7.383594e-01, 2.826997e-03, 8.164613e-06, 9.972491e-05, 9.039393e-06, 2.698113e-03, 1.108055e-05, 8.747799e-07, 2.322863e-02, 2.591487e-03, 0.000000e+00, 0.000000, 1.000000e-01, 0, 0.023229, 2.591487e-03 
7.411357e-01, 2.776260e-03, 8.164613e-06, 7.377311e-05, 6.123459e-06, 2.676243e-03, 1.108055e-05, 8.747799e-07, 2.250040e-02, 2.263842e-03, 0.000000e+00, 0.000000, 1.000000e-01, 0, 0.022500, 2.263842e-03 
7.441289e-01, 2.993205e-03, 9.330986e-06, 9.418464e-05, 6.123459e-06, 2.871611e-03, 1.108055e-05, 8.747799e-07, 2.222924e-02, 2.364714e-03, 0.000000e+00, 0.000000, 1.000000e-01, 0, 0.022229, 2.364714e-03 
7.471571e-01, 3.028196e-03, 8.164613e-06, 8.368728e-05, 6.415053e-06, 2.917683e-03, 1.137214e-05, 8.747799e-07, 2.199878e-02, 2.537950e-03, 0.000000e+00, 0.000000, 1.000000e-01, 0, 0.021999, 2.537950e-03 
7.500695e-01, 2.912434e-03, 8.164613e-06, 7.406470e-05, 6.123459e-06, 2.811251e-03, 1.195533e-05, 8.747799e-07, 2.128340e-02, 2.197229e-03, 0.000000e+00, 0.000000, 1.000000e-01, 0, 0.021283, 2.197229e-03 
7.528930e-01, 2.823498e-03, 8.164613e-06, 7.348151e-05, 6.123459e-06, 2.723773e-03, 1.108055e-05, 8.747799e-07, 2.117718e-02, 2.258044e-03, 0.000000e+00, 0.000000, 1.000000e-01, 0, 0.021177, 2.258044e-03 
7.556993e-01, 2.806294e-03, 8.164613e-06, 7.406470e-05, 6.123459e-06, 2.706277e-03, 1.108055e-05, 5.831866e-07, 2.061308e-02, 2.100609e-03, 0.000000e+00, 0.000000, 1.000000e-01, 0, 0.020613, 2.100609e-03 
7.585027e-01, 2.803378e-03, 7.873019e-06, 7.406470e-05, 6.123459e-06, 2.703070e-03, 1.137214e-05, 8.747799e-07, 2.016835e-02, 2.466654e-03, 0.000000e+00, 0.000000, 1.000000e-01, 0, 0.020168, 2.466654e-03 
7.616070e-01, 3.104302e-03, 1.108055e-05, 9.826694e-05, 9.622579e-06, 2.971627e-03, 1.283011e-05, 8.747799e-07, 1.984566e-02, 2.346716e-03, 0.000000e+00, 0.000000, 1.000000e-01, 0, 0.019846, 2.346716e-03 
7.647163e-01, 3.109259e-03, 9.330986e-06, 8.135453e-05, 6.706646e-06, 2.998454e-03, 1.253851e-05, 8.747799e-07, 1.952836e-02, 2.330522e-03, 0.000000e+00, 0.000000, 1.000000e-01, 0, 0.019528, 2.330522e-03 
7.675946e-01, 2.878318e-03, 8.747799e-06, 8.018816e-05, 5.831866e-06, 2.771886e-03, 1.078895e-05, 8.747799e-07, 1.902463e-02, 1.999516e-03, 0.000000e+00, 0.000000, 1.000000e-01, 0, 0.019025, 1.999516e-03 
7.705003e-01, 2.905727e-03, 8.164613e-06, 7.348151e-05, 6.123459e-06, 2.805711e-03, 1.137214e-05, 8.747799e-07, 1.879530e-02, 2.167668e-03, 0.000000e+00, 0.000000, 1.000000e-01, 0, 0.018795, 2.167668e-03 
7.734422e-01, 2.941885e-03, 8.164613e-06, 7.231514e-05, 6.415053e-06, 2.843035e-03, 1.108055e-05, 8.747799e-07, 1.838466e-02, 1.897879e-03, 0.000000e+00, 0.000000, 1.000000e-01, 0, 0.018385, 1.897879e-03 
7.763508e-01, 2.908643e-03, 7.873019e-06, 7.873019e-05, 6.123459e-06, 2.803086e-03, 1.195533e-05, 8.747799e-07, 1.820553e-02, 2.055779e-03, 0.000000e+00, 0.000000, 1.000000e-01, 0, 0.018206, 2.055779e-03 
7.804034e-01, 4.052564e-03, 1.428807e-05, 1.213028e-04, 9.622579e-06, 3.894229e-03, 1.195533e-05, 1.166373e-06, 1.789568e-02, 1.907365e-03, 0.000000e+00, 0.000000, 1.000000e-01, 0, 0.017896, 1.907365e-03 
7.832841e-01, 2.880650e-03, 8.456206e-06, 7.464789e-05, 6.706646e-06, 2.779176e-03, 1.108055e-05, 5.831866e-07, 1.745615e-02, 2.068293e-03, 0.000000e+00, 0.000000, 1.000000e-01, 0, 0.017456, 2.068293e-03 
7.861618e-01, 2.877734e-03, 8.164613e-06, 7.231514e-05, 6.123459e-06, 2.778009e-03, 1.224692e-05, 8.747799e-07, 1.723252e-02, 1.831615e-03, 0.000000e+00, 0.000000, 1.000000e-01, 0, 0.017233, 1.831615e-03 
7.891874e-01, 3.025572e-03, 9.039393e-06, 7.960497e-05, 6.415053e-06, 2.918557e-03, 1.108055e-05, 8.747799e-07, 1.714103e-02, 1.871071e-03, 0.000000e+00, 0.000000, 1.000000e-01, 0, 0.017141, 1.871071e-03 
7.922086e-01, 3.021198e-03, 8.456206e-06, 7.260673e-05, 6.415053e-06, 2.920599e-03, 1.224692e-05, 8.747799e-07, 1.688935e-02, 1.905585e-03, 0.000000e+00, 0.000000, 1.000000e-01, 0, 0.016889, 1.905585e-03 
7.951420e-01, 2.933429e-03, 8.747799e-06, 8.018816e-05, 6.706646e-06, 2.825539e-03, 1.137214e-05, 8.747799e-07, 1.677333e-02, 1.822069e-03, 0.000000e+00, 0.000000, 1.000000e-01, 0, 0.016773, 1.822069e-03 
7.979649e-01, 2.822915e-03, 8.164613e-06, 7.289833e-05, 6.123459e-06, 2.723481e-03, 1.137214e-05, 8.747799e-07, 1.655228e-02, 1.862993e-03, 0.000000e+00, 0.000000, 1.000000e-01, 0, 0.016552, 1.862993e-03 
8.008488e-01, 2.883858e-03, 8.164613e-06, 7.260673e-05, 6.123459e-06, 2.785008e-03, 1.108055e-05, 8.747799e-07, 1.634230e-02, 1.899748e-03, 0.000000e+00, 0.000000, 1.000000e-01, 0, 0.016342, 1.899748e-03 
8.036647e-01, 2.815917e-03, 8.164613e-06, 7.260673e-05, 6.415053e-06, 2.716775e-03, 1.137214e-05, 5.831866e-07, 1.596787e-02, 1.806568e-03, 0.000000e+00, 0.000000, 1.000000e-01, 0, 0.015968, 1.806568e-03 
8.065474e-01, 2.882691e-03, 7.873019e-06, 7.377311e-05, 6.123459e-06, 2.781800e-03, 1.224692e-05, 8.747799e-07, 1.549106e-02, 1.725534e-03, 0.000000e+00, 0.000000, 1.000000e-01, 0, 0.015491, 1.725534e-03 
8.095639e-01, 3.016533e-03, 9.039393e-06, 8.018816e-05, 6.415053e-06, 2.908643e-03, 1.137214e-05, 8.747799e-07, 1.527629e-02, 1.710306e-03, 0.000000e+00, 0.000000, 1.000000e-01, 0, 0.015276, 1.710306e-03 
8.124568e-01, 2.892897e-03, 8.456206e-06, 7.960497e-05, 6.123459e-06, 2.721149e-03, 1.137214e-05, 6.619168e-05, 1.528941e-02, 1.847071e-03, 0.000000e+00, 0.000000, 5.000000e-02, 0, 0.015289, 1.847071e-03 
8.152596e-01, 2.802795e-03, 8.164613e-06, 7.318992e-05, 6.415053e-06, 2.703362e-03, 1.078895e-05, 8.747799e-07, 1.498414e-02, 1.737196e-03, 0.000000e+00, 0.000000, 5.000000e-02, 0, 0.014984, 1.737196e-03 
8.181793e-01, 2.919724e-03, 8.164613e-06, 8.456206e-05, 6.415053e-06, 2.808918e-03, 1.078895e-05, 8.747799e-07, 1.496192e-02, 1.733950e-03, 0.000000e+00, 0.000000, 5.000000e-02, 0, 0.014962, 1.733950e-03 
8.209853e-01, 2.806002e-03, 8.164613e-06, 7.348151e-05, 6.123459e-06, 2.705986e-03, 1.137214e-05, 8.747799e-07, 1.488222e-02, 1.736428e-03, 0.000000e+00, 0.000000, 5.000000e-02, 0, 0.014882, 1.736428e-03 
8.239252e-01, 2.939844e-03, 8.164613e-06, 7.435629e-05, 6.415053e-06, 2.838952e-03, 1.108055e-05, 8.747799e-07, 1.479680e-02, 1.735697e-03, 0.000000e+00, 0.000000, 5.000000e-02, 0, 0.014797, 1.735697e-03 
8.268659e-01, 2.940718e-03, 8.164613e-06, 7.348151e-05, 6.123459e-06, 2.840410e-03, 1.166373e-05, 8.747799e-07, 1.452614e-02, 1.699369e-03, 0.000000e+00, 0.000000, 5.000000e-02, 0, 0.014526, 1.699369e-03 
8.296640e-01, 2.798129e-03, 8.456206e-06, 7.289833e-05, 6.123459e-06, 2.698696e-03, 1.108055e-05, 8.747799e-07, 1.442685e-02, 1.712229e-03, 0.000000e+00, 0.000000, 5.000000e-02, 0, 0.014427, 1.712229e-03 
8.324831e-01, 2.819124e-03, 8.164613e-06, 7.289833e-05, 6.123459e-06, 2.720274e-03, 1.078895e-05, 8.747799e-07, 1.421929e-02, 1.741485e-03, 0.000000e+00, 0.000000, 5.000000e-02, 0, 0.014219, 1.741485e-03 
8.353180e-01, 2.834870e-03, 8.164613e-06, 7.260673e-05, 6.123459e-06, 2.735728e-03, 1.137214e-05, 8.747799e-07, 1.413856e-02, 1.808653e-03, 0.000000e+00, 0.000000, 5.000000e-02, 0, 0.014139, 1.808653e-03 
8.381217e-01, 2.803670e-03, 8.164613e-06, 7.231514e-05, 6.123459e-06, 2.705111e-03, 1.108055e-05, 8.747799e-07, 1.395050e-02, 1.662678e-03, 0.000000e+00, 0.000000, 5.000000e-02, 0, 0.013951, 1.662678e-03 
8.410318e-01, 2.910101e-03, 8.164613e-06, 7.202355e-05, 5.831866e-06, 2.812126e-03, 1.108055e-05, 8.747799e-07, 1.375268e-02, 1.702450e-03, 0.000000e+00, 0.000000, 5.000000e-02, 0, 0.013753, 1.702450e-03 
8.438346e-01, 2.802795e-03, 7.873019e-06, 7.289833e-05, 5.831866e-06, 2.704236e-03, 1.108055e-05, 8.747799e-07, 1.356911e-02, 1.728000e-03, 0.000000e+00, 0.000000, 5.000000e-02, 0, 0.013569, 1.728000e-03 
8.467514e-01, 2.916808e-03, 8.164613e-06, 7.231514e-05, 6.415053e-06, 2.817958e-03, 1.108055e-05, 8.747799e-07, 1.342695e-02, 1.853683e-03, 0.000000e+00, 0.000000, 5.000000e-02, 0, 0.013427, 1.853683e-03 
8.495367e-01, 2.785299e-03, 8.164613e-06, 7.318992e-05, 6.123459e-06, 2.685574e-03, 1.137214e-05, 8.747799e-07, 1.330324e-02, 2.005946e-03, 0.000000e+00, 0.000000, 5.000000e-02, 0, 0.013303, 2.005946e-03 
8.523476e-01, 2.810959e-03, 7.873019e-06, 7.202355e-05, 6.123459e-06, 2.713276e-03, 1.078895e-05, 8.747799e-07, 1.318790e-02, 1.948048e-03, 0.000000e+00, 0.000000, 5.000000e-02, 0, 0.013188, 1.948048e-03 
8.552647e-01, 2.917099e-03, 7.873019e-06, 8.485365e-05, 6.415053e-06, 2.797838e-03, 1.924516e-05, 8.747799e-07, 1.308907e-02, 1.914347e-03, 0.000000e+00, 0.000000, 5.000000e-02, 0, 0.013089, 1.914347e-03 
8.585245e-01, 3.259722e-03, 8.456206e-06, 7.260673e-05, 6.123459e-06, 3.156789e-03, 1.137214e-05, 4.373900e-06, 1.286165e-02, 1.637880e-03, 0.000000e+00, 0.000000, 5.000000e-02, 0, 0.012862, 1.637880e-03 
8.616075e-01, 3.083016e-03, 8.747799e-06, 7.435629e-05, 6.123459e-06, 2.981542e-03, 1.137214e-05, 8.747799e-07, 1.270937e-02, 1.523095e-03, 0.000000e+00, 0.000000, 5.000000e-02, 0, 0.012709, 1.523095e-03 
8.644680e-01, 2.860530e-03, 1.632923e-05, 9.622579e-05, 6.123459e-06, 2.729897e-03, 1.108055e-05, 8.747799e-07, 1.247287e-02, 1.481277e-03, 0.000000e+00, 0.000000, 5.000000e-02, 0, 0.012473, 1.481277e-03 
8.672647e-01, 2.796671e-03, 7.873019e-06, 7.318992e-05, 5.831866e-06, 2.698404e-03, 1.078895e-05, 5.831866e-07, 1.235743e-02, 1.463578e-03, 0.000000e+00, 0.000000, 5.000000e-02, 0, 0.012357, 1.463578e-03 
8.702349e-01, 2.970169e-03, 7.873019e-06, 7.231514e-05, 5.831866e-06, 2.868403e-03, 1.487126e-05, 8.747799e-07, 1.233870e-02, 1.466706e-03, 0.000000e+00, 0.000000, 5.000000e-02, 0, 0.012339, 1.466706e-03 
8.732700e-01, 3.035195e-03, 8.456206e-06, 7.931338e-05, 6.415053e-06, 2.928180e-03, 1.195533e-05, 8.747799e-07, 1.227245e-02, 1.450936e-03, 0.000000e+00, 0.000000, 5.000000e-02, 0, 0.012272, 1.450936e-03 
8.762685e-01, 2.998454e-03, 9.039393e-06, 7.348151e-05, 6.123459e-06, 2.897854e-03, 1.108055e-05, 8.747799e-07, 1.225489e-02, 1.456059e-03, 0.000000e+00, 0.000000, 5.000000e-02, 0, 0.012255, 1.456059e-03 
8.790809e-01, 2.812417e-03, 8.164613e-06, 7.348151e-05, 6.123459e-06, 2.712693e-03, 1.108055e-05, 8.747799e-07, 1.213435e-02, 1.443979e-03, 0.000000e+00, 0.000000, 5.000000e-02, 0, 0.012134, 1.443979e-03 
8.818971e-01, 2.816208e-03, 8.456206e-06, 7.406470e-05, 6.415053e-06, 2.715025e-03, 1.137214e-05, 8.747799e-07, 1.207661e-02, 1.440362e-03, 0.000000e+00, 0.000000, 5.000000e-02, 0, 0.012077, 1.440362e-03 
8.854210e-01, 3.523905e-03, 8.456206e-06, 7.289833e-05, 6.123459e-06, 3.422722e-03, 1.283011e-05, 8.747799e-07, 1.192864e-02, 1.431092e-03, 0.000000e+00, 0.000000, 5.000000e-02, 0, 0.011929, 1.431092e-03 
8.887362e-01, 3.315124e-03, 9.622579e-06, 8.106294e-05, 6.998239e-06, 3.203736e-03, 1.253851e-05, 1.166373e-06, 1.185388e-02, 1.446325e-03, 0.000000e+00, 0.000000, 5.000000e-02, 0, 0.011854, 1.446325e-03 
8.919944e-01, 3.258264e-03, 8.747799e-06, 7.435629e-05, 7.289833e-06, 3.154748e-03, 1.224692e-05, 8.747799e-07, 1.178549e-02, 1.461788e-03, 0.000000e+00, 0.000000, 5.000000e-02, 0, 0.011785, 1.461788e-03 
8.948585e-01, 2.864029e-03, 9.330986e-06, 7.552267e-05, 6.706646e-06, 2.760222e-03, 1.137214e-05, 8.747799e-07, 1.175748e-02, 1.566098e-03, 0.000000e+00, 0.000000, 5.000000e-02, 0, 0.011757, 1.566098e-03 
8.977566e-01, 2.898146e-03, 7.873019e-06, 7.289833e-05, 6.415053e-06, 2.794630e-03, 1.545445e-05, 8.747799e-07, 1.151055e-02, 1.449860e-03, 0.000000e+00, 0.000000, 5.000000e-02, 0, 0.011511, 1.449860e-03 
9.009294e-01, 3.172827e-03, 8.747799e-06, 7.931338e-05, 7.873019e-06, 3.059980e-03, 1.545445e-05, 1.457967e-06, 1.137512e-02, 1.380497e-03, 0.000000e+00, 0.000000, 5.000000e-02, 0, 0.011375, 1.380497e-03 
9.039232e-01, 2.993788e-03, 8.164613e-06, 7.377311e-05, 6.123459e-06, 2.892314e-03, 1.224692e-05, 1.166373e-06, 1.126067e-02, 1.386055e-03, 0.000000e+00, 0.000000, 5.000000e-02, 0, 0.011261, 1.386055e-03 
9.069412e-01, 3.017991e-03, 9.039393e-06, 7.756382e-05, 6.415053e-06, 2.913017e-03, 1.108055e-05, 8.747799e-07, 1.116872e-02, 1.402883e-03, 0.000000e+00, 0.000000, 5.000000e-02, 0, 0.011169, 1.402883e-03 
9.107794e-01, 3.838243e-03, 1.049736e-05, 9.826694e-05, 7.581426e-06, 3.706151e-03, 1.457967e-05, 1.166373e-06, 1.095234e-02, 1.314700e-03, 0.000000e+00, 0.000000, 5.000000e-02, 0, 0.010952, 1.314700e-03 
9.139362e-01, 3.156789e-03, 1.137214e-05, 8.018816e-05, 7.581426e-06, 3.045109e-03, 1.166373e-05, 8.747799e-07, 1.085162e-02, 1.336707e-03, 0.000000e+00, 0.000000, 5.000000e-02, 0, 0.010852, 1.336707e-03 
9.169656e-01, 3.029363e-03, 8.164613e-06, 7.348151e-05, 6.123459e-06, 2.929638e-03, 1.108055e-05, 8.747799e-07, 1.079740e-02, 1.452711e-03, 0.000000e+00, 0.000000, 5.000000e-02, 0, 0.010797, 1.452711e-03 
9.199133e-01, 2.947717e-03, 8.164613e-06, 7.318992e-05, 6.123459e-06, 2.847700e-03, 1.166373e-05, 8.747799e-07, 1.065091e-02, 1.333218e-03, 0.000000e+00, 0.000000, 5.000000e-02, 0, 0.010651, 1.333218e-03 
9.227736e-01, 2.860239e-03, 8.164613e-06, 7.348151e-05, 6.415053e-06, 2.759931e-03, 1.137214e-05, 8.747799e-07, 1.058731e-02, 1.380057e-03, 0.000000e+00, 0.000000, 5.000000e-02, 0, 0.010587, 1.380057e-03 
9.255857e-01, 2.812126e-03, 8.164613e-06, 7.435629e-05, 6.123459e-06, 2.711526e-03, 1.108055e-05, 8.747799e-07, 1.053441e-02, 1.389971e-03, 0.000000e+00, 0.000000, 5.000000e-02, 0, 0.010534, 1.389971e-03 
9.285914e-01, 3.005744e-03, 8.456206e-06, 7.318992e-05, 6.123459e-06, 2.905727e-03, 1.137214e-05, 8.747799e-07, 1.031386e-02, 1.281941e-03, 0.000000e+00, 0.000000, 5.000000e-02, 0, 0.010314, 1.281941e-03 
9.316622e-01, 3.070769e-03, 8.456206e-06, 7.435629e-05, 6.415053e-06, 2.967253e-03, 1.312170e-05, 1.166373e-06, 1.012721e-02, 1.217249e-03, 0.000000e+00, 0.000000, 5.000000e-02, 0, 0.010127, 1.217249e-03 
9.352768e-01, 3.614591e-03, 1.020577e-05, 7.960497e-05, 7.289833e-06, 3.500869e-03, 1.516285e-05, 1.457967e-06, 1.004303e-02, 1.239210e-03, 0.000000e+00, 0.000000, 5.000000e-02, 0, 0.010043, 1.239210e-03 
9.390599e-01, 3.783132e-03, 1.166373e-05, 1.717485e-04, 1.370489e-05, 3.569685e-03, 1.516285e-05, 1.166373e-06, 9.977228e-03, 1.236260e-03, 0.000000e+00, 0.000000, 5.000000e-02, 0, 0.009977, 1.236260e-03 
9.426763e-01, 3.616340e-03, 9.622579e-06, 8.339569e-05, 1.078895e-05, 3.499703e-03, 1.195533e-05, 8.747799e-07, 9.936265e-03, 1.234794e-03, 0.000000e+00, 0.000000, 5.000000e-02, 0, 0.009936, 1.234794e-03 
9.460453e-01, 3.369069e-03, 1.195533e-05, 8.835277e-05, 6.706646e-06, 3.246017e-03, 1.487126e-05, 1.166373e-06, 9.741056e-03, 1.201359e-03, 0.000000e+00, 0.000000, 5.000000e-02, 0, 0.009741, 1.201359e-03 
9.489674e-01, 2.922057e-03, 9.622579e-06, 8.047975e-05, 7.289833e-06, 2.812709e-03, 1.108055e-05, 8.747799e-07, 9.589680e-03, 1.234271e-03, 0.000000e+00, 0.000000, 5.000000e-02, 0, 0.009590, 1.234271e-03 
9.519393e-01, 2.971919e-03, 8.164613e-06, 7.377311e-05, 6.123459e-06, 2.871902e-03, 1.108055e-05, 8.747799e-07, 9.468020e-03, 1.316449e-03, 0.000000e+00, 0.000000, 5.000000e-02, 0, 0.009468, 1.316449e-03 
9.550066e-01, 3.067270e-03, 8.456206e-06, 7.377311e-05, 6.123459e-06, 2.966087e-03, 1.195533e-05, 8.747799e-07, 9.371967e-03, 1.436544e-03, 0.000000e+00, 0.000000, 5.000000e-02, 0, 0.009372, 1.436544e-03 
9.579380e-01, 2.931388e-03, 9.039393e-06, 7.989657e-05, 6.998239e-06, 2.819416e-03, 1.516285e-05, 8.747799e-07, 9.332611e-03, 1.399311e-03, 0.000000e+00, 0.000000, 5.000000e-02, 0, 0.009333, 1.399311e-03 
9.616228e-01, 3.684865e-03, 1.224692e-05, 1.000165e-04, 6.415053e-06, 3.551023e-03, 1.312170e-05, 2.041153e-06, 9.227320e-03, 1.263100e-03, 0.000000e+00, 0.000000, 5.000000e-02, 0, 0.009227, 1.263100e-03 
9.647948e-01, 3.171952e-03, 9.039393e-06, 7.435629e-05, 6.415053e-06, 3.065229e-03, 1.574604e-05, 1.166373e-06, 9.142726e-03, 1.175549e-03, 0.000000e+00, 0.000000, 5.000000e-02, 0, 0.009143, 1.175549e-03 
9.677230e-01, 2.928180e-03, 1.137214e-05, 1.070147e-04, 8.747799e-06, 2.789090e-03, 1.108055e-05, 8.747799e-07, 9.063066e-03, 1.151842e-03, 0.000000e+00, 0.000000, 5.000000e-02, 0, 0.009063, 1.151842e-03 
9.717840e-01, 4.061020e-03, 2.128631e-05, 1.344245e-04, 9.330986e-06, 3.883440e-03, 1.137214e-05, 1.166373e-06, 9.027680e-03, 1.155482e-03, 0.000000e+00, 0.000000, 5.000000e-02, 0, 0.009028, 1.155482e-03 
9.748270e-01, 3.043068e-03, 8.747799e-06, 7.318992e-05, 6.415053e-06, 2.942760e-03, 1.108055e-05, 8.747799e-07, 8.916177e-03, 1.274700e-03, 0.000000e+00, 0.000000, 5.000000e-02, 0, 0.008916, 1.274700e-03 
9.779249e-01, 3.097887e-03, 8.747799e-06, 7.406470e-05, 6.123459e-06, 2.995830e-03, 1.224692e-05, 8.747799e-07, 8.838940e-03, 1.249550e-03, 0.000000e+00, 0.000000, 5.000000e-02, 0, 0.008839, 1.249550e-03 
9.807583e-01, 2.833412e-03, 8.164613e-06, 7.318992e-05, 6.415053e-06, 2.733687e-03, 1.108055e-05, 8.747799e-07, 8.805441e-03, 1.305896e-03, 0.000000e+00, 0.000000, 5.000000e-02, 0, 0.008805, 1.305896e-03 
9.835495e-01, 2.791131e-03, 7.873019e-06, 7.814701e-05, 5.831866e-06, 2.687032e-03, 1.137214e-05, 8.747799e-07, 8.769297e-03, 1.296059e-03, 0.000000e+00, 0.000000, 5.000000e-02, 0, 0.008769, 1.296059e-03 
9.863295e-01, 2.780051e-03, 8.164613e-06, 7.843860e-05, 6.123459e-06, 2.675660e-03, 1.078895e-05, 8.747799e-07, 8.735436e-03, 1.288866e-03, 0.000000e+00, 0.000000, 5.000000e-02, 0, 0.008735, 1.288866e-03 
9.891166e-01, 2.787049e-03, 8.164613e-06, 7.902179e-05, 6.123459e-06, 2.682075e-03, 1.078895e-05, 8.747799e-07, 8.601649e-03, 1.269844e-03, 0.000000e+00, 0.000000, 5.000000e-02, 0, 0.008602, 1.269844e-03 
9.919156e-01, 2.799004e-03, 7.873019e-06, 7.902179e-05, 6.415053e-06, 2.692281e-03, 1.253851e-05, 8.747799e-07, 8.571853e-03, 1.325783e-03, 0.000000e+00, 0.000000, 5.000000e-02, 0, 0.008572, 1.325783e-03 
9.951377e-01, 3.222106e-03, 8.747799e-06, 8.106294e-05, 6.415053e-06, 3.113633e-03, 1.137214e-05, 8.747799e-07, 8.558017e-03, 1.355576e-03, 0.000000e+00, 0.000000, 5.000000e-02, 0, 0.008558, 1.355576e-03 
9.979906e-01, 2.852949e-03, 8.456206e-06, 7.377311e-05, 6.415053e-06, 2.752058e-03, 1.137214e-05, 8.747799e-07, 8.435193e-03, 1.174619e-03, 0.000000e+00, 0.000000, 5.000000e-02, 0, 0.008435, 1.174619e-03 
1.000847e+00, 2.856156e-03, 8.164613e-06, 7.377311e-05, 6.123459e-06, 2.755848e-03, 1.137214e-05, 8.747799e-07, 8.252519e-03, 1.082913e-03, 0.000000e+00, 0.000000, 5.000000e-02, 0, 0.008253, 1.082913e-03 
1.003659e+00, 2.812417e-03, 8.164613e-06, 7.318992e-05, 6.123459e-06, 2.712984e-03, 1.108055e-05, 8.747799e-07, 8.172436e-03, 1.086221e-03, 0.000000e+00, 0.000000, 5.000000e-02, 0, 0.008172, 1.086221e-03 
1.006472e+00, 2.813001e-03, 8.164613e-06, 7.348151e-05, 6.123459e-06, 2.713276e-03, 1.137214e-05, 5.831866e-07, 8.003537e-03, 1.023541e-03, 0.000000e+00, 0.000000, 5.000000e-02, 0, 0.008004, 1.023541e-03 
1.009572e+00, 3.099637e-03, 7.873019e-06, 7.435629e-05, 6.123459e-06, 2.999037e-03, 1.137214e-05, 8.747799e-07, 7.876368e-03, 9.831438e-04, 0.000000e+00, 0.000000, 5.000000e-02, 0, 0.007876, 9.831438e-04 
1.012783e+00, 3.211317e-03, 8.164613e-06, 8.339569e-05, 6.123459e-06, 3.100512e-03, 1.195533e-05, 1.166373e-06, 7.754574e-03, 9.881979e-04, 0.000000e+00, 0.000000, 5.000000e-02, 0, 0.007755, 9.881979e-04 
1.015672e+00, 2.888523e-03, 9.330986e-06, 7.493948e-05, 6.415053e-06, 2.785882e-03, 1.108055e-05, 8.747799e-07, 7.651971e-03, 1.085914e-03, 0.000000e+00, 0.000000, 5.000000e-02, 0, 0.007652, 1.085914e-03 
1.018477e+00, 2.804836e-03, 8.164613e-06, 7.231514e-05, 5.831866e-06, 2.706569e-03, 1.108055e-05, 8.747799e-07, 7.546828e-03, 1.130424e-03, 0.000000e+00, 0.000000, 5.000000e-02, 0, 0.007547, 1.130424e-03 
1.021352e+00, 2.875110e-03, 8.164613e-06, 7.260673e-05, 5.831866e-06, 2.775968e-03, 1.166373e-05, 8.747799e-07, 7.484908e-03, 1.241707e-03, 0.000000e+00, 0.000000, 5.000000e-02, 0, 0.007485, 1.241707e-03 
1.024163e+00, 2.810959e-03, 8.164613e-06, 7.289833e-05, 6.123459e-06, 2.711235e-03, 1.166373e-05, 8.747799e-07, 7.447808e-03, 1.362173e-03, 0.000000e+00, 0.000000, 5.000000e-02, 0, 0.007448, 1.362173e-03 
1.027009e+00, 2.846825e-03, 8.456206e-06, 7.785541e-05, 6.415053e-06, 2.741269e-03, 1.224692e-05, 5.831866e-07, 7.436991e-03, 1.355122e-03, 0.000000e+00, 0.000000, 5.000000e-02, 0, 0.007437, 1.355122e-03 
1.029827e+00, 2.817958e-03, 8.456206e-06, 7.289833e-05, 6.123459e-06, 2.718524e-03, 1.108055e-05, 8.747799e-07, 7.391195e-03, 1.307744e-03, 0.000000e+00, 0.000000, 5.000000e-02, 0, 0.007391, 1.307744e-03 
1.032657e+00, 2.829330e-03, 8.164613e-06, 7.260673e-05, 6.123459e-06, 2.729897e-03, 1.166373e-05, 8.747799e-07, 7.309055e-03, 1.252533e-03, 0.000000e+00, 0.000000, 5.000000e-02, 0, 0.007309, 1.252533e-03 
1.035483e+00, 2.826414e-03, 8.456206e-06, 7.785541e-05, 6.123459e-06, 2.722607e-03, 1.078895e-05, 5.831866e-07, 7.134236e-03, 1.030084e-03, 0.000000e+00, 0.000000, 5.000000e-02, 0, 0.007134, 1.030084e-03 
1.038331e+00, 2.847409e-03, 8.164613e-06, 7.231514e-05, 6.123459e-06, 2.748267e-03, 1.166373e-05, 8.747799e-07, 7.102226e-03, 1.143360e-03, 0.000000e+00, 0.000000, 5.000000e-02, 0, 0.007102, 1.143360e-03 
1.041198e+00, 2.867820e-03, 9.039393e-06, 7.814701e-05, 6.415053e-06, 2.762263e-03, 1.108055e-05, 8.747799e-07, 7.028701e-03, 1.048074e-03, 0.000000e+00, 0.000000, 5.000000e-02, 0, 0.007029, 1.048074e-03 
1.044015e+00, 2.816791e-03, 7.873019e-06, 7.756382e-05, 5.831866e-06, 2.713567e-03, 1.108055e-05, 8.747799e-07, 6.977650e-03, 9.769298e-04, 0.000000e+00, 0.000000, 5.000000e-02, 0, 0.006978, 9.769298e-04 
1.046935e+00, 2.919432e-03, 8.164613e-06, 7.989657e-05, 6.415053e-06, 2.813001e-03, 1.108055e-05, 8.747799e-07, 6.943622e-03, 9.411940e-04, 0.000000e+00, 0.000000, 5.000000e-02, 0, 0.006944, 9.411940e-04 
1.049726e+00, 2.791714e-03, 8.456206e-06, 7.318992e-05, 6.415053e-06, 2.691406e-03, 1.137214e-05, 8.747799e-07, 6.843097e-03, 9.046634e-04, 0.000000e+00, 0.000000, 5.000000e-02, 0, 0.006843, 9.046634e-04 
1.052572e+00, 2.845951e-03, 8.164613e-06, 7.318992e-05, 6.123459e-06, 2.746226e-03, 1.137214e-05, 8.747799e-07, 6.756562e-03, 9.069287e-04, 0.000000e+00, 0.000000, 5.000000e-02, 0, 0.006757, 9.069287e-04 
1.055439e+00, 2.866945e-03, 7.873019e-06, 7.377311e-05, 6.123459e-06, 2.766054e-03, 1.224692e-05, 8.747799e-07, 6.679465e-03, 9.233522e-04, 0.000000e+00, 0.000000, 5.000000e-02, 0, 0.006679, 9.233522e-04 
1.058317e+00, 2.877443e-03, 8.456206e-06, 7.931338e-05, 6.706646e-06, 2.771011e-03, 1.108055e-05, 8.747799e-07, 6.642390e-03, 8.995970e-04, 0.000000e+00, 0.000000, 5.000000e-02, 0, 0.006642, 8.995970e-04 
1.061323e+00, 3.006035e-03, 1.078895e-05, 9.680898e-05, 7.581426e-06, 2.878026e-03, 1.195533e-05, 8.747799e-07, 6.614664e-03, 8.869080e-04, 0.000000e+00, 0.000000, 5.000000e-02, 0, 0.006615, 8.869080e-04 
1.064267e+00, 2.944801e-03, 8.747799e-06, 7.260673e-05, 6.415053e-06, 2.844201e-03, 1.195533e-05, 8.747799e-07, 6.531861e-03, 8.873723e-04, 0.000000e+00, 0.000000, 5.000000e-02, 0, 0.006532, 8.873723e-04 
1.067089e+00, 2.821748e-03, 8.747799e-06, 8.106294e-05, 6.706646e-06, 2.713276e-03, 1.108055e-05, 8.747799e-07, 6.432643e-03, 9.022596e-04, 0.000000e+00, 0.000000, 5.000000e-02, 0, 0.006433, 9.022596e-04 
1.069966e+00, 2.876568e-03, 8.164613e-06, 7.318992e-05, 5.831866e-06, 2.776551e-03, 1.195533e-05, 8.747799e-07, 6.301264e-03, 8.442559e-04, 0.000000e+00, 0.000000, 5.000000e-02, 0, 0.006301, 8.442559e-04 
1.073249e+00, 3.282757e-03, 1.108055e-05, 7.668904e-05, 8.747799e-06, 3.174576e-03, 1.078895e-05, 8.747799e-07, 6.269199e-03, 8.391795e-04, 0.000000e+00, 0.000000, 5.000000e-02, 0, 0.006269, 8.391795e-04 
1.076066e+00, 2.817666e-03, 8.164613e-06, 7.289833e-05, 6.123459e-06, 2.718524e-03, 1.108055e-05, 8.747799e-07, 6.193951e-03, 8.474239e-04, 0.000000e+00, 0.000000, 5.000000e-02, 0, 0.006194, 8.474239e-04 
1.078858e+00, 2.791714e-03, 7.873019e-06, 7.289833e-05, 6.123459e-06, 2.692573e-03, 1.137214e-05, 8.747799e-07, 6.103529e-03, 8.040401e-04, 0.000000e+00, 0.000000, 5.000000e-02, 0, 0.006104, 8.040401e-04 
1.081674e+00, 2.815917e-03, 8.164613e-06, 7.260673e-05, 6.123459e-06, 2.716775e-03, 1.137214e-05, 8.747799e-07, 6.075781e-03, 7.991169e-04, 0.000000e+00, 0.000000, 5.000000e-02, 0, 0.006076, 7.991169e-04 
1.084576e+00, 2.902520e-03, 7.873019e-06, 7.318992e-05, 6.415053e-06, 2.802212e-03, 1.195533e-05, 8.747799e-07, 5.998016e-03, 8.037574e-04, 0.000000e+00, 0.000000, 5.000000e-02, 0, 0.005998, 8.037574e-04 
1.087490e+00, 2.913309e-03, 8.747799e-06, 7.960497e-05, 6.706646e-06, 2.806294e-03, 1.108055e-05, 8.747799e-07, 5.925527e-03, 8.044964e-04, 0.000000e+00, 0.000000, 5.000000e-02, 0, 0.005926, 8.044964e-04 
1.090276e+00, 2.786466e-03, 8.164613e-06, 7.260673e-05, 5.831866e-06, 2.687616e-03, 1.137214e-05, 8.747799e-07, 5.839807e-03, 7.594075e-04, 0.000000e+00, 0.000000, 5.000000e-02, 0, 0.005840, 7.594075e-04 
1.093072e+00, 2.795505e-03, 8.164613e-06, 7.318992e-05, 6.123459e-06, 2.696072e-03, 1.108055e-05, 8.747799e-07, 5.789627e-03, 8.094505e-04, 0.000000e+00, 0.000000, 5.000000e-02, 0, 0.005790, 8.094505e-04 
1.095848e+00, 2.776260e-03, 8.164613e-06, 7.289833e-05, 6.123459e-06, 2.676827e-03, 1.137214e-05, 8.747799e-07, 5.674296e-03, 7.604833e-04, 0.000000e+00, 0.000000, 5.000000e-02, 0, 0.005674, 7.604833e-04 
1.098632e+00, 2.783841e-03, 8.164613e-06, 7.289833e-05, 5.831866e-06, 2.684991e-03, 1.108055e-05, 8.747799e-07, 5.575338e-03, 7.189255e-04, 0.000000e+00, 0.000000, 5.000000e-02, 0, 0.005575, 7.189255e-04 
1.101601e+00, 2.969295e-03, 7.873019e-06, 7.231514e-05, 6.123459e-06, 2.867529e-03, 1.428807e-05, 1.166373e-06, 5.503280e-03, 7.407976e-04, 0.000000e+00, 0.000000, 5.000000e-02, 0, 0.005503, 7.407976e-04 
1.104462e+00, 2.860822e-03, 8.456206e-06, 7.348151e-05, 6.415053e-06, 2.760514e-03, 1.108055e-05, 8.747799e-07, 5.478681e-03, 7.369841e-04, 0.000000e+00, 0.000000, 5.000000e-02, 0, 0.005479, 7.369841e-04 
1.107259e+00, 2.797546e-03, 8.164613e-06, 7.377311e-05, 6.123459e-06, 2.697821e-03, 1.108055e-05, 5.831866e-07, 5.366569e-03, 6.940191e-04, 0.000000e+00, 0.000000, 5.000000e-02, 0, 0.005367, 6.940191e-04 
1.110105e+00, 2.845951e-03, 8.164613e-06, 7.406470e-05, 6.123459e-06, 2.745351e-03, 1.137214e-05, 8.747799e-07, 5.288100e-03, 7.015833e-04, 0.000000e+00, 0.000000, 5.000000e-02, 0, 0.005288, 7.015833e-04 
1.112948e+00, 2.842452e-03, 8.164613e-06, 7.260673e-05, 6.123459e-06, 2.743310e-03, 1.137214e-05, 8.747799e-07, 5.228365e-03, 7.486611e-04, 0.000000e+00, 0.000000, 5.000000e-02, 0, 0.005228, 7.486611e-04 
1.115880e+00, 2.931971e-03, 8.747799e-06, 7.873019e-05, 6.706646e-06, 2.825539e-03, 1.137214e-05, 8.747799e-07, 5.194419e-03, 7.169402e-04, 0.000000e+00, 0.000000, 5.000000e-02, 0, 0.005194, 7.169402e-04 
1.119403e+00, 3.523030e-03, 8.164613e-06, 7.318992e-05, 6.415053e-06, 3.423305e-03, 1.108055e-05, 8.747799e-07, 5.114594e-03, 7.220332e-04, 0.000000e+00, 0.000000, 5.000000e-02, 0, 0.005115, 7.220332e-04 
1.122347e+00, 2.943926e-03, 8.164613e-06, 7.289833e-05, 6.123459e-06, 2.844493e-03, 1.137214e-05, 8.747799e-07, 5.036201e-03, 6.587675e-04, 0.000000e+00, 0.000000, 5.000000e-02, 0, 0.005036, 6.587675e-04 
1.125152e+00, 2.804836e-03, 8.456206e-06, 7.260673e-05, 6.415053e-06, 2.705694e-03, 1.078895e-05, 8.747799e-07, 4.994437e-03, 7.012468e-04, 0.000000e+00, 0.000000, 5.000000e-02, 0, 0.004994, 7.012468e-04 
1.127974e+00, 2.822915e-03, 8.164613e-06, 7.260673e-05, 5.831866e-06, 2.724356e-03, 1.108055e-05, 8.747799e-07, 4.943642e-03, 7.205282e-04, 0.000000e+00, 0.000000, 5.000000e-02, 0, 0.004944, 7.205282e-04 
1.131001e+00, 3.026155e-03, 7.873019e-06, 7.289833e-05, 6.123459e-06, 2.926139e-03, 1.224692e-05, 8.747799e-07, 4.849872e-03, 6.628607e-04, 0.000000e+00, 0.000000, 5.000000e-02, 0, 0.004850, 6.628607e-04 
1.134040e+00, 3.038985e-03, 1.370489e-05, 1.303422e-04, 8.456206e-06, 2.870445e-03, 1.516285e-05, 8.747799e-07, 4.844588e-03, 7.062542e-04, 0.000000e+00, 0.000000, 5.000000e-02, 0, 0.004845, 7.062542e-04 
1.136912e+00, 2.871902e-03, 8.164613e-06, 7.348151e-05, 6.123459e-06, 2.772178e-03, 1.108055e-05, 8.747799e-07, 4.833717e-03, 6.977969e-04, 0.000000e+00, 0.000000, 5.000000e-02, 0, 0.004834, 6.977969e-04 
1.140006e+00, 3.094097e-03, 7.873019e-06, 7.289833e-05, 6.123459e-06, 2.995246e-03, 1.108055e-05, 8.747799e-07, 4.752639e-03, 6.482678e-04, 0.000000e+00, 0.000000, 5.000000e-02, 0, 0.004753, 6.482678e-04 
1.142858e+00, 2.852366e-03, 8.456206e-06, 7.348151e-05, 6.123459e-06, 2.752349e-03, 1.108055e-05, 8.747799e-07, 4.689922e-03, 6.244966e-04, 0.000000e+00, 0.000000, 5.000000e-02, 0, 0.004690, 6.244966e-04 
1.145637e+00, 2.779467e-03, 8.164613e-06, 7.231514e-05, 6.123459e-06, 2.681200e-03, 1.078895e-05, 8.747799e-07, 4.664661e-03, 6.215494e-04, 0.000000e+00, 0.000000, 5.000000e-02, 0, 0.004665, 6.215494e-04 
1.148450e+00, 2.812709e-03, 8.164613e-06, 7.289833e-05, 6.123459e-06, 2.713567e-03, 1.108055e-05, 8.747799e-07, 4.644256e-03, 6.249564e-04, 0.000000e+00, 0.000000, 5.000000e-02, 0, 0.004644, 6.249564e-04 
1.151230e+00, 2.779759e-03, 8.164613e-06, 7.231514e-05, 6.123459e-06, 2.681200e-03, 1.108055e-05, 8.747799e-07, 4.583083e-03, 6.288169e-04, 0.000000e+00, 0.000000, 5.000000e-02, 0, 0.004583, 6.288169e-04 
1.154002e+00, 2.771886e-03, 7.873019e-06, 7.289833e-05, 6.123459e-06, 2.673036e-03, 1.108055e-05, 8.747799e-07, 4.539192e-03, 6.651879e-04, 0.000000e+00, 0.000000, 5.000000e-02, 0, 0.004539, 6.651879e-04 
1.156768e+00, 2.766054e-03, 7.873019e-06, 7.231514e-05, 6.123459e-06, 2.667787e-03, 1.108055e-05, 8.747799e-07, 4.478058e-03, 6.413716e-04, 0.000000e+00, 0.000000, 5.000000e-02, 0, 0.004478, 6.413716e-04 
1.159549e+00, 2.781217e-03, 8.164613e-06, 7.348151e-05, 6.123459e-06, 2.681492e-03, 1.108055e-05, 8.747799e-07, 4.416399e-03, 6.087794e-04, 0.000000e+00, 0.000000, 5.000000e-02, 0, 0.004416, 6.087794e-04 
1.162358e+00, 2.808627e-03, 8.164613e-06, 7.318992e-05, 6.123459e-06, 2.709193e-03, 1.108055e-05, 8.747799e-07, 4.363616e-03, 6.873246e-04, 0.000000e+00, 0.000000, 5.000000e-02, 0, 0.004364, 6.873246e-04 
1.165247e+00, 2.889398e-03, 7.873019e-06, 7.173195e-05, 5.831866e-06, 2.792006e-03, 1.108055e-05, 8.747799e-07, 4.304749e-03, 6.863347e-04, 0.000000e+00, 0.000000, 5.000000e-02, 0, 0.004305, 6.863347e-04 
1.168054e+00, 2.807169e-03, 7.873019e-06, 7.289833e-05, 5.831866e-06, 2.708610e-03, 1.108055e-05, 8.747799e-07, 4.246720e-03, 6.761008e-04, 0.000000e+00, 0.000000, 5.000000e-02, 0, 0.004247, 6.761008e-04 
1.170842e+00, 2.787340e-03, 8.164613e-06, 7.318992e-05, 6.123459e-06, 2.688199e-03, 1.078895e-05, 8.747799e-07, 4.209354e-03, 6.279433e-04, 0.000000e+00, 0.000000, 5.000000e-02, 0, 0.004209, 6.279433e-04 
1.173625e+00, 2.783258e-03, 9.914172e-06, 7.231514e-05, 6.123459e-06, 2.682950e-03, 1.108055e-05, 8.747799e-07, 4.152379e-03, 6.065296e-04, 0.000000e+00, 0.000000, 5.000000e-02, 0, 0.004152, 6.065296e-04 
1.176401e+00, 2.775677e-03, 7.873019e-06, 7.231514e-05, 5.831866e-06, 2.677701e-03, 1.108055e-05, 8.747799e-07, 4.133238e-03, 5.914940e-04, 0.000000e+00, 0.000000, 5.000000e-02, 0, 0.004133, 5.914940e-04 
1.179458e+00, 3.057356e-03, 8.164613e-06, 7.289833e-05, 6.123459e-06, 2.957923e-03, 1.137214e-05, 8.747799e-07, 4.054048e-03, 5.459522e-04, 0.000000e+00, 0.000000, 5.000000e-02, 0, 0.004054, 5.459522e-04 
1.182289e+00, 2.830788e-03, 8.747799e-06, 7.435629e-05, 6.415053e-06, 2.729605e-03, 1.108055e-05, 5.831866e-07, 4.039337e-03, 5.592699e-04, 0.000000e+00, 0.000000, 5.000000e-02, 0, 0.004039, 5.592699e-04 
1.185097e+00, 2.808627e-03, 8.164613e-06, 7.435629e-05, 6.123459e-06, 2.708319e-03, 1.108055e-05, 5.831866e-07, 3.988576e-03, 5.400519e-04, 0.000000e+00, 0.000000, 5.000000e-02, 0, 0.003989, 5.400519e-04 
1.187945e+00, 2.847409e-03, 8.164613e-06, 7.493948e-05, 6.123459e-06, 2.746226e-03, 1.108055e-05, 8.747799e-07, 3.942042e-03, 5.335166e-04, 0.000000e+00, 0.000000, 5.000000e-02, 0, 0.003942, 5.335166e-04 
1.190771e+00, 2.826706e-03, 8.164613e-06, 7.464789e-05, 6.123459e-06, 2.725814e-03, 1.108055e-05, 8.747799e-07, 3.872235e-03, 5.511282e-04, 0.000000e+00, 0.000000, 5.000000e-02, 0, 0.003872, 5.511282e-04 
1.193703e+00, 2.931388e-03, 8.164613e-06, 7.348151e-05, 6.415053e-06, 2.831079e-03, 1.137214e-05, 8.747799e-07, 3.825856e-03, 5.879152e-04, 0.000000e+00, 0.000000, 5.000000e-02, 0, 0.003826, 5.879152e-04 
1.196689e+00, 2.986499e-03, 8.164613e-06, 7.348151e-05, 6.123459e-06, 2.882983e-03, 1.487126e-05, 8.747799e-07, 3.753555e-03, 5.096748e-04, 0.000000e+00, 0.000000, 5.000000e-02, 0, 0.003754, 5.096748e-04 
1.199506e+00, 2.816208e-03, 8.164613e-06, 7.377311e-05, 6.415053e-06, 2.715900e-03, 1.108055e-05, 8.747799e-07, 3.717171e-03, 5.310829e-04, 0.000000e+00, 0.000000, 5.000000e-02, 0, 0.003717, 5.310829e-04 
1.202289e+00, 2.783550e-03, 7.873019e-06, 7.289833e-05, 6.123459e-06, 2.684408e-03, 1.137214e-05, 8.747799e-07, 3.700480e-03, 5.353497e-04, 0.000000e+00, 0.000000, 5.000000e-02, 0, 0.003700, 5.353497e-04 
1.205252e+00, 2.962588e-03, 1.020577e-05, 9.622579e-05, 8.164613e-06, 2.835162e-03, 1.195533e-05, 8.747799e-07, 3.680677e-03, 5.686163e-04, 0.000000e+00, 0.000000, 5.000000e-02, 0, 0.003681, 5.686163e-04 
1.208348e+00, 3.096429e-03, 8.164613e-06, 7.464789e-05, 6.415053e-06, 2.991747e-03, 1.428807e-05, 1.166373e-06, 3.606572e-03, 5.121900e-04, 0.000000e+00, 0.000000, 5.000000e-02, 0, 0.003607, 5.121900e-04 
1.211338e+00, 2.989998e-03, 1.137214e-05, 1.178037e-04, 9.622579e-06, 2.836328e-03, 1.399648e-05, 8.747799e-07, 3.589664e-03, 5.582377e-04, 0.000000e+00, 0.000000, 5.000000e-02, 0, 0.003590, 5.582377e-04 
1.214250e+00, 2.911559e-03, 8.164613e-06, 7.318992e-05, 5.831866e-06, 2.812126e-03, 1.137214e-05, 8.747799e-07, 3.530414e-03, 4.878296e-04, 0.000000e+00, 0.000000, 5.000000e-02, 0, 0.003530, 4.878296e-04 
1.217136e+00, 2.886191e-03, 8.164613e-06, 7.260673e-05, 5.831866e-06, 2.787632e-03, 1.108055e-05, 8.747799e-07, 3.513828e-03, 5.280391e-04, 0.000000e+00, 0.000000, 5.000000e-02, 0, 0.003514, 5.280391e-04 
1.219923e+00, 2.786757e-03, 8.456206e-06, 7.318992e-05, 6.123459e-06, 2.687032e-03, 1.108055e-05, 8.747799e-07, 3.479023e-03, 5.352458e-04, 0.000000e+00, 0.000000, 5.000000e-02, 0, 0.003479, 5.352458e-04 
1.222723e+00, 2.800462e-03, 8.164613e-06, 7.231514e-05, 6.123459e-06, 2.701904e-03, 1.108055e-05, 8.747799e-07, 3.425964e-03, 4.841514e-04, 0.000000e+00, 0.000000, 5.000000e-02, 0, 0.003426, 4.841514e-04 
1.225705e+00, 2.981542e-03, 7.873019e-06, 7.260673e-05, 5.831866e-06, 2.883275e-03, 1.108055e-05, 8.747799e-07, 3.350159e-03, 4.566881e-04, 0.000000e+00, 0.000000, 5.000000e-02, 0, 0.003350, 4.566881e-04 
1.228508e+00, 2.803670e-03, 8.164613e-06, 7.289833e-05, 6.123459e-06, 2.704528e-03, 1.108055e-05, 8.747799e-07, 3.330817e-03, 4.636985e-04, 0.000000e+00, 0.000000, 5.000000e-02, 0, 0.003331, 4.636985e-04 
1.231278e+00, 2.770136e-03, 8.164613e-06, 7.289833e-05, 5.831866e-06, 2.671286e-03, 1.108055e-05, 8.747799e-07, 3.321564e-03, 5.275912e-04, 0.000000e+00, 0.000000, 5.000000e-02, 0, 0.003322, 5.275912e-04 
1.234366e+00, 3.087682e-03, 7.873019e-06, 7.318992e-05, 6.123459e-06, 2.987957e-03, 1.166373e-05, 8.747799e-07, 3.247715e-03, 4.680864e-04, 0.000000e+00, 0.000000, 5.000000e-02, 0, 0.003248, 4.680864e-04 
1.237200e+00, 2.833995e-03, 8.456206e-06, 7.406470e-05, 6.123459e-06, 2.733687e-03, 1.078895e-05, 8.747799e-07, 3.214028e-03, 4.837925e-04, 0.000000e+00, 0.000000, 5.000000e-02, 0, 0.003214, 4.837925e-04 
1.240169e+00, 2.969003e-03, 8.456206e-06, 7.318992e-05, 6.123459e-06, 2.869278e-03, 1.137214e-05, 5.831866e-07, 3.204512e-03, 4.987211e-04, 0.000000e+00, 0.000000, 5.000000e-02, 0, 0.003205, 4.987211e-04 
1.243064e+00, 2.895230e-03, 7.873019e-06, 7.377311e-05, 6.123459e-06, 2.724356e-03, 1.137214e-05, 7.173195e-05, 3.205280e-03, 5.284234e-04, 0.000000e+00, 0.000000, 2.500000e-02, 0, 0.003205, 5.284234e-04 
1.246130e+00, 3.065520e-03, 8.456206e-06, 7.318992e-05, 6.123459e-06, 2.965212e-03, 1.166373e-05, 8.747799e-07, 3.177578e-03, 5.396288e-04, 0.000000e+00, 0.000000, 2.500000e-02, 0, 0.003178, 5.396288e-04 
1.249060e+00, 2.930221e-03, 8.456206e-06, 7.406470e-05, 6.123459e-06, 2.773344e-03, 1.253851e-05, 5.569432e-05, 3.177915e-03, 5.382711e-04, 0.000000e+00, 0.000000, 1.250000e-02, 0, 0.003178, 5.382711e-04 
1.251999e+00, 2.938677e-03, 8.456206e-06, 7.435629e-05, 6.415053e-06, 2.781509e-03, 1.399648e-05, 5.394476e-05, 3.177562e-03, 5.148458e-04, 0.000000e+00, 0.000000, 6.250000e-03, 0, 0.003178, 5.148458e-04 
1.255528e+00, 3.529154e-03, 8.747799e-06, 7.377311e-05, 6.706646e-06, 3.425930e-03, 1.312170e-05, 8.747799e-07, 3.170746e-03, 5.166267e-04, 0.000000e+00, 0.000000, 6.250000e-03, 0, 0.003171, 5.166267e-04 
1.258402e+00, 2.874527e-03, 8.747799e-06, 7.523107e-05, 6.415053e-06, 2.766346e-03, 1.691241e-05, 8.747799e-07, 3.169663e-03, 5.152551e-04, 0.000000e+00, 0.000000, 6.250000e-03, 0, 0.003170, 5.152551e-04 
1.261383e+00, 2.980667e-03, 8.747799e-06, 7.843860e-05, 6.415053e-06, 2.874818e-03, 1.166373e-05, 5.831866e-07, 3.167725e-03, 5.137838e-04, 0.000000e+00, 0.000000, 6.250000e-03, 0, 0.003168, 5.137838e-04 
1.264269e+00, 2.885899e-03, 8.164613e-06, 7.318992e-05, 6.123459e-06, 2.785591e-03, 1.195533e-05, 8.747799e-07, 3.164316e-03, 5.159048e-04, 0.000000e+00, 0.000000, 6.250000e-03, 0, 0.003164, 5.159048e-04 
1.267945e+00, 3.675825e-03, 8.456206e-06, 7.523107e-05, 7.289833e-06, 3.563853e-03, 1.924516e-05, 1.749560e-06, 3.162444e-03, 5.145649e-04, 0.000000e+00, 0.000000, 6.250000e-03, 0, 0.003162, 5.145649e-04 
1.271310e+00, 3.364987e-03, 1.341329e-05, 1.003081e-04, 9.914172e-06, 3.228521e-03, 1.166373e-05, 1.166373e-06, 3.161386e-03, 5.132698e-04, 0.000000e+00, 0.000000, 6.250000e-03, 0, 0.003161, 5.132698e-04 
1.274519e+00, 3.209568e-03, 8.456206e-06, 7.406470e-05, 6.415053e-06, 3.106927e-03, 1.224692e-05, 1.457967e-06, 3.160916e-03, 5.175403e-04, 0.000000e+00, 0.000000, 3.125000e-03, 0, 0.003161, 5.175403e-04 
1.278278e+00, 3.758346e-03, 9.039393e-06, 7.873019e-05, 6.706646e-06, 3.644333e-03, 1.807879e-05, 1.457967e-06, 3.150681e-03, 5.098310e-04, 0.000000e+00, 0.000000, 3.125000e-03, 0, 0.003151, 5.098310e-04 
1.282970e+00, 4.692611e-03, 1.545445e-05, 1.189701e-04, 1.195533e-05, 4.523779e-03, 2.041153e-05, 2.041153e-06, 3.150153e-03, 5.108901e-04, 0.000000e+00, 0.000000, 1.562500e-03, 0, 0.003150, 5.108901e-04 
1.287712e+00, 4.742182e-03, 1.545445e-05, 1.586268e-04, 1.195533e-05, 4.533401e-03, 2.041153e-05, 2.332746e-06, 3.149639e-03, 5.102910e-04, 0.000000e+00, 0.000000, 7.812500e-04, 0, 0.003150, 5.102910e-04 
1.292338e+00, 4.625545e-03, 1.778719e-05, 1.154709e-04, 1.137214e-05, 4.460503e-03, 1.778719e-05, 2.624340e-06, 3.148791e-03, 5.105464e-04, 0.000000e+00, 0.000000, 3.906250e-04, 0, 0.003149, 5.105464e-04 
1.296158e+00, 3.820164e-03, 1.283011e-05, 8.252091e-05, 7.873019e-06, 3.700611e-03, 1.370489e-05, 2.624340e-06, 3.148637e-03, 5.106268e-04, 0.000000e+00, 0.000000, 3.906250e-04, 0, 0.003149, 5.108119e-04 
1.000000, 0, 0, 0, 0, 0, 0, 0, 0, 0, 0, 0, 0, 0, 0 ,0