TRM WS=1, MS=2, TRMstep=0: ub=0.800000, lb=0.200000, grow=2.000000,shrink=0.500000, b_w=2,b_m=4, lr=0.400000, lambda=0.000000, n=9, n0=2, n1=2, n2=1, sub_tol=0.001000, sub_maxit=1000, tol=1.000000e-08, m=4, nobias=0 
time, iter_t, subset_m_time, g_time, subset_w_time, p1_time, t2, t3, total error, total gmag, rho, sigma, gamma, step, approx error, approx gmag 
3.170494e-03, 3.170494e-03, 9.330986e-06, 8.310409e-05, 7.289833e-06, 3.053274e-03, 1.632923e-05, 1.166373e-06, 1.300736e-01, 7.643601e-03, 0.000000e+00, 0.000000, 4.000000e-01, 0, 0.130074, 7.643601e-03 
5.975330e-03, 2.804836e-03, 8.456206e-06, 7.464789e-05, 6.998239e-06, 2.699862e-03, 1.312170e-05, 1.749560e-06, 1.291363e-01, 6.966653e-03, 0.000000e+00, 0.000000, 2.000000e-01, 0, 0.129136, 6.966653e-03 
8.896220e-03, 2.920890e-03, 8.456206e-06, 7.377311e-05, 6.123459e-06, 2.818541e-03, 1.283011e-05, 1.166373e-06, 1.283927e-01, 6.266432e-03, 0.000000e+00, 0.000000, 1.000000e-01, 0, 0.128393, 6.266432e-03 
1.195387e-02, 3.057647e-03, 7.581426e-06, 7.406470e-05, 6.123459e-06, 2.955590e-03, 1.341329e-05, 8.747799e-07, 1.260822e-01, 3.574802e-03, 0.000000e+00, 0.000000, 1.000000e-01, 0, 0.126082, 3.574802e-03 
1.477591e-02, 2.822040e-03, 8.164613e-06, 7.406470e-05, 6.123459e-06, 2.719691e-03, 1.283011e-05, 1.166373e-06, 1.252507e-01, 1.643708e-03, 0.000000e+00, 0.000000, 5.000000e-02, 0, 0.125251, 1.643708e-03 
1.763702e-02, 2.861114e-03, 8.164613e-06, 7.348151e-05, 6.123459e-06, 2.758473e-03, 1.370489e-05, 1.166373e-06, 1.250617e-01, 6.906689e-04, 0.000000e+00, 0.000000, 2.500000e-02, 0, 0.125062, 6.906689e-04 
2.049434e-02, 2.857323e-03, 8.747799e-06, 8.077135e-05, 8.747799e-06, 2.745059e-03, 1.283011e-05, 1.166373e-06, 1.250255e-01, 1.494525e-04, 0.000000e+00, 0.000000, 1.250000e-02, 0, 0.125026, 1.494525e-04 
2.338228e-02, 2.887940e-03, 7.873019e-06, 7.435629e-05, 6.415053e-06, 2.785299e-03, 1.283011e-05, 1.166373e-06, 1.250223e-01, 1.842924e-04, 0.000000e+00, 0.000000, 1.250000e-02, 0, 0.125022, 1.842924e-04 
0.500000, 0, 0, 0, 0, 0, 0, 0, 0, 0, 0, 0, 0, 0, 0 ,0