TRM WS=1, MS=2, TRMstep=0: ub=0.800000, lb=0.200000, grow=2.000000,shrink=0.500000, b_w=2,b_m=4, lr=0.400000, lambda=0.000000, n=9, n0=2, n1=2, n2=1, sub_tol=0.001000, sub_maxit=1000, tol=1.000000e-08, m=4, nobias=0 
time, iter_t, subset_m_time, g_time, subset_w_time, p1_time, t2, t3, total error, total gmag, rho, sigma, gamma, step, approx error, approx gmag 
3.770885e-03, 3.770885e-03, 1.166373e-05, 8.368728e-05, 7.581426e-06, 3.649290e-03, 1.749560e-05, 1.166373e-06, 1.291692e-01, 7.043216e-03, 0.000000e+00, 0.000000, 4.000000e-01, 0, 0.129169, 7.043216e-03 
6.869938e-03, 3.099054e-03, 9.622579e-06, 8.193772e-05, 7.873019e-06, 2.983874e-03, 1.428807e-05, 1.457967e-06, 1.261868e-01, 3.850794e-03, 0.000000e+00, 0.000000, 4.000000e-01, 0, 0.126187, 3.850794e-03 
9.912131e-03, 3.042193e-03, 8.747799e-06, 8.193772e-05, 6.706646e-06, 2.929346e-03, 1.428807e-05, 1.166373e-06, 1.261720e-01, 3.964895e-03, 0.000000e+00, 0.000000, 2.000000e-01, 0, 0.126172, 3.964895e-03 
1.298407e-02, 3.071935e-03, 9.039393e-06, 8.164613e-05, 6.706646e-06, 2.960255e-03, 1.341329e-05, 8.747799e-07, 1.248915e-01, 2.465071e-04, 0.000000e+00, 0.000000, 2.000000e-01, 0, 0.124891, 2.465071e-04 
1.601051e-02, 3.026447e-03, 8.456206e-06, 7.552267e-05, 6.415053e-06, 2.920890e-03, 1.399648e-05, 1.166373e-06, 1.248905e-01, 2.300219e-04, 0.000000e+00, 0.000000, 1.000000e-01, 0, 0.124890, 2.300219e-04 
1.897631e-02, 2.965796e-03, 8.456206e-06, 8.164613e-05, 6.706646e-06, 2.855282e-03, 1.283011e-05, 8.747799e-07, 1.248717e-01, 5.143007e-04, 0.000000e+00, 0.000000, 5.000000e-02, 0, 0.124872, 5.143007e-04 
2.201063e-02, 3.034320e-03, 7.873019e-06, 8.806118e-05, 6.706646e-06, 2.916516e-03, 1.399648e-05, 1.166373e-06, 1.248473e-01, 2.596614e-04, 0.000000e+00, 0.000000, 2.500000e-02, 0, 0.124847, 2.596614e-04 
2.498867e-02, 2.978042e-03, 8.164613e-06, 8.077135e-05, 6.706646e-06, 2.867529e-03, 1.370489e-05, 1.166373e-06, 1.248472e-01, 2.601449e-04, 0.000000e+00, 0.000000, 2.500000e-02, 0, 0.124847, 2.601449e-04 
0.500000, 0, 0, 0, 0, 0, 0, 0, 0, 0, 0, 0, 0, 0, 0 ,0