TRM WS=1, MS=2, TRMstep=0: ub=0.800000, lb=0.200000, grow=2.000000,shrink=0.500000, b_w=2,b_m=4, lr=0.400000, lambda=0.000000, n=9, n0=2, n1=2, n2=1, sub_tol=0.001000, sub_maxit=1000, tol=1.000000e-08, m=4, nobias=0 
time, iter_t, subset_m_time, g_time, subset_w_time, p1_time, t2, t3, total error, total gmag, rho, sigma, gamma, step, approx error, approx gmag 
3.280133e-03, 3.280133e-03, 9.914172e-06, 8.193772e-05, 7.289833e-06, 3.152707e-03, 2.624340e-05, 2.041153e-06, 1.386638e-01, 1.123981e-02, 0.000000e+00, 0.000000, 4.000000e-01, 0, 0.138664, 1.123981e-02 
6.240680e-03, 2.960547e-03, 9.039393e-06, 8.164613e-05, 7.289833e-06, 2.847700e-03, 1.370489e-05, 1.166373e-06, 1.267556e-01, 4.504043e-03, 0.000000e+00, 0.000000, 4.000000e-01, 0, 0.126756, 4.504043e-03 
9.053681e-03, 2.813001e-03, 8.456206e-06, 7.552267e-05, 6.123459e-06, 2.708319e-03, 1.341329e-05, 1.166373e-06, 1.261708e-01, 3.846400e-03, 0.000000e+00, 0.000000, 2.000000e-01, 0, 0.126171, 3.846400e-03 
1.185006e-02, 2.796380e-03, 8.164613e-06, 7.552267e-05, 6.415053e-06, 2.692573e-03, 1.283011e-05, 8.747799e-07, 1.249863e-01, 1.024419e-03, 0.000000e+00, 0.000000, 2.000000e-01, 0, 0.124986, 1.024419e-03 
1.485201e-02, 3.001953e-03, 8.456206e-06, 8.106294e-05, 6.706646e-06, 2.891731e-03, 1.283011e-05, 1.166373e-06, 1.248300e-01, 5.887817e-04, 0.000000e+00, 0.000000, 1.000000e-01, 0, 0.124830, 5.887817e-04 
1.785222e-02, 3.000204e-03, 8.164613e-06, 7.523107e-05, 6.123459e-06, 2.894938e-03, 1.428807e-05, 1.457967e-06, 1.248284e-01, 4.602565e-04, 0.000000e+00, 0.000000, 5.000000e-02, 0, 0.124828, 4.602565e-04 
2.112389e-02, 3.271677e-03, 9.914172e-06, 8.077135e-05, 6.998239e-06, 3.159122e-03, 1.370489e-05, 1.166373e-06, 1.247842e-01, 5.076150e-04, 0.000000e+00, 0.000000, 2.500000e-02, 0, 0.124784, 5.076150e-04 
2.403545e-02, 2.911559e-03, 8.456206e-06, 8.047975e-05, 6.706646e-06, 2.800754e-03, 1.399648e-05, 1.166373e-06, 1.247414e-01, 4.844776e-04, 0.000000e+00, 0.000000, 2.500000e-02, 0, 0.124741, 4.844776e-04 
0.500000, 0, 0, 0, 0, 0, 0, 0, 0, 0, 0, 0, 0, 0, 0 ,0