TRM WS=0, MS=0, TRMstep=1: ub=0.800000, lb=0.200000, grow=2.000000,shrink=0.500000, b_w=2,b_m=2, lr=1.000000, lambda=0.000000, n=9, n0=2, n1=2, n2=1, sub_tol=0.001000, sub_maxit=1000, tol=1.000000e-08, m=4, nobias=0 
time, iter_t, subset_m_time, g_time, subset_w_time, p1_time, t2, t3, total error, total gmag, rho, sigma, gamma, step, approx error, approx gmag 
2.875769e-01, 2.875769e-01, 0, 1.475462e-04, 0, 8.714849e-03, 2.785194e-01, 1.950759e-04, 1.315431e-01, 7.820915e-03, 4.636931e-01, -0.014005, 1.000000e+00, 1, 0.131543, 7.820915e-03 
5.305718e-01, 2.429949e-01, 0, 1.070147e-04, 0, 7.821407e-03, 2.350411e-01, 2.536862e-05, 1.250493e-01, 4.468367e-04, 8.554749e-01, -0.002080, 2.000000e+00, 1, 0.125049, 4.468367e-04 
6.081992e-01, 7.762739e-02, 0, 1.075979e-04, 0, 7.905386e-03, 6.959370e-02, 2.070312e-05, 1.232703e-01, 1.043932e-03, 6.511153e-01, -0.015179, 2.000000e+00, 1, 0.123270, 1.043932e-03 
7.462992e-01, 1.381000e-01, 0, 1.070147e-04, 0, 7.547601e-03, 1.304241e-01, 2.128631e-05, 1.133869e-01, 2.715170e-03, 6.738753e-01, -0.022688, 2.000000e+00, 1, 0.113387, 2.715170e-03 
8.460163e-01, 9.971704e-02, 0, 1.052652e-04, 0, 8.131663e-03, 9.145299e-02, 2.711818e-05, 9.809805e-02, 3.084564e-03, 9.024873e-01, -0.015936, 4.000000e+00, 1, 0.098098, 3.084564e-03 
9.636826e-01, 1.176664e-01, 0, 1.090559e-04, 0, 7.535646e-03, 1.099928e-01, 2.886774e-05, 8.371645e-02, 2.263705e-03, 6.137088e-01, -0.023296, 4.000000e+00, 1, 0.083716, 2.263705e-03 
1.030734e+00, 6.705130e-02, 0, 1.364657e-04, 0, 1.098432e-02, 5.590427e-02, 2.624340e-05, 6.941959e-02, 1.383171e-03, 9.612980e+00, -0.000155, 8.000000e+00, 1, 0.069420, 1.383171e-03 
1.150226e+00, 1.194917e-01, 0, 1.099307e-04, 0, 7.999279e-03, 1.113589e-01, 2.361906e-05, 6.792803e-02, 9.855287e-04, 1.033851e+00, -0.008240, 1.600000e+01, 1, 0.067928, 9.855287e-04 
1.182833e+00, 3.260684e-02, 0, 1.029324e-04, 0, 8.013567e-03, 2.448188e-02, 8.456206e-06, 5.940879e-02, 5.132777e-03, -1.379927e+00, -0.126356, 8.000000e+00, 1, 0.059409, 5.132777e-03 
1.216092e+00, 3.325913e-02, 0, 1.236356e-04, 0, 8.139827e-03, 2.498896e-02, 6.706646e-06, 5.940879e-02, 5.132777e-03, -6.499145e-01, -0.073685, 4.000000e+00, 1, 0.059409, 5.132777e-03 
1.244646e+00, 2.855398e-02, 0, 1.003081e-04, 0, 7.749967e-03, 2.069846e-02, 5.248680e-06, 5.940879e-02, 5.132777e-03, -6.898939e-02, -0.043108, 2.000000e+00, 1, 0.059409, 5.132777e-03 
1.274174e+00, 2.952849e-02, 0, 9.768376e-05, 0, 7.741511e-03, 2.166742e-02, 2.186950e-05, 5.940879e-02, 5.132777e-03, 5.974890e-01, -0.024978, 2.000000e+00, 1, 0.059409, 5.132777e-03 
1.308895e+00, 3.472060e-02, 0, 9.768376e-05, 0, 7.843277e-03, 2.675864e-02, 2.099472e-05, 4.448481e-02, 5.283421e-03, 7.052683e-01, -0.032622, 2.000000e+00, 1, 0.044485, 5.283421e-03 
1.369727e+00, 6.083190e-02, 0, 9.739216e-05, 0, 7.731597e-03, 5.298250e-02, 2.041153e-05, 2.147761e-02, 6.998783e-03, 3.344663e-01, -0.014665, 2.000000e+00, 1, 0.021478, 6.998783e-03 
1.401671e+00, 3.194405e-02, 0, 9.476782e-05, 0, 7.787582e-03, 2.404216e-02, 1.953675e-05, 1.657274e-02, 8.648464e-03, 3.066641e-01, -0.039287, 2.000000e+00, 1, 0.016573, 8.648464e-03 
1.446291e+00, 4.462019e-02, 0, 9.505942e-05, 0, 7.342611e-03, 3.716357e-02, 1.895356e-05, 4.524739e-03, 1.698481e-03, 3.512399e-01, -0.008071, 2.000000e+00, 1, 0.004525, 1.698481e-03 
1.536684e+00, 9.039305e-02, 0, 9.447623e-05, 0, 7.632746e-03, 8.264746e-02, 1.837038e-05, 1.689887e-03, 7.167011e-04, 4.869806e-01, -0.001430, 2.000000e+00, 1, 0.001690, 7.167011e-04 
1.618152e+00, 8.146855e-02, 0, 8.689481e-05, 0, 7.598338e-03, 7.376232e-02, 2.099472e-05, 9.935075e-04, 4.539673e-04, 1.712913e+00, -0.000367, 2.000000e+00, 0, 0.000994, 4.539673e-04 
1.743054e+00, 1.249017e-01, 0, 8.776959e-05, 0, 7.561306e-03, 1.172304e-01, 2.216109e-05, 3.650945e-04, 1.476841e-04, 8.403398e-01, -0.000283, 4.000000e+00, 1, 0.000365, 1.476841e-04 
1.932566e+00, 1.895120e-01, 0, 9.272667e-05, 0, 7.894014e-03, 1.815011e-01, 2.420224e-05, 1.271900e-04, 6.019700e-05, 1.404471e+00, -0.000043, 4.000000e+00, 0, 0.000127, 6.019700e-05 
2.011400e+00, 7.883371e-02, 0, 1.070147e-04, 0, 7.712643e-03, 7.099393e-02, 2.011994e-05, 6.669402e-05, 1.326604e-05, 2.490737e-01, -0.000152, 4.000000e+00, 1, 0.000067, 1.326604e-05 
2.093564e+00, 8.216429e-02, 0, 9.768376e-05, 0, 8.400803e-03, 7.364218e-02, 2.361906e-05, 2.889984e-05, 1.759210e-05, 1.398979e+00, -0.000015, 4.000000e+00, 0, 0.000029, 1.759210e-05 
2.183658e+00, 9.009417e-02, 0, 9.914172e-05, 0, 8.385349e-03, 8.158314e-02, 2.653499e-05, 8.217603e-06, 3.373253e-06, 2.272330e+00, -0.000001, 4.000000e+00, 0, 0.000008, 3.373253e-06 
2.239258e+00, 5.559955e-02, 0, 1.110970e-04, 0, 7.774752e-03, 4.769125e-02, 2.245268e-05, 6.422600e-06, 2.438387e-06, 3.705095e-01, -0.000009, 4.000000e+00, 1, 0.000006, 2.438387e-06 
2.373293e+00, 1.340347e-01, 0, 1.128466e-04, 0, 8.011235e-03, 1.259036e-01, 6.998239e-06, 2.970434e-06, 1.765309e-06, -4.431837e-03, -0.000001, 2.000000e+00, 1, 0.000003, 1.765309e-06 
2.503142e+00, 1.298491e-01, 0, 1.078895e-04, 0, 7.617875e-03, 1.221021e-01, 2.128631e-05, 2.970434e-06, 1.765309e-06, 4.697612e-01, -0.000000, 2.000000e+00, 1, 0.000003, 1.765309e-06 
2.588448e+00, 8.530650e-02, 0, 1.075979e-04, 0, 7.760464e-03, 7.741656e-02, 2.186950e-05, 2.851978e-06, 1.722367e-06, 3.739840e-01, -0.000002, 2.000000e+00, 1, 0.000003, 1.722367e-06 
2.646969e+00, 5.852132e-02, 0, 1.049736e-04, 0, 7.649950e-03, 5.074686e-02, 1.953675e-05, 2.240615e-06, 1.196572e-06, 2.589183e-01, -0.000002, 2.000000e+00, 1, 0.000002, 1.196572e-06 
2.682353e+00, 3.538310e-02, 0, 9.330986e-05, 0, 7.770378e-03, 2.749812e-02, 2.128631e-05, 1.703142e-06, 7.243271e-07, 1.642757e+00, -0.000000, 2.000000e+00, 0, 0.000002, 7.243271e-07 
2.760040e+00, 7.768775e-02, 0, 8.747799e-05, 0, 7.190983e-03, 7.039150e-02, 1.778719e-05, 1.050765e-06, 5.479118e-07, 7.283171e-01, -0.000001, 2.000000e+00, 1, 0.000001, 5.479118e-07 
2.825973e+00, 6.593275e-02, 0, 8.747799e-05, 0, 7.347277e-03, 5.847525e-02, 2.274428e-05, 6.025622e-07, 3.914898e-07, 9.604470e-01, -0.000000, 4.000000e+00, 1, 0.000001, 3.914898e-07 
2.876024e+00, 5.005082e-02, 0, 9.593420e-05, 0, 7.497447e-03, 4.243616e-02, 2.128631e-05, 3.000420e-07, 2.474274e-07, 1.445411e+00, -0.000000, 8.000000e+00, 1, 0.000000, 2.474274e-07 
2.901350e+00, 2.532575e-02, 0, 8.747799e-05, 0, 7.435046e-03, 1.778311e-02, 2.011994e-05, 8.093144e-08, 1.038873e-07, 1.313888e+00, -0.000000, 8.000000e+00, 0, 0.000000, 1.038873e-07 
2.940190e+00, 3.884052e-02, 0, 8.660321e-05, 0, 7.406470e-03, 3.132441e-02, 2.303587e-05, 3.496010e-08, 4.060553e-08, 1.660458e+00, -0.000000, 8.000000e+00, 0, 0.000000, 4.060553e-08 
2.971410e+00, 3.122002e-02, 0, 9.739216e-05, 0, 8.715432e-03, 2.238183e-02, 2.536862e-05, 1.865991e-08, 1.889621e-08, 1.669324e+00, -0.000000, 8.000000e+00, 0, 0.000000, 1.889621e-08 
2.994426e+00, 2.301546e-02, 0, 1.073063e-04, 0, 8.201353e-03, 1.468143e-02, 2.536862e-05, 9.482129e-09, 8.977569e-09, 1.611484e+00, -0.000000, 8.000000e+00, 0, 0.000000, 8.977569e-09 
1.000000, 0, 0, 0, 0, 0, 0, 0, 0, 0, 0, 0, 0, 0, 0 ,0