TRM WS=1, MS=2, TRMstep=0: ub=0.800000, lb=0.200000, grow=2.000000,shrink=0.500000, b_w=2,b_m=4, lr=0.400000, lambda=0.000000, n=9, n0=2, n1=2, n2=1, sub_tol=0.001000, sub_maxit=1000, tol=1.000000e-08, m=4, nobias=0 
time, iter_t, subset_m_time, g_time, subset_w_time, p1_time, t2, t3, total error, total gmag, rho, sigma, gamma, step, approx error, approx gmag 
3.263512e-03, 3.263512e-03, 9.039393e-06, 8.222931e-05, 7.289833e-06, 3.145417e-03, 1.720401e-05, 2.332746e-06, 1.379100e-01, 1.109297e-02, 0.000000e+00, 0.000000, 4.000000e-01, 0, 0.137910, 1.109297e-02 
6.244471e-03, 2.980958e-03, 8.747799e-06, 8.281250e-05, 7.289833e-06, 2.867237e-03, 1.399648e-05, 8.747799e-07, 1.357337e-01, 9.980380e-03, 0.000000e+00, 0.000000, 4.000000e-01, 0, 0.135734, 9.980380e-03 
9.232136e-03, 2.987665e-03, 8.456206e-06, 8.135453e-05, 6.706646e-06, 2.875985e-03, 1.428807e-05, 8.747799e-07, 1.340524e-01, 9.019094e-03, 0.000000e+00, 0.000000, 4.000000e-01, 0, 0.134052, 9.019094e-03 
1.230495e-02, 3.072810e-03, 8.747799e-06, 8.135453e-05, 6.415053e-06, 2.961130e-03, 1.428807e-05, 8.747799e-07, 1.256209e-01, 2.743787e-03, 0.000000e+00, 0.000000, 4.000000e-01, 0, 0.125621, 2.743787e-03 
1.532731e-02, 3.022365e-03, 8.456206e-06, 8.106294e-05, 6.706646e-06, 2.911559e-03, 1.312170e-05, 1.457967e-06, 1.255338e-01, 2.163278e-03, 0.000000e+00, 0.000000, 2.000000e-01, 0, 0.125534, 2.163278e-03 
1.834968e-02, 3.022365e-03, 8.164613e-06, 7.552267e-05, 6.123459e-06, 2.917391e-03, 1.428807e-05, 8.747799e-07, 1.249318e-01, 1.555433e-04, 0.000000e+00, 0.000000, 1.000000e-01, 0, 0.124932, 1.555433e-04 
2.139916e-02, 3.049483e-03, 8.747799e-06, 8.193772e-05, 6.706646e-06, 2.936928e-03, 1.399648e-05, 1.166373e-06, 1.249031e-01, 2.047586e-04, 0.000000e+00, 0.000000, 5.000000e-02, 0, 0.124903, 2.047586e-04 
2.448101e-02, 3.081850e-03, 8.747799e-06, 8.222931e-05, 6.706646e-06, 2.969295e-03, 1.370489e-05, 1.166373e-06, 1.248983e-01, 1.820304e-04, 0.000000e+00, 0.000000, 5.000000e-02, 0, 0.124898, 1.820304e-04 
0.500000, 0, 0, 0, 0, 0, 0, 0, 0, 0, 0, 0, 0, 0, 0 ,0