TRM WS=1, MS=2, TRMstep=0: ub=0.800000, lb=0.200000, grow=2.000000,shrink=0.500000, b_w=2,b_m=4, lr=0.400000, lambda=0.000000, n=9, n0=2, n1=2, n2=1, sub_tol=0.001000, sub_maxit=1000, tol=1.000000e-08, m=4, nobias=0 
time, iter_t, subset_m_time, g_time, subset_w_time, p1_time, t2, t3, total error, total gmag, rho, sigma, gamma, step, approx error, approx gmag 
3.016824e-03, 3.016824e-03, 8.456206e-06, 7.843860e-05, 6.706646e-06, 2.906019e-03, 1.574604e-05, 1.457967e-06, 1.412657e-01, 1.239560e-02, 0.000000e+00, 0.000000, 4.000000e-01, 0, 0.141266, 1.239560e-02 
5.813496e-03, 2.796671e-03, 8.164613e-06, 7.552267e-05, 6.706646e-06, 2.692573e-03, 1.283011e-05, 8.747799e-07, 1.351068e-01, 1.026897e-02, 0.000000e+00, 0.000000, 4.000000e-01, 0, 0.135107, 1.026897e-02 
8.719806e-03, 2.906310e-03, 7.873019e-06, 7.989657e-05, 6.123459e-06, 2.798713e-03, 1.283011e-05, 8.747799e-07, 1.301526e-01, 7.722615e-03, 0.000000e+00, 0.000000, 4.000000e-01, 0, 0.130153, 7.722615e-03 
1.179845e-02, 3.078642e-03, 7.581426e-06, 7.406470e-05, 6.123459e-06, 2.977168e-03, 1.283011e-05, 8.747799e-07, 1.249507e-01, 2.420716e-04, 0.000000e+00, 0.000000, 4.000000e-01, 0, 0.124951, 2.420716e-04 
1.460241e-02, 2.803961e-03, 8.456206e-06, 7.523107e-05, 6.706646e-06, 2.699279e-03, 1.283011e-05, 1.457967e-06, 1.248447e-01, 2.680454e-04, 0.000000e+00, 0.000000, 2.000000e-01, 0, 0.124845, 2.680454e-04 
1.738508e-02, 2.782675e-03, 8.164613e-06, 7.377311e-05, 5.831866e-06, 2.680909e-03, 1.283011e-05, 1.166373e-06, 1.248335e-01, 2.785152e-04, 0.000000e+00, 0.000000, 1.000000e-01, 0, 0.124834, 2.785152e-04 
2.018700e-02, 2.801920e-03, 1.574604e-05, 7.639745e-05, 6.123459e-06, 2.689657e-03, 1.312170e-05, 8.747799e-07, 1.248121e-01, 2.892537e-04, 0.000000e+00, 0.000000, 5.000000e-02, 0, 0.124812, 2.892537e-04 
2.295685e-02, 2.769845e-03, 7.873019e-06, 7.464789e-05, 5.831866e-06, 2.667496e-03, 1.312170e-05, 8.747799e-07, 1.248123e-01, 2.858620e-04, 0.000000e+00, 0.000000, 5.000000e-02, 0, 0.124812, 2.858620e-04 
0.500000, 0, 0, 0, 0, 0, 0, 0, 0, 0, 0, 0, 0, 0, 0 ,0