TRM WS=1, MS=2, TRMstep=0: ub=0.800000, lb=0.200000, grow=2.000000,shrink=0.500000, b_w=2,b_m=4, lr=0.400000, lambda=0.000000, n=9, n0=2, n1=2, n2=1, sub_tol=0.001000, sub_maxit=1000, tol=1.000000e-08, m=4, nobias=0 
time, iter_t, subset_m_time, g_time, subset_w_time, p1_time, t2, t3, total error, total gmag, rho, sigma, gamma, step, approx error, approx gmag 
3.937093e-03, 3.937093e-03, 1.049736e-05, 9.535101e-05, 8.164613e-06, 3.801794e-03, 1.982834e-05, 1.457967e-06, 1.428379e-01, 1.300123e-02, 0.000000e+00, 0.000000, 4.000000e-01, 0, 0.142838, 1.300123e-02 
7.428339e-03, 3.491247e-03, 1.049736e-05, 9.622579e-05, 7.873019e-06, 3.357405e-03, 1.778719e-05, 1.457967e-06, 1.297295e-01, 7.508920e-03, 0.000000e+00, 0.000000, 4.000000e-01, 0, 0.129729, 7.508920e-03 
1.085835e-02, 3.430012e-03, 1.078895e-05, 1.008913e-04, 7.873019e-06, 3.293838e-03, 1.545445e-05, 1.166373e-06, 1.264201e-01, 4.252116e-03, 0.000000e+00, 0.000000, 4.000000e-01, 0, 0.126420, 4.252116e-03 
1.433444e-02, 3.476084e-03, 9.914172e-06, 9.914172e-05, 7.289833e-06, 3.341951e-03, 1.662082e-05, 1.166373e-06, 1.249764e-01, 8.884244e-05, 0.000000e+00, 0.000000, 4.000000e-01, 0, 0.124976, 8.884244e-05 
1.790091e-02, 3.566478e-03, 1.078895e-05, 9.943332e-05, 7.873019e-06, 3.432928e-03, 1.341329e-05, 2.041153e-06, 1.249699e-01, 2.279248e-04, 0.000000e+00, 0.000000, 2.000000e-01, 0, 0.124970, 2.279248e-04 
2.097197e-02, 3.071061e-03, 9.330986e-06, 7.668904e-05, 6.706646e-06, 2.961130e-03, 1.574604e-05, 1.457967e-06, 1.249469e-01, 3.659194e-04, 0.000000e+00, 0.000000, 1.000000e-01, 0, 0.124947, 3.659194e-04 
2.462185e-02, 3.649873e-03, 9.914172e-06, 9.214348e-05, 7.289833e-06, 3.525071e-03, 1.399648e-05, 1.457967e-06, 1.248696e-01, 3.965863e-04, 0.000000e+00, 0.000000, 5.000000e-02, 0, 0.124870, 3.965863e-04 
2.757540e-02, 2.953549e-03, 9.622579e-06, 8.456206e-05, 6.706646e-06, 2.838661e-03, 1.253851e-05, 1.457967e-06, 1.248139e-01, 2.795738e-04, 0.000000e+00, 0.000000, 5.000000e-02, 0, 0.124814, 2.795738e-04 
0.500000, 0, 0, 0, 0, 0, 0, 0, 0, 0, 0, 0, 0, 0, 0 ,0