TRM WS=1, MS=2, TRMstep=0: ub=0.800000, lb=0.200000, grow=2.000000,shrink=0.500000, b_w=2,b_m=4, lr=0.400000, lambda=0.000000, n=9, n0=2, n1=2, n2=1, sub_tol=0.001000, sub_maxit=1000, tol=1.000000e-08, m=4, nobias=0 
time, iter_t, subset_m_time, g_time, subset_w_time, p1_time, t2, t3, total error, total gmag, rho, sigma, gamma, step, approx error, approx gmag 
2.938677e-03, 2.938677e-03, 8.456206e-06, 7.668904e-05, 6.123459e-06, 2.830205e-03, 1.603763e-05, 1.166373e-06, 1.461250e-01, 1.380990e-02, 0.000000e+00, 0.000000, 4.000000e-01, 0, 0.146125, 1.380990e-02 
5.813204e-03, 2.874527e-03, 7.873019e-06, 7.493948e-05, 6.123459e-06, 2.771303e-03, 1.312170e-05, 1.166373e-06, 1.372796e-01, 1.140470e-02, 0.000000e+00, 0.000000, 4.000000e-01, 0, 0.137280, 1.140470e-02 
8.622997e-03, 2.809793e-03, 7.873019e-06, 7.464789e-05, 6.123459e-06, 2.707444e-03, 1.283011e-05, 8.747799e-07, 1.269269e-01, 4.908889e-03, 0.000000e+00, 0.000000, 4.000000e-01, 0, 0.126927, 4.908889e-03 
1.145670e-02, 2.833704e-03, 7.581426e-06, 7.377311e-05, 5.831866e-06, 2.732521e-03, 1.312170e-05, 8.747799e-07, 1.248901e-01, 3.115653e-04, 0.000000e+00, 0.000000, 4.000000e-01, 0, 0.124890, 3.115653e-04 
1.534393e-02, 3.887230e-03, 7.873019e-06, 7.581426e-05, 6.123459e-06, 3.759804e-03, 3.557438e-05, 2.041153e-06, 1.248310e-01, 3.297729e-04, 0.000000e+00, 0.000000, 2.000000e-01, 0, 0.124831, 3.297729e-04 
1.837096e-02, 3.027030e-03, 9.914172e-06, 1.049736e-04, 9.622579e-06, 2.877734e-03, 2.332746e-05, 1.457967e-06, 1.248519e-01, 3.214869e-04, 0.000000e+00, 0.000000, 1.000000e-01, 0, 0.124852, 3.214869e-04 
2.165372e-02, 3.282757e-03, 7.581426e-06, 7.435629e-05, 6.123459e-06, 3.175743e-03, 1.720401e-05, 1.749560e-06, 1.247759e-01, 4.104624e-04, 0.000000e+00, 0.000000, 5.000000e-02, 0, 0.124776, 4.104624e-04 
2.572786e-02, 4.074142e-03, 1.253851e-05, 1.332581e-04, 9.914172e-06, 3.901518e-03, 1.516285e-05, 1.749560e-06, 1.247137e-01, 4.086547e-04, 0.000000e+00, 0.000000, 5.000000e-02, 0, 0.124714, 4.086547e-04 
0.500000, 0, 0, 0, 0, 0, 0, 0, 0, 0, 0, 0, 0, 0, 0 ,0