TRM WS=1, MS=2, TRMstep=0: ub=0.800000, lb=0.200000, grow=2.000000,shrink=0.500000, b_w=2,b_m=4, lr=0.400000, lambda=0.000000, n=9, n0=2, n1=2, n2=1, sub_tol=0.001000, sub_maxit=1000, tol=1.000000e-08, m=4, nobias=0 
time, iter_t, subset_m_time, g_time, subset_w_time, p1_time, t2, t3, total error, total gmag, rho, sigma, gamma, step, approx error, approx gmag 
3.828620e-03, 3.828620e-03, 9.914172e-06, 9.185189e-05, 7.581426e-06, 3.701194e-03, 1.691241e-05, 1.166373e-06, 1.450158e-01, 1.307517e-02, 0.000000e+00, 0.000000, 4.000000e-01, 0, 0.145016, 1.307517e-02 
6.788584e-03, 2.959964e-03, 9.330986e-06, 8.747799e-05, 6.998239e-06, 2.841577e-03, 1.341329e-05, 1.166373e-06, 1.424119e-01, 1.204239e-02, 0.000000e+00, 0.000000, 4.000000e-01, 0, 0.142412, 1.204239e-02 
9.604792e-03, 2.816208e-03, 7.873019e-06, 7.377311e-05, 6.123459e-06, 2.714734e-03, 1.283011e-05, 8.747799e-07, 1.295370e-01, 6.822917e-03, 0.000000e+00, 0.000000, 4.000000e-01, 0, 0.129537, 6.822917e-03 
1.243296e-02, 2.828163e-03, 7.873019e-06, 8.806118e-05, 8.164613e-06, 2.710360e-03, 1.283011e-05, 8.747799e-07, 1.251193e-01, 3.833682e-04, 0.000000e+00, 0.000000, 4.000000e-01, 0, 0.125119, 3.833682e-04 
1.522467e-02, 2.791714e-03, 7.873019e-06, 7.348151e-05, 6.123459e-06, 2.686741e-03, 1.603763e-05, 1.457967e-06, 1.250717e-01, 2.875123e-04, 0.000000e+00, 0.000000, 2.000000e-01, 0, 0.125072, 2.875123e-04 
1.821233e-02, 2.987665e-03, 9.330986e-06, 8.047975e-05, 6.706646e-06, 2.876860e-03, 1.312170e-05, 1.166373e-06, 1.250133e-01, 5.666703e-05, 0.000000e+00, 0.000000, 1.000000e-01, 0, 0.125013, 5.666703e-05 
2.105916e-02, 2.846825e-03, 8.164613e-06, 7.464789e-05, 6.123459e-06, 2.742435e-03, 1.428807e-05, 1.166373e-06, 1.250096e-01, 5.969140e-05, 0.000000e+00, 0.000000, 5.000000e-02, 0, 0.125010, 5.969140e-05 
2.388120e-02, 2.822040e-03, 8.456206e-06, 8.135453e-05, 6.706646e-06, 2.711526e-03, 1.283011e-05, 1.166373e-06, 1.249995e-01, 3.388480e-05, 0.000000e+00, 0.000000, 5.000000e-02, 0, 0.125000, 3.388480e-05 
0.500000, 0, 0, 0, 0, 0, 0, 0, 0, 0, 0, 0, 0, 0, 0 ,0