TRM WS=1, MS=2, TRMstep=0: ub=0.800000, lb=0.200000, grow=2.000000,shrink=0.500000, b_w=2,b_m=4, lr=0.400000, lambda=0.000000, n=9, n0=2, n1=2, n2=1, sub_tol=0.001000, sub_maxit=1000, tol=1.000000e-08, m=4, nobias=0 
time, iter_t, subset_m_time, g_time, subset_w_time, p1_time, t2, t3, total error, total gmag, rho, sigma, gamma, step, approx error, approx gmag 
3.317749e-03, 3.317749e-03, 9.330986e-06, 8.281250e-05, 6.998239e-06, 3.199945e-03, 1.691241e-05, 1.749560e-06, 1.386315e-01, 1.120452e-02, 0.000000e+00, 0.000000, 4.000000e-01, 0, 0.138631, 1.120452e-02 
6.477454e-03, 3.159705e-03, 9.039393e-06, 8.718640e-05, 7.581426e-06, 3.040735e-03, 1.370489e-05, 1.457967e-06, 1.370780e-01, 1.050713e-02, 0.000000e+00, 0.000000, 4.000000e-01, 0, 0.137078, 1.050713e-02 
9.316989e-03, 2.839536e-03, 8.456206e-06, 7.639745e-05, 6.123459e-06, 2.734562e-03, 1.312170e-05, 8.747799e-07, 1.267676e-01, 4.277284e-03, 0.000000e+00, 0.000000, 4.000000e-01, 0, 0.126768, 4.277284e-03 
1.218306e-02, 2.866071e-03, 7.873019e-06, 7.435629e-05, 6.123459e-06, 2.762847e-03, 1.399648e-05, 8.747799e-07, 1.250805e-01, 8.878821e-04, 0.000000e+00, 0.000000, 4.000000e-01, 0, 0.125081, 8.878821e-04 
1.513573e-02, 2.952674e-03, 8.747799e-06, 8.106294e-05, 6.706646e-06, 2.840702e-03, 1.399648e-05, 1.457967e-06, 1.250246e-01, 4.445073e-04, 0.000000e+00, 0.000000, 2.000000e-01, 0, 0.125025, 4.445073e-04 
1.803855e-02, 2.902811e-03, 8.747799e-06, 8.106294e-05, 6.706646e-06, 2.792589e-03, 1.283011e-05, 8.747799e-07, 1.247695e-01, 1.272812e-03, 0.000000e+00, 0.000000, 1.000000e-01, 0, 0.124769, 1.272812e-03 
2.111690e-02, 3.078351e-03, 8.164613e-06, 7.493948e-05, 6.123459e-06, 2.975127e-03, 1.283011e-05, 1.166373e-06, 1.247290e-01, 1.066865e-03, 0.000000e+00, 0.000000, 5.000000e-02, 0, 0.124729, 1.066865e-03 
2.392027e-02, 2.803378e-03, 7.873019e-06, 7.552267e-05, 6.415053e-06, 2.699571e-03, 1.283011e-05, 1.166373e-06, 1.246408e-01, 1.253608e-03, 0.000000e+00, 0.000000, 5.000000e-02, 0, 0.124641, 1.253608e-03 
0.750000, 0, 0, 0, 0, 0, 0, 0, 0, 0, 0, 0, 0, 0, 0 ,0