TRM WS=1, MS=2, TRMstep=0: ub=0.800000, lb=0.200000, grow=2.000000,shrink=0.500000, b_w=2,b_m=4, lr=0.400000, lambda=0.000000, n=9, n0=2, n1=2, n2=1, sub_tol=0.001000, sub_maxit=1000, tol=1.000000e-08, m=4, nobias=0 
time, iter_t, subset_m_time, g_time, subset_w_time, p1_time, t2, t3, total error, total gmag, rho, sigma, gamma, step, approx error, approx gmag 
3.054440e-03, 3.054440e-03, 8.747799e-06, 7.668904e-05, 7.289833e-06, 2.943926e-03, 1.662082e-05, 1.166373e-06, 1.339113e-01, 9.544812e-03, 0.000000e+00, 0.000000, 4.000000e-01, 0, 0.133911, 9.544812e-03 
5.851403e-03, 2.796963e-03, 8.456206e-06, 7.493948e-05, 6.706646e-06, 2.692573e-03, 1.312170e-05, 1.166373e-06, 1.279139e-01, 5.696742e-03, 0.000000e+00, 0.000000, 4.000000e-01, 0, 0.127914, 5.696742e-03 
8.894471e-03, 3.043068e-03, 8.456206e-06, 7.435629e-05, 6.123459e-06, 2.938677e-03, 1.399648e-05, 1.457967e-06, 1.272623e-01, 4.872709e-03, 0.000000e+00, 0.000000, 2.000000e-01, 0, 0.127262, 4.872709e-03 
1.179291e-02, 2.898437e-03, 9.914172e-06, 7.902179e-05, 6.415053e-06, 2.788798e-03, 1.341329e-05, 8.747799e-07, 1.249479e-01, 2.350829e-04, 0.000000e+00, 0.000000, 2.000000e-01, 0, 0.124948, 2.350829e-04 
1.464294e-02, 2.850033e-03, 7.873019e-06, 7.552267e-05, 6.415053e-06, 2.745934e-03, 1.312170e-05, 1.166373e-06, 1.249176e-01, 1.191095e-04, 0.000000e+00, 0.000000, 1.000000e-01, 0, 0.124918, 1.191095e-04 
1.827532e-02, 3.632378e-03, 7.873019e-06, 7.639745e-05, 6.123459e-06, 3.522739e-03, 1.778719e-05, 1.457967e-06, 1.248760e-01, 1.279239e-04, 0.000000e+00, 0.000000, 5.000000e-02, 0, 0.124876, 1.279239e-04 
2.141840e-02, 3.143084e-03, 1.166373e-05, 9.914172e-05, 7.289833e-06, 3.009826e-03, 1.399648e-05, 1.166373e-06, 1.248530e-01, 1.534023e-04, 0.000000e+00, 0.000000, 2.500000e-02, 0, 0.124853, 1.534023e-04 
2.575381e-02, 4.335409e-03, 9.039393e-06, 9.447623e-05, 7.581426e-06, 4.207400e-03, 1.574604e-05, 1.166373e-06, 1.248357e-01, 1.568154e-04, 0.000000e+00, 0.000000, 2.500000e-02, 0, 0.124836, 1.568154e-04 
0.500000, 0, 0, 0, 0, 0, 0, 0, 0, 0, 0, 0, 0, 0, 0 ,0