TRM WS=1, MS=2, TRMstep=0: ub=0.800000, lb=0.200000, grow=2.000000,shrink=0.500000, b_w=2,b_m=4, lr=0.400000, lambda=0.000000, n=9, n0=2, n1=2, n2=1, sub_tol=0.001000, sub_maxit=1000, tol=1.000000e-08, m=4, nobias=0 
time, iter_t, subset_m_time, g_time, subset_w_time, p1_time, t2, t3, total error, total gmag, rho, sigma, gamma, step, approx error, approx gmag 
3.148916e-03, 3.148916e-03, 1.049736e-05, 8.776959e-05, 6.415053e-06, 3.026155e-03, 1.632923e-05, 1.749560e-06, 1.291256e-01, 6.840433e-03, 0.000000e+00, 0.000000, 4.000000e-01, 0, 0.129126, 6.840433e-03 
5.954044e-03, 2.805128e-03, 8.456206e-06, 7.552267e-05, 7.581426e-06, 2.699279e-03, 1.312170e-05, 1.166373e-06, 1.275658e-01, 5.304185e-03, 0.000000e+00, 0.000000, 4.000000e-01, 0, 0.127566, 5.304185e-03 
8.742551e-03, 2.788507e-03, 7.873019e-06, 7.377311e-05, 6.123459e-06, 2.686158e-03, 1.312170e-05, 1.457967e-06, 1.268277e-01, 4.395935e-03, 0.000000e+00, 0.000000, 2.000000e-01, 0, 0.126828, 4.395935e-03 
1.153922e-02, 2.796671e-03, 7.873019e-06, 7.493948e-05, 6.123459e-06, 2.693156e-03, 1.370489e-05, 8.747799e-07, 1.249394e-01, 1.956043e-04, 0.000000e+00, 0.000000, 2.000000e-01, 0, 0.124939, 1.956043e-04 
1.437701e-02, 2.837786e-03, 8.456206e-06, 7.960497e-05, 6.415053e-06, 2.729605e-03, 1.283011e-05, 8.747799e-07, 1.248896e-01, 4.529841e-04, 0.000000e+00, 0.000000, 1.000000e-01, 0, 0.124890, 4.529841e-04 
1.731598e-02, 2.938969e-03, 7.873019e-06, 7.435629e-05, 6.123459e-06, 2.836620e-03, 1.283011e-05, 1.166373e-06, 1.248689e-01, 1.928460e-04, 0.000000e+00, 0.000000, 5.000000e-02, 0, 0.124869, 1.928460e-04 
2.009749e-02, 2.781509e-03, 8.456206e-06, 7.377311e-05, 6.123459e-06, 2.678868e-03, 1.312170e-05, 1.166373e-06, 1.248519e-01, 2.048940e-04, 0.000000e+00, 0.000000, 2.500000e-02, 0, 0.124852, 2.048940e-04 
2.306037e-02, 2.962880e-03, 7.873019e-06, 7.348151e-05, 6.123459e-06, 2.861405e-03, 1.283011e-05, 1.166373e-06, 1.248376e-01, 2.021339e-04, 0.000000e+00, 0.000000, 2.500000e-02, 0, 0.124838, 2.021339e-04 
0.750000, 0, 0, 0, 0, 0, 0, 0, 0, 0, 0, 0, 0, 0, 0 ,0