TRM WS=1, MS=2, TRMstep=0: ub=0.800000, lb=0.200000, grow=2.000000,shrink=0.500000, b_w=2,b_m=4, lr=0.400000, lambda=0.000000, n=9, n0=2, n1=2, n2=1, sub_tol=0.001000, sub_maxit=1000, tol=1.000000e-08, m=4, nobias=0 
time, iter_t, subset_m_time, g_time, subset_w_time, p1_time, t2, t3, total error, total gmag, rho, sigma, gamma, step, approx error, approx gmag 
4.096886e-03, 4.096886e-03, 9.914172e-06, 1.737896e-04, 7.581426e-06, 3.885772e-03, 1.866197e-05, 1.166373e-06, 1.280605e-01, 6.416921e-03, 0.000000e+00, 0.000000, 4.000000e-01, 0, 0.128061, 6.416921e-03 
7.351942e-03, 3.255056e-03, 9.914172e-06, 8.981074e-05, 7.873019e-06, 3.129671e-03, 1.545445e-05, 2.332746e-06, 1.273271e-01, 5.405364e-03, 0.000000e+00, 0.000000, 2.000000e-01, 0, 0.127327, 5.405364e-03 
1.062333e-02, 3.271385e-03, 9.622579e-06, 8.631162e-05, 6.706646e-06, 3.152707e-03, 1.457967e-05, 1.457967e-06, 1.267516e-01, 4.629439e-03, 0.000000e+00, 0.000000, 1.000000e-01, 0, 0.126752, 4.629439e-03 
1.383056e-02, 3.207235e-03, 9.330986e-06, 8.572843e-05, 6.706646e-06, 3.089139e-03, 1.516285e-05, 1.166373e-06, 1.255986e-01, 2.713417e-03, 0.000000e+00, 0.000000, 1.000000e-01, 0, 0.125599, 2.713417e-03 
1.746236e-02, 3.631795e-03, 9.039393e-06, 8.427047e-05, 6.998239e-06, 3.515449e-03, 1.457967e-05, 1.457967e-06, 1.250532e-01, 7.463669e-04, 0.000000e+00, 0.000000, 5.000000e-02, 0, 0.125053, 7.463669e-04 
2.042028e-02, 2.957923e-03, 1.020577e-05, 8.193772e-05, 6.998239e-06, 2.844784e-03, 1.283011e-05, 1.166373e-06, 1.250274e-01, 4.551096e-04, 0.000000e+00, 0.000000, 2.500000e-02, 0, 0.125027, 4.551096e-04 
2.336012e-02, 2.939844e-03, 7.873019e-06, 7.552267e-05, 6.123459e-06, 2.836328e-03, 1.312170e-05, 8.747799e-07, 1.250226e-01, 3.717892e-04, 0.000000e+00, 0.000000, 1.250000e-02, 0, 0.125023, 3.717892e-04 
2.614892e-02, 2.788798e-03, 8.456206e-06, 7.493948e-05, 6.123459e-06, 2.685283e-03, 1.312170e-05, 8.747799e-07, 1.250100e-01, 4.829064e-05, 0.000000e+00, 0.000000, 1.250000e-02, 0, 0.125010, 4.829064e-05 
0.500000, 0, 0, 0, 0, 0, 0, 0, 0, 0, 0, 0, 0, 0, 0 ,0