TRM WS=1, MS=2, TRMstep=0: ub=0.800000, lb=0.200000, grow=2.000000,shrink=0.500000, b_w=2,b_m=4, lr=0.400000, lambda=0.000000, n=9, n0=2, n1=2, n2=1, sub_tol=0.001000, sub_maxit=1000, tol=1.000000e-08, m=4 
time, iter_t, subset_m_time, g_time, subset_w_time, p1_time, t2, t3, total error, total gmag, rho, sigma, gamma, step, approx error, approx gmag 
3.581057e-03, 3.581057e-03, 9.243508e-05, 7.873019e-05, 7.552267e-05, 3.269636e-03, 6.356734e-05, 1.166373e-06, 1.286151e-01, 5.831189e-03, 0.000000e+00, 0.000000, 4.000000e-01, 0, 0.128615, 5.831189e-03 
6.673988e-03, 3.092930e-03, 9.330986e-06, 7.873019e-05, 7.581426e-06, 2.983583e-03, 1.253851e-05, 1.166373e-06, 1.252676e-01, 5.915406e-04, 0.000000e+00, 0.000000, 4.000000e-01, 0, 0.125268, 5.915406e-04 
9.731635e-03, 3.057647e-03, 8.747799e-06, 7.902179e-05, 6.998239e-06, 2.948883e-03, 1.283011e-05, 1.166373e-06, 1.252089e-01, 4.095873e-04, 0.000000e+00, 0.000000, 4.000000e-01, 0, 0.125209, 4.095873e-04 
1.273650e-02, 3.004869e-03, 8.747799e-06, 7.902179e-05, 6.123459e-06, 2.898437e-03, 1.166373e-05, 8.747799e-07, 1.251934e-01, 2.735543e-04, 0.000000e+00, 0.000000, 4.000000e-01, 0, 0.125193, 2.735543e-04 
1.577724e-02, 3.040735e-03, 8.747799e-06, 9.943332e-05, 6.415053e-06, 2.914475e-03, 1.108055e-05, 5.831866e-07, 1.251369e-01, 3.569544e-04, 0.000000e+00, 0.000000, 4.000000e-01, 0, 0.125137, 3.569544e-04 
1.878415e-02, 3.006910e-03, 8.164613e-06, 7.698063e-05, 6.706646e-06, 2.901937e-03, 1.224692e-05, 8.747799e-07, 1.249221e-01, 2.888305e-04, 0.000000e+00, 0.000000, 4.000000e-01, 0, 0.124922, 2.888305e-04 
2.178085e-02, 2.996704e-03, 8.456206e-06, 7.756382e-05, 6.415053e-06, 2.890856e-03, 1.224692e-05, 1.166373e-06, 1.249289e-01, 3.547880e-04, 0.000000e+00, 0.000000, 2.000000e-01, 0, 0.124929, 3.547880e-04 
2.477581e-02, 2.994955e-03, 8.164613e-06, 7.756382e-05, 6.706646e-06, 2.890564e-03, 1.108055e-05, 8.747799e-07, 1.246742e-01, 5.118938e-04, 0.000000e+00, 0.000000, 2.000000e-01, 0, 0.124674, 5.118938e-04 
2.768037e-02, 2.904561e-03, 7.581426e-06, 6.998239e-05, 5.831866e-06, 2.809502e-03, 1.108055e-05, 5.831866e-07, 1.244827e-01, 4.306639e-04, 0.000000e+00, 0.000000, 2.000000e-01, 0, 0.124483, 4.306639e-04 
3.058406e-02, 2.903686e-03, 9.622579e-06, 8.281250e-05, 6.415053e-06, 2.792881e-03, 1.137214e-05, 5.831866e-07, 1.242957e-01, 5.575939e-04, 0.000000e+00, 0.000000, 2.000000e-01, 0, 0.124296, 5.575939e-04 
3.365103e-02, 3.066978e-03, 8.456206e-06, 7.727223e-05, 6.415053e-06, 2.962005e-03, 1.195533e-05, 8.747799e-07, 1.241873e-01, 6.113267e-04, 0.000000e+00, 0.000000, 2.000000e-01, 0, 0.124187, 6.113267e-04 
3.676263e-02, 3.111592e-03, 8.456206e-06, 7.756382e-05, 6.415053e-06, 2.999912e-03, 1.866197e-05, 5.831866e-07, 1.239891e-01, 7.747329e-04, 0.000000e+00, 0.000000, 2.000000e-01, 0, 0.123989, 7.747329e-04 
3.977741e-02, 3.014783e-03, 8.164613e-06, 7.202355e-05, 6.123459e-06, 2.915933e-03, 1.195533e-05, 5.831866e-07, 1.238664e-01, 6.928205e-04, 0.000000e+00, 0.000000, 2.000000e-01, 0, 0.123866, 6.928205e-04 
4.276741e-02, 2.989998e-03, 8.747799e-06, 7.756382e-05, 6.706646e-06, 2.885316e-03, 1.108055e-05, 5.831866e-07, 1.236591e-01, 8.181790e-04, 0.000000e+00, 0.000000, 2.000000e-01, 0, 0.123659, 8.181790e-04 
4.554804e-02, 2.780634e-03, 7.873019e-06, 7.231514e-05, 6.123459e-06, 2.682075e-03, 1.137214e-05, 8.747799e-07, 1.231129e-01, 9.099928e-04, 0.000000e+00, 0.000000, 2.000000e-01, 0, 0.123113, 9.099928e-04 
4.842578e-02, 2.877734e-03, 7.873019e-06, 7.202355e-05, 5.831866e-06, 2.777718e-03, 1.312170e-05, 1.166373e-06, 1.229663e-01, 1.549280e-03, 0.000000e+00, 0.000000, 2.000000e-01, 0, 0.122966, 1.549280e-03 
5.154349e-02, 3.117716e-03, 1.108055e-05, 7.523107e-05, 6.123459e-06, 3.013034e-03, 1.137214e-05, 8.747799e-07, 1.226236e-01, 1.995658e-03, 0.000000e+00, 0.000000, 2.000000e-01, 0, 0.122624, 1.995658e-03 
5.492626e-02, 3.382774e-03, 8.164613e-06, 7.260673e-05, 8.164613e-06, 3.279550e-03, 1.341329e-05, 8.747799e-07, 1.223453e-01, 1.600296e-03, 0.000000e+00, 0.000000, 2.000000e-01, 0, 0.122345, 1.600296e-03 
5.831021e-02, 3.383940e-03, 8.747799e-06, 8.339569e-05, 6.998239e-06, 3.267886e-03, 1.574604e-05, 1.166373e-06, 1.220446e-01, 1.587878e-03, 0.000000e+00, 0.000000, 2.000000e-01, 0, 0.122045, 1.587878e-03 
6.185831e-02, 3.548107e-03, 1.166373e-05, 1.102223e-04, 8.456206e-06, 3.402602e-03, 1.399648e-05, 1.166373e-06, 1.214820e-01, 1.329661e-03, 0.000000e+00, 0.000000, 2.000000e-01, 0, 0.121482, 1.329661e-03 
6.539359e-02, 3.535277e-03, 9.914172e-06, 9.214348e-05, 7.581426e-06, 3.409601e-03, 1.487126e-05, 1.166373e-06, 1.211870e-01, 1.466434e-03, 0.000000e+00, 0.000000, 2.000000e-01, 0, 0.121187, 1.466434e-03 
6.877986e-02, 3.386273e-03, 1.224692e-05, 9.476782e-05, 7.289833e-06, 3.259722e-03, 1.137214e-05, 8.747799e-07, 1.204411e-01, 1.385354e-03, 0.000000e+00, 0.000000, 2.000000e-01, 0, 0.120441, 1.385354e-03 
7.167218e-02, 2.892314e-03, 8.456206e-06, 7.144036e-05, 6.123459e-06, 2.791423e-03, 1.370489e-05, 1.166373e-06, 1.200484e-01, 1.489226e-03, 0.000000e+00, 0.000000, 2.000000e-01, 0, 0.120048, 1.489226e-03 
7.499080e-02, 3.318623e-03, 9.914172e-06, 8.951915e-05, 6.998239e-06, 3.197321e-03, 1.370489e-05, 1.166373e-06, 1.196589e-01, 1.581136e-03, 0.000000e+00, 0.000000, 2.000000e-01, 0, 0.119659, 1.581136e-03 
7.795193e-02, 2.961130e-03, 9.039393e-06, 8.164613e-05, 6.706646e-06, 2.820874e-03, 4.140625e-05, 1.457967e-06, 1.192647e-01, 1.699326e-03, 0.000000e+00, 0.000000, 2.000000e-01, 0, 0.119265, 1.699326e-03 
8.221153e-02, 4.259595e-03, 1.108055e-05, 9.447623e-05, 8.164613e-06, 4.126337e-03, 1.837038e-05, 1.166373e-06, 1.187364e-01, 1.867193e-03, 0.000000e+00, 0.000000, 2.000000e-01, 0, 0.118736, 1.867193e-03 
8.564970e-02, 3.438177e-03, 1.370489e-05, 9.768376e-05, 7.873019e-06, 3.306668e-03, 1.137214e-05, 8.747799e-07, 1.182632e-01, 1.864880e-03, 0.000000e+00, 0.000000, 2.000000e-01, 0, 0.118263, 1.864880e-03 
8.863970e-02, 2.989998e-03, 8.456206e-06, 7.377311e-05, 6.123459e-06, 2.888815e-03, 1.195533e-05, 8.747799e-07, 1.173660e-01, 1.966755e-03, 0.000000e+00, 0.000000, 2.000000e-01, 0, 0.117366, 1.966755e-03 
9.201985e-02, 3.380150e-03, 8.456206e-06, 7.318992e-05, 6.123459e-06, 3.276926e-03, 1.428807e-05, 1.166373e-06, 1.167638e-01, 2.200022e-03, 0.000000e+00, 0.000000, 2.000000e-01, 0, 0.116764, 2.200022e-03 
9.594849e-02, 3.928637e-03, 1.137214e-05, 9.476782e-05, 7.581426e-06, 3.798294e-03, 1.516285e-05, 1.457967e-06, 1.162817e-01, 2.349392e-03, 0.000000e+00, 0.000000, 2.000000e-01, 0, 0.116282, 2.349392e-03 
9.998997e-02, 4.041483e-03, 1.195533e-05, 1.035156e-04, 1.020577e-05, 3.899769e-03, 1.457967e-05, 1.457967e-06, 1.152790e-01, 2.293385e-03, 0.000000e+00, 0.000000, 2.000000e-01, 0, 0.115279, 2.293385e-03 
1.041653e-01, 4.175325e-03, 1.108055e-05, 9.564260e-05, 9.039393e-06, 4.044691e-03, 1.399648e-05, 8.747799e-07, 1.146287e-01, 2.853256e-03, 0.000000e+00, 0.000000, 2.000000e-01, 0, 0.114629, 2.853256e-03 
1.076335e-01, 3.468211e-03, 1.049736e-05, 8.835277e-05, 7.289833e-06, 3.347491e-03, 1.370489e-05, 8.747799e-07, 1.135127e-01, 2.858681e-03, 0.000000e+00, 0.000000, 2.000000e-01, 0, 0.113513, 2.858681e-03 
1.114123e-01, 3.778758e-03, 9.039393e-06, 8.310409e-05, 6.706646e-06, 3.665619e-03, 1.312170e-05, 1.166373e-06, 1.127427e-01, 2.628007e-03, 0.000000e+00, 0.000000, 2.000000e-01, 0, 0.112743, 2.628007e-03 
1.151015e-01, 3.689239e-03, 9.914172e-06, 1.536697e-04, 7.581426e-06, 3.503202e-03, 1.399648e-05, 8.747799e-07, 1.117314e-01, 2.715861e-03, 0.000000e+00, 0.000000, 2.000000e-01, 0, 0.111731, 2.715861e-03 
1.186193e-01, 3.517782e-03, 1.049736e-05, 9.622579e-05, 7.581426e-06, 3.389189e-03, 1.312170e-05, 1.166373e-06, 1.106505e-01, 3.346954e-03, 0.000000e+00, 0.000000, 2.000000e-01, 0, 0.110650, 3.346954e-03 
1.221094e-01, 3.490080e-03, 1.166373e-05, 9.418464e-05, 7.581426e-06, 3.361779e-03, 1.370489e-05, 1.166373e-06, 1.100960e-01, 4.661906e-03, 0.000000e+00, 0.000000, 2.000000e-01, 0, 0.110096, 4.661906e-03 
1.258082e-01, 3.698861e-03, 9.622579e-06, 1.169289e-04, 1.049736e-05, 3.544317e-03, 1.632923e-05, 1.166373e-06, 1.100719e-01, 5.183889e-03, 0.000000e+00, 0.000000, 2.000000e-01, 0, 0.110072, 5.183889e-03 
1.293843e-01, 3.576100e-03, 9.330986e-06, 7.843860e-05, 6.415053e-06, 3.458880e-03, 2.128631e-05, 1.749560e-06, 1.099626e-01, 5.909936e-03, 0.000000e+00, 0.000000, 2.000000e-01, 0, 0.109963, 5.909936e-03 
1.336011e-01, 4.216731e-03, 1.662082e-05, 1.189701e-04, 1.195533e-05, 4.055188e-03, 1.283011e-05, 1.166373e-06, 1.085118e-01, 5.585648e-03, 0.000000e+00, 0.000000, 2.000000e-01, 0, 0.108512, 5.585648e-03 
1.374804e-01, 3.879357e-03, 9.914172e-06, 7.843860e-05, 7.289833e-06, 3.765636e-03, 1.691241e-05, 1.166373e-06, 1.068536e-01, 4.707749e-03, 0.000000e+00, 0.000000, 2.000000e-01, 0, 0.106854, 4.707749e-03 
1.422264e-01, 4.745973e-03, 1.166373e-05, 1.140130e-04, 1.020577e-05, 4.592886e-03, 1.574604e-05, 1.457967e-06, 1.055340e-01, 4.100425e-03, 0.000000e+00, 0.000000, 2.000000e-01, 0, 0.105534, 4.100425e-03 
1.463962e-01, 4.169784e-03, 1.224692e-05, 1.070147e-04, 8.747799e-06, 4.025154e-03, 1.545445e-05, 1.166373e-06, 1.043094e-01, 4.238193e-03, 0.000000e+00, 0.000000, 2.000000e-01, 0, 0.104309, 4.238193e-03 
1.500898e-01, 3.693612e-03, 1.108055e-05, 1.005997e-04, 8.456206e-06, 3.559479e-03, 1.283011e-05, 1.166373e-06, 1.031410e-01, 4.397806e-03, 0.000000e+00, 0.000000, 2.000000e-01, 0, 0.103141, 4.397806e-03 
1.532270e-01, 3.137252e-03, 9.039393e-06, 9.214348e-05, 6.998239e-06, 3.015950e-03, 1.224692e-05, 8.747799e-07, 1.021067e-01, 4.119846e-03, 0.000000e+00, 0.000000, 2.000000e-01, 0, 0.102107, 4.119846e-03 
1.564112e-01, 3.184199e-03, 8.456206e-06, 7.931338e-05, 6.706646e-06, 3.073393e-03, 1.516285e-05, 1.166373e-06, 1.010394e-01, 3.601285e-03, 0.000000e+00, 0.000000, 2.000000e-01, 0, 0.101039, 3.601285e-03 
1.595625e-01, 3.151249e-03, 1.312170e-05, 1.032240e-04, 8.456206e-06, 3.013034e-03, 1.253851e-05, 8.747799e-07, 9.951509e-02, 3.721440e-03, 0.000000e+00, 0.000000, 2.000000e-01, 0, 0.099515, 3.721440e-03 
1.635284e-01, 3.965961e-03, 1.283011e-05, 1.020577e-04, 9.330986e-06, 3.825704e-03, 1.487126e-05, 1.166373e-06, 9.840063e-02, 3.642054e-03, 0.000000e+00, 0.000000, 2.000000e-01, 0, 0.098401, 3.642054e-03 
1.670141e-01, 3.485706e-03, 1.020577e-05, 9.885013e-05, 7.873019e-06, 3.355947e-03, 1.195533e-05, 8.747799e-07, 9.667249e-02, 3.651825e-03, 0.000000e+00, 0.000000, 2.000000e-01, 0, 0.096672, 3.651825e-03 
1.704077e-01, 3.393563e-03, 9.039393e-06, 8.018816e-05, 6.998239e-06, 3.276634e-03, 1.953675e-05, 1.166373e-06, 9.529121e-02, 3.656780e-03, 0.000000e+00, 0.000000, 2.000000e-01, 0, 0.095291, 3.656780e-03 
1.756596e-01, 5.251887e-03, 1.662082e-05, 2.038237e-04, 1.516285e-05, 4.995577e-03, 1.866197e-05, 2.041153e-06, 9.485403e-02, 3.809969e-03, 0.000000e+00, 0.000000, 2.000000e-01, 0, 0.094854, 3.809969e-03 
1.800178e-01, 4.358154e-03, 1.399648e-05, 1.102223e-04, 9.330986e-06, 4.202734e-03, 2.041153e-05, 1.457967e-06, 9.351666e-02, 3.748796e-03, 0.000000e+00, 0.000000, 2.000000e-01, 0, 0.093517, 3.748796e-03 
1.833472e-01, 3.329412e-03, 1.457967e-05, 1.143046e-04, 9.622579e-06, 3.176909e-03, 1.283011e-05, 1.166373e-06, 9.182713e-02, 3.778476e-03, 0.000000e+00, 0.000000, 2.000000e-01, 0, 0.091827, 3.778476e-03 
1.864016e-01, 3.054440e-03, 9.039393e-06, 7.931338e-05, 6.415053e-06, 2.946550e-03, 1.224692e-05, 8.747799e-07, 9.150299e-02, 3.949578e-03, 0.000000e+00, 0.000000, 2.000000e-01, 0, 0.091503, 3.949578e-03 
1.895701e-01, 3.168453e-03, 1.224692e-05, 8.981074e-05, 6.415053e-06, 3.041318e-03, 1.749560e-05, 1.166373e-06, 9.021743e-02, 3.812203e-03, 0.000000e+00, 0.000000, 2.000000e-01, 0, 0.090217, 3.812203e-03 
1.927391e-01, 3.169036e-03, 1.195533e-05, 1.134298e-04, 9.039393e-06, 3.021781e-03, 1.195533e-05, 8.747799e-07, 8.864270e-02, 3.915389e-03, 0.000000e+00, 0.000000, 2.000000e-01, 0, 0.088643, 3.915389e-03 
1.957370e-01, 2.997871e-03, 9.039393e-06, 7.873019e-05, 6.415053e-06, 2.889981e-03, 1.283011e-05, 8.747799e-07, 8.736264e-02, 3.904573e-03, 0.000000e+00, 0.000000, 2.000000e-01, 0, 0.087363, 3.904573e-03 
1.987713e-01, 3.034320e-03, 8.456206e-06, 7.727223e-05, 6.706646e-06, 2.928763e-03, 1.195533e-05, 1.166373e-06, 8.591621e-02, 4.007508e-03, 0.000000e+00, 0.000000, 2.000000e-01, 0, 0.085916, 4.007508e-03 
2.018633e-01, 3.092055e-03, 8.456206e-06, 7.902179e-05, 6.706646e-06, 2.984749e-03, 1.224692e-05, 8.747799e-07, 8.405873e-02, 3.961093e-03, 0.000000e+00, 0.000000, 2.000000e-01, 0, 0.084059, 3.961093e-03 
2.048854e-01, 3.022073e-03, 8.456206e-06, 7.873019e-05, 6.706646e-06, 2.915350e-03, 1.195533e-05, 8.747799e-07, 8.303191e-02, 4.091197e-03, 0.000000e+00, 0.000000, 2.000000e-01, 0, 0.083032, 4.091197e-03 
2.079127e-01, 3.027322e-03, 8.747799e-06, 7.989657e-05, 6.706646e-06, 2.918849e-03, 1.224692e-05, 8.747799e-07, 8.116405e-02, 4.085210e-03, 0.000000e+00, 0.000000, 2.000000e-01, 0, 0.081164, 4.085210e-03 
2.109237e-01, 3.010992e-03, 8.747799e-06, 7.960497e-05, 6.706646e-06, 2.903686e-03, 1.166373e-05, 5.831866e-07, 7.997735e-02, 4.415130e-03, 0.000000e+00, 0.000000, 2.000000e-01, 0, 0.079977, 4.415130e-03 
2.139268e-01, 3.003119e-03, 8.747799e-06, 7.843860e-05, 6.415053e-06, 2.896688e-03, 1.195533e-05, 8.747799e-07, 7.964326e-02, 4.990731e-03, 0.000000e+00, 0.000000, 2.000000e-01, 0, 0.079643, 4.990731e-03 
2.169445e-01, 3.017699e-03, 8.747799e-06, 7.814701e-05, 6.415053e-06, 2.911268e-03, 1.224692e-05, 8.747799e-07, 7.826982e-02, 4.434799e-03, 0.000000e+00, 0.000000, 2.000000e-01, 0, 0.078270, 4.434799e-03 
2.199850e-01, 3.040443e-03, 8.747799e-06, 7.814701e-05, 6.706646e-06, 2.927597e-03, 1.837038e-05, 8.747799e-07, 7.741170e-02, 4.439057e-03, 0.000000e+00, 0.000000, 2.000000e-01, 0, 0.077412, 4.439057e-03 
2.230196e-01, 3.034612e-03, 9.039393e-06, 7.873019e-05, 6.706646e-06, 2.927305e-03, 1.195533e-05, 8.747799e-07, 7.579068e-02, 4.762673e-03, 0.000000e+00, 0.000000, 2.000000e-01, 0, 0.075791, 4.762673e-03 
2.260420e-01, 3.022365e-03, 8.456206e-06, 7.902179e-05, 6.415053e-06, 2.915933e-03, 1.166373e-05, 8.747799e-07, 7.382842e-02, 4.686254e-03, 0.000000e+00, 0.000000, 2.000000e-01, 0, 0.073828, 4.686254e-03 
2.291197e-01, 3.077767e-03, 8.456206e-06, 8.747799e-05, 6.706646e-06, 2.961422e-03, 1.283011e-05, 8.747799e-07, 7.297008e-02, 4.349009e-03, 0.000000e+00, 0.000000, 2.000000e-01, 0, 0.072970, 4.349009e-03 
2.321281e-01, 3.008368e-03, 8.456206e-06, 7.843860e-05, 6.415053e-06, 2.901937e-03, 1.224692e-05, 8.747799e-07, 7.149821e-02, 4.158607e-03, 0.000000e+00, 0.000000, 2.000000e-01, 0, 0.071498, 4.158607e-03 
2.352263e-01, 3.098179e-03, 8.456206e-06, 7.843860e-05, 6.706646e-06, 2.991456e-03, 1.224692e-05, 8.747799e-07, 6.985979e-02, 4.220992e-03, 0.000000e+00, 0.000000, 2.000000e-01, 0, 0.069860, 4.220992e-03 
2.382772e-01, 3.050941e-03, 8.456206e-06, 7.902179e-05, 6.706646e-06, 2.943926e-03, 1.195533e-05, 8.747799e-07, 6.950594e-02, 4.593456e-03, 0.000000e+00, 0.000000, 2.000000e-01, 0, 0.069506, 4.593456e-03 
2.420784e-01, 3.801210e-03, 8.747799e-06, 7.785541e-05, 6.123459e-06, 3.691571e-03, 1.545445e-05, 1.457967e-06, 6.777584e-02, 4.443336e-03, 0.000000e+00, 0.000000, 2.000000e-01, 0, 0.067776, 4.443336e-03 
2.458557e-01, 3.777300e-03, 1.108055e-05, 1.026408e-04, 7.581426e-06, 3.642292e-03, 1.253851e-05, 1.166373e-06, 6.618962e-02, 4.364754e-03, 0.000000e+00, 0.000000, 2.000000e-01, 0, 0.066190, 4.364754e-03 
2.489163e-01, 3.060563e-03, 8.747799e-06, 8.077135e-05, 6.706646e-06, 2.950924e-03, 1.253851e-05, 8.747799e-07, 6.465975e-02, 4.272229e-03, 0.000000e+00, 0.000000, 2.000000e-01, 0, 0.064660, 4.272229e-03 
2.520632e-01, 3.146875e-03, 8.456206e-06, 8.018816e-05, 6.706646e-06, 3.038402e-03, 1.224692e-05, 8.747799e-07, 6.312682e-02, 4.208039e-03, 0.000000e+00, 0.000000, 2.000000e-01, 0, 0.063127, 4.208039e-03 
2.551062e-01, 3.043068e-03, 8.456206e-06, 7.931338e-05, 6.998239e-06, 2.934887e-03, 1.224692e-05, 1.166373e-06, 6.159576e-02, 4.157588e-03, 0.000000e+00, 0.000000, 2.000000e-01, 0, 0.061596, 4.157588e-03 
2.581423e-01, 3.036070e-03, 8.456206e-06, 7.902179e-05, 6.706646e-06, 2.928763e-03, 1.224692e-05, 8.747799e-07, 6.078973e-02, 4.312023e-03, 0.000000e+00, 0.000000, 2.000000e-01, 0, 0.060790, 4.312023e-03 
2.612539e-01, 3.111592e-03, 8.456206e-06, 7.931338e-05, 6.706646e-06, 3.003994e-03, 1.224692e-05, 8.747799e-07, 5.871847e-02, 4.117273e-03, 0.000000e+00, 0.000000, 2.000000e-01, 0, 0.058718, 4.117273e-03 
2.649860e-01, 3.732103e-03, 9.039393e-06, 7.931338e-05, 6.706646e-06, 3.622464e-03, 1.341329e-05, 1.166373e-06, 5.733004e-02, 4.041061e-03, 0.000000e+00, 0.000000, 2.000000e-01, 0, 0.057330, 4.041061e-03 
2.684087e-01, 3.422722e-03, 1.049736e-05, 8.106294e-05, 6.998239e-06, 3.309584e-03, 1.341329e-05, 1.166373e-06, 5.670253e-02, 4.073905e-03, 0.000000e+00, 0.000000, 2.000000e-01, 0, 0.056703, 4.073905e-03 
2.715081e-01, 3.099345e-03, 9.622579e-06, 8.047975e-05, 6.998239e-06, 2.988831e-03, 1.195533e-05, 1.457967e-06, 5.675922e-02, 4.178898e-03, 0.000000e+00, 0.000000, 1.000000e-01, 0, 0.056759, 4.178898e-03 
2.747042e-01, 3.196154e-03, 8.747799e-06, 7.902179e-05, 6.415053e-06, 3.088556e-03, 1.224692e-05, 1.166373e-06, 5.593523e-02, 4.417150e-03, 0.000000e+00, 0.000000, 1.000000e-01, 0, 0.055935, 4.417150e-03 
2.777152e-01, 3.010992e-03, 8.747799e-06, 7.931338e-05, 6.706646e-06, 2.903395e-03, 1.195533e-05, 8.747799e-07, 5.563085e-02, 4.212826e-03, 0.000000e+00, 0.000000, 1.000000e-01, 0, 0.055631, 4.212826e-03 
2.807872e-01, 3.071935e-03, 8.456206e-06, 7.931338e-05, 6.415053e-06, 2.964629e-03, 1.195533e-05, 1.166373e-06, 5.537853e-02, 4.173823e-03, 0.000000e+00, 0.000000, 1.000000e-01, 0, 0.055379, 4.173823e-03 
2.838177e-01, 3.030529e-03, 8.456206e-06, 7.873019e-05, 6.706646e-06, 2.923806e-03, 1.195533e-05, 8.747799e-07, 5.449765e-02, 4.049125e-03, 0.000000e+00, 0.000000, 1.000000e-01, 0, 0.054498, 4.049125e-03 
2.868724e-01, 3.054731e-03, 8.747799e-06, 7.902179e-05, 6.706646e-06, 2.909226e-03, 4.957086e-05, 1.457967e-06, 5.374484e-02, 3.950199e-03, 0.000000e+00, 0.000000, 1.000000e-01, 0, 0.053745, 3.950199e-03 
2.900085e-01, 3.136086e-03, 1.049736e-05, 8.164613e-05, 6.998239e-06, 3.023823e-03, 1.224692e-05, 8.747799e-07, 5.348627e-02, 4.066425e-03, 0.000000e+00, 0.000000, 1.000000e-01, 0, 0.053486, 4.066425e-03 
2.935038e-01, 3.495329e-03, 8.747799e-06, 7.989657e-05, 6.706646e-06, 3.384524e-03, 1.428807e-05, 1.166373e-06, 5.287067e-02, 3.945272e-03, 0.000000e+00, 0.000000, 1.000000e-01, 0, 0.052871, 3.945272e-03 
2.976170e-01, 4.113215e-03, 1.020577e-05, 9.330986e-05, 7.581426e-06, 3.983748e-03, 1.691241e-05, 1.457967e-06, 5.250787e-02, 4.024056e-03, 0.000000e+00, 0.000000, 1.000000e-01, 0, 0.052508, 4.024056e-03 
3.008800e-01, 3.262929e-03, 1.195533e-05, 8.864437e-05, 7.873019e-06, 3.141335e-03, 1.224692e-05, 8.747799e-07, 5.229382e-02, 4.109107e-03, 0.000000e+00, 0.000000, 1.000000e-01, 0, 0.052294, 4.109107e-03 
3.044715e-01, 3.591555e-03, 9.039393e-06, 7.931338e-05, 6.415053e-06, 3.448966e-03, 4.665493e-05, 1.166373e-06, 5.127359e-02, 3.940090e-03, 0.000000e+00, 0.000000, 1.000000e-01, 0, 0.051274, 3.940090e-03 
3.090533e-01, 4.581806e-03, 1.224692e-05, 1.143046e-04, 9.622579e-06, 4.427844e-03, 1.662082e-05, 1.166373e-06, 5.064144e-02, 3.855776e-03, 0.000000e+00, 0.000000, 1.000000e-01, 0, 0.050641, 3.855776e-03 
3.150733e-01, 6.019944e-03, 1.487126e-05, 3.207526e-04, 9.039393e-06, 5.659243e-03, 1.487126e-05, 1.166373e-06, 4.965146e-02, 3.770585e-03, 0.000000e+00, 0.000000, 1.000000e-01, 0, 0.049651, 3.770585e-03 
3.185940e-01, 3.520698e-03, 1.049736e-05, 9.885013e-05, 8.164613e-06, 3.390064e-03, 1.253851e-05, 5.831866e-07, 4.874340e-02, 3.798717e-03, 0.000000e+00, 0.000000, 1.000000e-01, 0, 0.048743, 3.798717e-03 
3.216726e-01, 3.078642e-03, 9.039393e-06, 7.843860e-05, 6.706646e-06, 2.971627e-03, 1.195533e-05, 8.747799e-07, 4.799468e-02, 3.689089e-03, 0.000000e+00, 0.000000, 1.000000e-01, 0, 0.047995, 3.689089e-03 
3.246938e-01, 3.021198e-03, 8.456206e-06, 7.931338e-05, 6.706646e-06, 2.914184e-03, 1.195533e-05, 5.831866e-07, 4.745301e-02, 3.677668e-03, 0.000000e+00, 0.000000, 1.000000e-01, 0, 0.047453, 3.677668e-03 
3.279885e-01, 3.294713e-03, 8.456206e-06, 7.814701e-05, 6.415053e-06, 3.188864e-03, 1.195533e-05, 8.747799e-07, 4.720788e-02, 3.880585e-03, 0.000000e+00, 0.000000, 1.000000e-01, 0, 0.047208, 3.880585e-03 
3.313293e-01, 3.340785e-03, 8.747799e-06, 7.902179e-05, 6.706646e-06, 3.233187e-03, 1.224692e-05, 8.747799e-07, 4.690545e-02, 3.933184e-03, 0.000000e+00, 0.000000, 1.000000e-01, 0, 0.046905, 3.933184e-03 
3.344511e-01, 3.121798e-03, 8.747799e-06, 7.902179e-05, 6.706646e-06, 3.014492e-03, 1.195533e-05, 8.747799e-07, 4.606962e-02, 3.785591e-03, 0.000000e+00, 0.000000, 1.000000e-01, 0, 0.046070, 3.785591e-03 
3.377143e-01, 3.263221e-03, 8.747799e-06, 7.843860e-05, 6.415053e-06, 3.153873e-03, 1.487126e-05, 8.747799e-07, 4.538193e-02, 3.749626e-03, 0.000000e+00, 0.000000, 1.000000e-01, 0, 0.045382, 3.749626e-03 
3.414741e-01, 3.759804e-03, 1.078895e-05, 9.564260e-05, 7.873019e-06, 3.627712e-03, 1.662082e-05, 1.166373e-06, 4.465744e-02, 3.649750e-03, 0.000000e+00, 0.000000, 1.000000e-01, 0, 0.044657, 3.649750e-03 
3.456226e-01, 4.148498e-03, 1.078895e-05, 9.418464e-05, 8.164613e-06, 4.017864e-03, 1.574604e-05, 1.749560e-06, 4.407890e-02, 3.607117e-03, 0.000000e+00, 0.000000, 1.000000e-01, 0, 0.044079, 3.607117e-03 
3.498741e-01, 4.251430e-03, 1.428807e-05, 1.081811e-04, 8.456206e-06, 4.103301e-03, 1.603763e-05, 1.166373e-06, 4.349542e-02, 3.569000e-03, 0.000000e+00, 0.000000, 1.000000e-01, 0, 0.043495, 3.569000e-03 
3.532979e-01, 3.423889e-03, 1.166373e-05, 1.166373e-04, 9.039393e-06, 3.273135e-03, 1.224692e-05, 1.166373e-06, 4.260166e-02, 3.637453e-03, 0.000000e+00, 0.000000, 1.000000e-01, 0, 0.042602, 3.637453e-03 
3.563856e-01, 3.087682e-03, 8.747799e-06, 7.989657e-05, 6.706646e-06, 2.979209e-03, 1.224692e-05, 8.747799e-07, 4.196689e-02, 3.830438e-03, 0.000000e+00, 0.000000, 1.000000e-01, 0, 0.041967, 3.830438e-03 
3.594832e-01, 3.097596e-03, 8.456206e-06, 7.960497e-05, 6.706646e-06, 2.989998e-03, 1.195533e-05, 8.747799e-07, 4.137804e-02, 3.841803e-03, 0.000000e+00, 0.000000, 1.000000e-01, 0, 0.041378, 3.841803e-03 
3.625257e-01, 3.042485e-03, 8.747799e-06, 7.960497e-05, 6.415053e-06, 2.934887e-03, 1.195533e-05, 8.747799e-07, 4.057275e-02, 3.974763e-03, 0.000000e+00, 0.000000, 1.000000e-01, 0, 0.040573, 3.974763e-03 
3.655953e-01, 3.069603e-03, 8.747799e-06, 8.047975e-05, 6.415053e-06, 2.960838e-03, 1.224692e-05, 8.747799e-07, 3.982300e-02, 4.112848e-03, 0.000000e+00, 0.000000, 1.000000e-01, 0, 0.039823, 4.112848e-03 
3.686366e-01, 3.041318e-03, 8.456206e-06, 7.960497e-05, 6.706646e-06, 2.933429e-03, 1.224692e-05, 8.747799e-07, 3.951258e-02, 4.433025e-03, 0.000000e+00, 0.000000, 1.000000e-01, 0, 0.039513, 4.433025e-03 
3.716849e-01, 3.048316e-03, 8.164613e-06, 7.873019e-05, 6.415053e-06, 2.942176e-03, 1.224692e-05, 5.831866e-07, 3.903650e-02, 4.274718e-03, 0.000000e+00, 0.000000, 1.000000e-01, 0, 0.039037, 4.274718e-03 
3.748379e-01, 3.152998e-03, 8.456206e-06, 7.989657e-05, 6.706646e-06, 3.044526e-03, 1.253851e-05, 8.747799e-07, 3.860581e-02, 4.138945e-03, 0.000000e+00, 0.000000, 1.000000e-01, 0, 0.038606, 4.138945e-03 
3.778868e-01, 3.048900e-03, 8.747799e-06, 7.960497e-05, 6.706646e-06, 2.940718e-03, 1.224692e-05, 8.747799e-07, 3.802354e-02, 4.481591e-03, 0.000000e+00, 0.000000, 1.000000e-01, 0, 0.038024, 4.481591e-03 
3.809637e-01, 3.076893e-03, 8.747799e-06, 7.960497e-05, 6.415053e-06, 2.969295e-03, 1.195533e-05, 8.747799e-07, 3.743962e-02, 4.905152e-03, 0.000000e+00, 0.000000, 1.000000e-01, 0, 0.037440, 4.905152e-03 
3.840438e-01, 3.080100e-03, 3.090889e-05, 7.931338e-05, 6.415053e-06, 2.950633e-03, 1.195533e-05, 8.747799e-07, 3.709671e-02, 4.903638e-03, 0.000000e+00, 0.000000, 1.000000e-01, 0, 0.037097, 4.903638e-03 
3.871132e-01, 3.069311e-03, 8.456206e-06, 7.873019e-05, 6.706646e-06, 2.962880e-03, 1.166373e-05, 8.747799e-07, 3.636531e-02, 4.637489e-03, 0.000000e+00, 0.000000, 1.000000e-01, 0, 0.036365, 4.637489e-03 
3.901615e-01, 3.048316e-03, 8.747799e-06, 7.931338e-05, 6.415053e-06, 2.940718e-03, 1.224692e-05, 8.747799e-07, 3.593925e-02, 4.760803e-03, 0.000000e+00, 0.000000, 1.000000e-01, 0, 0.035939, 4.760803e-03 
3.932127e-01, 3.051232e-03, 8.747799e-06, 7.843860e-05, 6.415053e-06, 2.944801e-03, 1.195533e-05, 8.747799e-07, 3.527010e-02, 4.637539e-03, 0.000000e+00, 0.000000, 1.000000e-01, 0, 0.035270, 4.637539e-03 
3.962741e-01, 3.061438e-03, 8.747799e-06, 7.814701e-05, 6.415053e-06, 2.955298e-03, 1.195533e-05, 8.747799e-07, 3.469417e-02, 4.224192e-03, 0.000000e+00, 0.000000, 1.000000e-01, 0, 0.034694, 4.224192e-03 
3.993268e-01, 3.052690e-03, 8.456206e-06, 7.960497e-05, 6.415053e-06, 2.945092e-03, 1.224692e-05, 8.747799e-07, 3.428170e-02, 3.906559e-03, 0.000000e+00, 0.000000, 1.000000e-01, 0, 0.034282, 3.906559e-03 
4.023772e-01, 3.050358e-03, 8.747799e-06, 7.873019e-05, 6.415053e-06, 2.943343e-03, 1.224692e-05, 8.747799e-07, 3.398106e-02, 3.825844e-03, 0.000000e+00, 0.000000, 1.000000e-01, 0, 0.033981, 3.825844e-03 
4.054736e-01, 3.096429e-03, 8.747799e-06, 7.931338e-05, 6.706646e-06, 2.988831e-03, 1.195533e-05, 8.747799e-07, 3.347194e-02, 3.924582e-03, 0.000000e+00, 0.000000, 1.000000e-01, 0, 0.033472, 3.924582e-03 
4.085558e-01, 3.082141e-03, 8.456206e-06, 7.873019e-05, 8.747799e-06, 2.973085e-03, 1.224692e-05, 8.747799e-07, 3.301208e-02, 4.071109e-03, 0.000000e+00, 0.000000, 1.000000e-01, 0, 0.033012, 4.071109e-03 
4.116201e-01, 3.064354e-03, 8.747799e-06, 7.902179e-05, 6.415053e-06, 2.956756e-03, 1.253851e-05, 8.747799e-07, 3.257359e-02, 4.406553e-03, 0.000000e+00, 0.000000, 1.000000e-01, 0, 0.032574, 4.406553e-03 
4.146842e-01, 3.064062e-03, 9.039393e-06, 8.456206e-05, 6.998239e-06, 2.950341e-03, 1.224692e-05, 8.747799e-07, 3.214761e-02, 4.537641e-03, 0.000000e+00, 0.000000, 1.000000e-01, 0, 0.032148, 4.537641e-03 
4.176952e-01, 3.010992e-03, 8.456206e-06, 7.960497e-05, 6.706646e-06, 2.903103e-03, 1.224692e-05, 8.747799e-07, 3.161093e-02, 4.026248e-03, 0.000000e+00, 0.000000, 1.000000e-01, 0, 0.031611, 4.026248e-03 
4.208111e-01, 3.115966e-03, 8.456206e-06, 7.902179e-05, 6.706646e-06, 3.008660e-03, 1.224692e-05, 8.747799e-07, 3.119591e-02, 4.287294e-03, 0.000000e+00, 0.000000, 1.000000e-01, 0, 0.031196, 4.287294e-03 
4.238732e-01, 3.062021e-03, 8.747799e-06, 7.960497e-05, 6.706646e-06, 2.953840e-03, 1.224692e-05, 8.747799e-07, 3.088611e-02, 4.023031e-03, 0.000000e+00, 0.000000, 1.000000e-01, 0, 0.030886, 4.023031e-03 
4.273831e-01, 3.509909e-03, 8.747799e-06, 8.018816e-05, 6.706646e-06, 3.401144e-03, 1.253851e-05, 5.831866e-07, 2.970286e-02, 3.232621e-03, 0.000000e+00, 0.000000, 1.000000e-01, 0, 0.029703, 3.232621e-03 
4.307119e-01, 3.328829e-03, 8.747799e-06, 7.902179e-05, 6.415053e-06, 3.221814e-03, 1.195533e-05, 8.747799e-07, 2.947154e-02, 3.189801e-03, 0.000000e+00, 0.000000, 1.000000e-01, 0, 0.029472, 3.189801e-03 
4.337290e-01, 3.017116e-03, 9.039393e-06, 8.106294e-05, 6.706646e-06, 2.907477e-03, 1.195533e-05, 8.747799e-07, 2.906029e-02, 3.143786e-03, 0.000000e+00, 0.000000, 1.000000e-01, 0, 0.029060, 3.143786e-03 
4.367444e-01, 3.015366e-03, 8.747799e-06, 8.018816e-05, 6.415053e-06, 2.907185e-03, 1.195533e-05, 8.747799e-07, 2.822978e-02, 2.858674e-03, 0.000000e+00, 0.000000, 1.000000e-01, 0, 0.028230, 2.858674e-03 
4.397609e-01, 3.016533e-03, 8.747799e-06, 8.106294e-05, 6.706646e-06, 2.907768e-03, 1.166373e-05, 5.831866e-07, 2.775165e-02, 2.863502e-03, 0.000000e+00, 0.000000, 1.000000e-01, 0, 0.027752, 2.863502e-03 
4.427783e-01, 3.017408e-03, 8.456206e-06, 7.843860e-05, 6.415053e-06, 2.911268e-03, 1.195533e-05, 8.747799e-07, 2.738834e-02, 2.883451e-03, 0.000000e+00, 0.000000, 1.000000e-01, 0, 0.027388, 2.883451e-03 
4.457957e-01, 3.017408e-03, 8.747799e-06, 7.873019e-05, 6.998239e-06, 2.910101e-03, 1.195533e-05, 8.747799e-07, 2.724881e-02, 2.865790e-03, 0.000000e+00, 0.000000, 1.000000e-01, 0, 0.027249, 2.865790e-03 
4.488289e-01, 3.033154e-03, 8.164613e-06, 7.902179e-05, 6.415053e-06, 2.926722e-03, 1.195533e-05, 8.747799e-07, 2.680304e-02, 2.907601e-03, 0.000000e+00, 0.000000, 1.000000e-01, 0, 0.026803, 2.907601e-03 
4.519588e-01, 3.129963e-03, 8.456206e-06, 8.222931e-05, 6.415053e-06, 3.019740e-03, 1.224692e-05, 8.747799e-07, 2.620974e-02, 3.059441e-03, 0.000000e+00, 0.000000, 1.000000e-01, 0, 0.026210, 3.059441e-03 
4.558531e-01, 3.894229e-03, 8.747799e-06, 7.902179e-05, 6.415053e-06, 3.786047e-03, 1.283011e-05, 1.166373e-06, 2.583223e-02, 3.075963e-03, 0.000000e+00, 0.000000, 1.000000e-01, 0, 0.025832, 3.075963e-03 
4.589361e-01, 3.083016e-03, 9.622579e-06, 7.960497e-05, 7.289833e-06, 2.973377e-03, 1.195533e-05, 1.166373e-06, 2.545094e-02, 3.027569e-03, 0.000000e+00, 0.000000, 1.000000e-01, 0, 0.025451, 3.027569e-03 
4.620141e-01, 3.078059e-03, 8.747799e-06, 7.843860e-05, 6.415053e-06, 2.971336e-03, 1.224692e-05, 8.747799e-07, 2.504365e-02, 3.213394e-03, 0.000000e+00, 0.000000, 1.000000e-01, 0, 0.025044, 3.213394e-03 
4.651619e-01, 3.147750e-03, 8.747799e-06, 7.931338e-05, 6.706646e-06, 3.040152e-03, 1.195533e-05, 8.747799e-07, 2.416406e-02, 2.656199e-03, 0.000000e+00, 0.000000, 1.000000e-01, 0, 0.024164, 2.656199e-03 
4.681974e-01, 3.035486e-03, 8.747799e-06, 7.931338e-05, 6.706646e-06, 2.927888e-03, 1.195533e-05, 8.747799e-07, 2.378003e-02, 2.795273e-03, 0.000000e+00, 0.000000, 1.000000e-01, 0, 0.023780, 2.795273e-03 
4.712057e-01, 3.008368e-03, 8.456206e-06, 7.814701e-05, 6.706646e-06, 2.902811e-03, 1.137214e-05, 8.747799e-07, 2.323096e-02, 2.493360e-03, 0.000000e+00, 0.000000, 1.000000e-01, 0, 0.023231, 2.493360e-03 
4.741920e-01, 2.986207e-03, 8.164613e-06, 9.301826e-05, 6.706646e-06, 2.865487e-03, 1.195533e-05, 8.747799e-07, 2.308223e-02, 2.502295e-03, 0.000000e+00, 0.000000, 1.000000e-01, 0, 0.023082, 2.502295e-03 
4.771942e-01, 3.002245e-03, 8.747799e-06, 7.814701e-05, 6.706646e-06, 2.895813e-03, 1.195533e-05, 8.747799e-07, 2.264900e-02, 2.474742e-03, 0.000000e+00, 0.000000, 1.000000e-01, 0, 0.022649, 2.474742e-03 
4.801717e-01, 2.977459e-03, 8.456206e-06, 7.785541e-05, 6.415053e-06, 2.872194e-03, 1.195533e-05, 5.831866e-07, 2.190672e-02, 2.332239e-03, 0.000000e+00, 0.000000, 1.000000e-01, 0, 0.021907, 2.332239e-03 
4.831964e-01, 3.024697e-03, 1.370489e-05, 9.360145e-05, 6.415053e-06, 2.898146e-03, 1.195533e-05, 8.747799e-07, 2.125077e-02, 2.298003e-03, 0.000000e+00, 0.000000, 1.000000e-01, 0, 0.021251, 2.298003e-03 
4.862123e-01, 3.015950e-03, 8.747799e-06, 7.814701e-05, 6.706646e-06, 2.909226e-03, 1.224692e-05, 8.747799e-07, 2.073491e-02, 2.337627e-03, 0.000000e+00, 0.000000, 1.000000e-01, 0, 0.020735, 2.337627e-03 
4.892621e-01, 3.049774e-03, 8.747799e-06, 7.814701e-05, 6.706646e-06, 2.941885e-03, 1.341329e-05, 8.747799e-07, 2.022821e-02, 2.167132e-03, 0.000000e+00, 0.000000, 1.000000e-01, 0, 0.020228, 2.167132e-03 
4.924259e-01, 3.163787e-03, 9.039393e-06, 7.843860e-05, 7.289833e-06, 3.056189e-03, 1.195533e-05, 8.747799e-07, 1.976427e-02, 2.154901e-03, 0.000000e+00, 0.000000, 1.000000e-01, 0, 0.019764, 2.154901e-03 
4.954937e-01, 3.067853e-03, 9.039393e-06, 7.960497e-05, 6.415053e-06, 2.959964e-03, 1.195533e-05, 8.747799e-07, 1.921907e-02, 2.088480e-03, 0.000000e+00, 0.000000, 1.000000e-01, 0, 0.019219, 2.088480e-03 
5.007412e-01, 5.247513e-03, 1.137214e-05, 1.046820e-04, 8.747799e-06, 5.101425e-03, 1.953675e-05, 1.749560e-06, 1.909942e-02, 2.204224e-03, 0.000000e+00, 0.000000, 1.000000e-01, 0, 0.019099, 2.204224e-03 
5.051562e-01, 4.415014e-03, 1.516285e-05, 1.195533e-04, 1.049736e-05, 4.251430e-03, 1.691241e-05, 1.457967e-06, 1.853156e-02, 2.066796e-03, 0.000000e+00, 0.000000, 1.000000e-01, 0, 0.018532, 2.066796e-03 
5.087449e-01, 3.588639e-03, 1.195533e-05, 1.038072e-04, 8.747799e-06, 3.449840e-03, 1.312170e-05, 1.166373e-06, 1.810760e-02, 1.999933e-03, 0.000000e+00, 0.000000, 1.000000e-01, 0, 0.018108, 1.999933e-03 
5.118256e-01, 3.080683e-03, 9.330986e-06, 8.018816e-05, 6.415053e-06, 2.971627e-03, 1.224692e-05, 8.747799e-07, 1.796442e-02, 2.088220e-03, 0.000000e+00, 0.000000, 1.000000e-01, 0, 0.017964, 2.088220e-03 
5.148969e-01, 3.071352e-03, 8.747799e-06, 7.931338e-05, 6.415053e-06, 2.964046e-03, 1.195533e-05, 8.747799e-07, 1.756095e-02, 1.955797e-03, 0.000000e+00, 0.000000, 1.000000e-01, 0, 0.017561, 1.955797e-03 
5.180190e-01, 3.122090e-03, 8.456206e-06, 7.873019e-05, 6.415053e-06, 3.015950e-03, 1.166373e-05, 8.747799e-07, 1.706221e-02, 1.892956e-03, 0.000000e+00, 0.000000, 1.000000e-01, 0, 0.017062, 1.892956e-03 
5.210414e-01, 3.022365e-03, 1.078895e-05, 7.873019e-05, 6.123459e-06, 2.913600e-03, 1.224692e-05, 8.747799e-07, 1.664494e-02, 1.892903e-03, 0.000000e+00, 0.000000, 1.000000e-01, 0, 0.016645, 1.892903e-03 
5.240684e-01, 3.027030e-03, 8.747799e-06, 7.873019e-05, 6.415053e-06, 2.920599e-03, 1.166373e-05, 8.747799e-07, 1.618273e-02, 1.822663e-03, 0.000000e+00, 0.000000, 1.000000e-01, 0, 0.016183, 1.822663e-03 
5.272176e-01, 3.149208e-03, 8.456206e-06, 7.785541e-05, 6.706646e-06, 3.038985e-03, 1.545445e-05, 1.749560e-06, 1.591900e-02, 1.793346e-03, 0.000000e+00, 0.000000, 1.000000e-01, 0, 0.015919, 1.793346e-03 
5.303855e-01, 3.167870e-03, 1.341329e-05, 1.099307e-04, 6.998239e-06, 3.024406e-03, 1.224692e-05, 8.747799e-07, 1.565260e-02, 1.822626e-03, 0.000000e+00, 0.000000, 1.000000e-01, 0, 0.015653, 1.822626e-03 
5.335816e-01, 3.196154e-03, 8.747799e-06, 8.485365e-05, 6.706646e-06, 3.082433e-03, 1.253851e-05, 8.747799e-07, 1.517743e-02, 1.916871e-03, 0.000000e+00, 0.000000, 1.000000e-01, 0, 0.015177, 1.916871e-03 
5.366871e-01, 3.105469e-03, 8.747799e-06, 8.427047e-05, 6.706646e-06, 2.992331e-03, 1.253851e-05, 8.747799e-07, 1.489078e-02, 1.979920e-03, 0.000000e+00, 0.000000, 1.000000e-01, 0, 0.014891, 1.979920e-03 
5.397719e-01, 3.084766e-03, 8.747799e-06, 8.368728e-05, 6.706646e-06, 2.972794e-03, 1.195533e-05, 8.747799e-07, 1.440873e-02, 1.708358e-03, 0.000000e+00, 0.000000, 1.000000e-01, 0, 0.014409, 1.708358e-03 
5.428359e-01, 3.064062e-03, 8.747799e-06, 7.902179e-05, 6.706646e-06, 2.956465e-03, 1.224692e-05, 8.747799e-07, 1.405922e-02, 1.655564e-03, 0.000000e+00, 0.000000, 1.000000e-01, 0, 0.014059, 1.655564e-03 
5.459166e-01, 3.080683e-03, 8.747799e-06, 7.960497e-05, 6.706646e-06, 2.972211e-03, 1.253851e-05, 8.747799e-07, 1.396382e-02, 1.719033e-03, 0.000000e+00, 0.000000, 1.000000e-01, 0, 0.013964, 1.719033e-03 
5.489576e-01, 3.041027e-03, 8.164613e-06, 7.348151e-05, 6.123459e-06, 2.940427e-03, 1.195533e-05, 8.747799e-07, 1.341195e-02, 1.582322e-03, 0.000000e+00, 0.000000, 1.000000e-01, 0, 0.013412, 1.582322e-03 
5.519488e-01, 2.991164e-03, 8.164613e-06, 9.185189e-05, 6.415053e-06, 2.873069e-03, 1.108055e-05, 5.831866e-07, 1.310397e-02, 1.565300e-03, 0.000000e+00, 0.000000, 1.000000e-01, 0, 0.013104, 1.565300e-03 
5.549333e-01, 2.984457e-03, 8.456206e-06, 7.843860e-05, 6.415053e-06, 2.878318e-03, 1.195533e-05, 8.747799e-07, 1.267278e-02, 1.563387e-03, 0.000000e+00, 0.000000, 1.000000e-01, 0, 0.012673, 1.563387e-03 
5.579513e-01, 3.017991e-03, 8.456206e-06, 7.989657e-05, 6.706646e-06, 2.910101e-03, 1.195533e-05, 8.747799e-07, 1.232911e-02, 1.609858e-03, 0.000000e+00, 0.000000, 1.000000e-01, 0, 0.012329, 1.609858e-03 
5.610299e-01, 3.078642e-03, 8.747799e-06, 7.873019e-05, 6.706646e-06, 2.972211e-03, 1.137214e-05, 8.747799e-07, 1.197759e-02, 1.732360e-03, 0.000000e+00, 0.000000, 1.000000e-01, 0, 0.011978, 1.732360e-03 
5.640403e-01, 3.010409e-03, 7.873019e-06, 7.435629e-05, 6.123459e-06, 2.909226e-03, 1.195533e-05, 8.747799e-07, 1.173736e-02, 1.884996e-03, 0.000000e+00, 0.000000, 1.000000e-01, 0, 0.011737, 1.884996e-03 
5.670440e-01, 3.003703e-03, 8.456206e-06, 7.873019e-05, 6.706646e-06, 2.896688e-03, 1.224692e-05, 8.747799e-07, 1.147395e-02, 2.057057e-03, 0.000000e+00, 0.000000, 1.000000e-01, 0, 0.011474, 2.057057e-03 
5.700731e-01, 3.029071e-03, 8.456206e-06, 7.902179e-05, 6.998239e-06, 2.921765e-03, 1.195533e-05, 8.747799e-07, 1.136648e-02, 2.051096e-03, 0.000000e+00, 0.000000, 1.000000e-01, 0, 0.011366, 2.051096e-03 
5.730873e-01, 3.014200e-03, 7.873019e-06, 7.260673e-05, 6.123459e-06, 2.914475e-03, 1.195533e-05, 1.166373e-06, 1.106070e-02, 1.781173e-03, 0.000000e+00, 0.000000, 1.000000e-01, 0, 0.011061, 1.781173e-03 
5.760700e-01, 2.982708e-03, 9.039393e-06, 7.873019e-05, 6.415053e-06, 2.876568e-03, 1.108055e-05, 8.747799e-07, 1.087325e-02, 1.845481e-03, 0.000000e+00, 0.000000, 1.000000e-01, 0, 0.010873, 1.845481e-03 
5.790693e-01, 2.999329e-03, 9.039393e-06, 7.960497e-05, 6.706646e-06, 2.891148e-03, 1.195533e-05, 8.747799e-07, 1.072211e-02, 1.986785e-03, 0.000000e+00, 0.000000, 1.000000e-01, 0, 0.010722, 1.986785e-03 
5.820713e-01, 3.001953e-03, 8.747799e-06, 7.873019e-05, 6.706646e-06, 2.894355e-03, 1.224692e-05, 1.166373e-06, 1.046216e-02, 1.821832e-03, 0.000000e+00, 0.000000, 1.000000e-01, 0, 0.010462, 1.821832e-03 
5.850700e-01, 2.998746e-03, 8.456206e-06, 7.873019e-05, 6.415053e-06, 2.892314e-03, 1.195533e-05, 8.747799e-07, 9.974234e-03, 1.385365e-03, 0.000000e+00, 0.000000, 1.000000e-01, 0, 0.009974, 1.385365e-03 
5.881032e-01, 3.033154e-03, 7.873019e-06, 7.318992e-05, 6.123459e-06, 2.934012e-03, 1.108055e-05, 8.747799e-07, 9.706419e-03, 1.485919e-03, 0.000000e+00, 0.000000, 1.000000e-01, 0, 0.009706, 1.485919e-03 
5.911981e-01, 3.094971e-03, 8.456206e-06, 7.931338e-05, 6.706646e-06, 2.987665e-03, 1.195533e-05, 8.747799e-07, 9.382949e-03, 1.180021e-03, 0.000000e+00, 0.000000, 1.000000e-01, 0, 0.009383, 1.180021e-03 
5.941727e-01, 2.974543e-03, 8.747799e-06, 8.689481e-05, 6.123459e-06, 2.859947e-03, 1.195533e-05, 8.747799e-07, 9.227204e-03, 1.158940e-03, 0.000000e+00, 0.000000, 1.000000e-01, 0, 0.009227, 1.158940e-03 
5.972111e-01, 3.038402e-03, 8.456206e-06, 7.873019e-05, 6.706646e-06, 2.932845e-03, 1.078895e-05, 8.747799e-07, 9.172440e-03, 1.180414e-03, 0.000000e+00, 0.000000, 1.000000e-01, 0, 0.009172, 1.180414e-03 
6.003469e-01, 3.135794e-03, 7.873019e-06, 7.260673e-05, 5.831866e-06, 3.036944e-03, 1.166373e-05, 8.747799e-07, 8.864458e-03, 1.145915e-03, 0.000000e+00, 0.000000, 1.000000e-01, 0, 0.008864, 1.145915e-03 
6.031517e-01, 2.804836e-03, 8.164613e-06, 7.289833e-05, 6.123459e-06, 2.705694e-03, 1.108055e-05, 8.747799e-07, 8.778065e-03, 1.192900e-03, 0.000000e+00, 0.000000, 1.000000e-01, 0, 0.008778, 1.192900e-03 
6.060510e-01, 2.899312e-03, 7.873019e-06, 7.318992e-05, 6.123459e-06, 2.799004e-03, 1.224692e-05, 8.747799e-07, 8.497990e-03, 1.118680e-03, 0.000000e+00, 0.000000, 1.000000e-01, 0, 0.008498, 1.118680e-03 
6.090194e-01, 2.968420e-03, 8.747799e-06, 7.873019e-05, 6.415053e-06, 2.862571e-03, 1.108055e-05, 8.747799e-07, 8.258442e-03, 1.085142e-03, 0.000000e+00, 0.000000, 1.000000e-01, 0, 0.008258, 1.085142e-03 
6.119692e-01, 2.949758e-03, 8.456206e-06, 7.260673e-05, 6.123459e-06, 2.850616e-03, 1.108055e-05, 8.747799e-07, 8.233859e-03, 1.080300e-03, 0.000000e+00, 0.000000, 1.000000e-01, 0, 0.008234, 1.080300e-03 
6.148134e-01, 2.844201e-03, 8.164613e-06, 7.377311e-05, 6.123459e-06, 2.744185e-03, 1.108055e-05, 8.747799e-07, 8.077975e-03, 1.040862e-03, 0.000000e+00, 0.000000, 1.000000e-01, 0, 0.008078, 1.040862e-03 
6.176955e-01, 2.882108e-03, 8.164613e-06, 7.202355e-05, 5.831866e-06, 2.784133e-03, 1.108055e-05, 8.747799e-07, 7.852959e-03, 1.041785e-03, 0.000000e+00, 0.000000, 1.000000e-01, 0, 0.007853, 1.041785e-03 
6.239394e-01, 6.243887e-03, 7.873019e-06, 7.289833e-05, 5.831866e-06, 6.140663e-03, 1.516285e-05, 1.457967e-06, 7.621406e-03, 1.028981e-03, 0.000000e+00, 0.000000, 1.000000e-01, 0, 0.007621, 1.028981e-03 
6.276703e-01, 3.730936e-03, 1.166373e-05, 1.043904e-04, 9.039393e-06, 3.590680e-03, 1.399648e-05, 1.166373e-06, 7.436336e-03, 9.735249e-04, 0.000000e+00, 0.000000, 1.000000e-01, 0, 0.007436, 9.735249e-04 
6.312231e-01, 3.552773e-03, 1.020577e-05, 9.447623e-05, 7.873019e-06, 3.425055e-03, 1.370489e-05, 1.457967e-06, 7.277977e-03, 9.517257e-04, 0.000000e+00, 0.000000, 1.000000e-01, 0, 0.007278, 9.517257e-04 
6.347578e-01, 3.534694e-03, 1.049736e-05, 9.418464e-05, 7.289833e-06, 3.407851e-03, 1.370489e-05, 1.166373e-06, 7.198767e-03, 9.697540e-04, 0.000000e+00, 0.000000, 1.000000e-01, 0, 0.007199, 9.697540e-04 
6.385654e-01, 3.807625e-03, 1.224692e-05, 9.972491e-05, 7.289833e-06, 3.673492e-03, 1.370489e-05, 1.166373e-06, 7.078092e-03, 9.602728e-04, 0.000000e+00, 0.000000, 1.000000e-01, 0, 0.007078, 9.602728e-04 
6.421675e-01, 3.602052e-03, 9.914172e-06, 9.068552e-05, 7.581426e-06, 3.477250e-03, 1.545445e-05, 1.166373e-06, 6.896816e-03, 9.675482e-04, 0.000000e+00, 0.000000, 1.000000e-01, 0, 0.006897, 9.675482e-04 
6.470368e-01, 4.869317e-03, 1.108055e-05, 1.011829e-04, 8.164613e-06, 4.734309e-03, 1.341329e-05, 1.166373e-06, 6.737973e-03, 9.615075e-04, 0.000000e+00, 0.000000, 1.000000e-01, 0, 0.006738, 9.615075e-04 
6.528033e-01, 5.766549e-03, 1.108055e-05, 9.593420e-05, 9.330986e-06, 5.634166e-03, 1.487126e-05, 1.166373e-06, 6.576317e-03, 9.107364e-04, 0.000000e+00, 0.000000, 1.000000e-01, 0, 0.006576, 9.107364e-04 
6.566110e-01, 3.807625e-03, 1.137214e-05, 9.330986e-05, 8.456206e-06, 3.679324e-03, 1.399648e-05, 1.166373e-06, 6.453996e-03, 8.903333e-04, 0.000000e+00, 0.000000, 1.000000e-01, 0, 0.006454, 8.903333e-04 
6.608980e-01, 4.287005e-03, 1.078895e-05, 1.040988e-04, 8.456206e-06, 4.147040e-03, 1.545445e-05, 1.166373e-06, 6.350115e-03, 8.793799e-04, 0.000000e+00, 0.000000, 1.000000e-01, 0, 0.006350, 8.793799e-04 
6.702191e-01, 9.321072e-03, 1.166373e-05, 1.003081e-04, 8.164613e-06, 9.181982e-03, 1.720401e-05, 1.749560e-06, 6.217277e-03, 9.062888e-04, 0.000000e+00, 0.000000, 1.000000e-01, 0, 0.006217, 9.062888e-04 
6.754771e-01, 5.258011e-03, 1.778719e-05, 9.917088e-04, 1.399648e-05, 4.219647e-03, 1.399648e-05, 8.747799e-07, 6.156239e-03, 8.859682e-04, 0.000000e+00, 0.000000, 1.000000e-01, 0, 0.006156, 8.859682e-04 
6.791021e-01, 3.625088e-03, 1.020577e-05, 8.135453e-05, 7.581426e-06, 3.511075e-03, 1.370489e-05, 1.166373e-06, 5.953914e-03, 8.962892e-04, 0.000000e+00, 0.000000, 1.000000e-01, 0, 0.005954, 8.962892e-04 
6.825491e-01, 3.446924e-03, 1.020577e-05, 9.330986e-05, 7.289833e-06, 3.321248e-03, 1.370489e-05, 1.166373e-06, 5.769754e-03, 7.799299e-04, 0.000000e+00, 0.000000, 1.000000e-01, 0, 0.005770, 7.799299e-04 
6.945773e-01, 1.202822e-02, 1.049736e-05, 1.740812e-04, 9.330986e-06, 1.181624e-02, 1.662082e-05, 1.457967e-06, 5.649086e-03, 8.004358e-04, 0.000000e+00, 0.000000, 1.000000e-01, 0, 0.005649, 8.004358e-04 
6.984642e-01, 3.886939e-03, 1.283011e-05, 9.855854e-05, 9.622579e-06, 3.749890e-03, 1.487126e-05, 1.166373e-06, 5.551140e-03, 8.315911e-04, 0.000000e+00, 0.000000, 1.000000e-01, 0, 0.005551, 8.315911e-04 
7.027579e-01, 4.293711e-03, 1.020577e-05, 9.156030e-05, 7.873019e-06, 4.162494e-03, 2.041153e-05, 1.166373e-06, 5.413165e-03, 7.672121e-04, 0.000000e+00, 0.000000, 1.000000e-01, 0, 0.005413, 7.672121e-04 
7.067268e-01, 3.968876e-03, 1.428807e-05, 1.108055e-04, 9.039393e-06, 3.818123e-03, 1.545445e-05, 1.166373e-06, 5.267951e-03, 7.475913e-04, 0.000000e+00, 0.000000, 1.000000e-01, 0, 0.005268, 7.475913e-04 
7.104560e-01, 3.729187e-03, 1.137214e-05, 1.023493e-04, 7.873019e-06, 3.591555e-03, 1.457967e-05, 1.457967e-06, 5.239671e-03, 7.605361e-04, 0.000000e+00, 0.000000, 1.000000e-01, 0, 0.005240, 7.605361e-04 
7.140636e-01, 3.607592e-03, 1.049736e-05, 9.680898e-05, 7.873019e-06, 3.480166e-03, 1.137214e-05, 8.747799e-07, 5.207947e-03, 7.493153e-04, 0.000000e+00, 0.000000, 1.000000e-01, 0, 0.005208, 7.493153e-04 
7.169008e-01, 2.837203e-03, 8.456206e-06, 7.289833e-05, 5.831866e-06, 2.737770e-03, 1.137214e-05, 8.747799e-07, 5.139663e-03, 7.363330e-04, 0.000000e+00, 0.000000, 1.000000e-01, 0, 0.005140, 7.363330e-04 
7.204154e-01, 3.514574e-03, 7.873019e-06, 7.318992e-05, 6.415053e-06, 3.408143e-03, 1.749560e-05, 1.457967e-06, 4.997248e-03, 6.961986e-04, 0.000000e+00, 0.000000, 1.000000e-01, 0, 0.004997, 6.961986e-04 
7.321196e-01, 1.170426e-02, 9.914172e-06, 7.581426e-05, 6.998239e-06, 1.158267e-02, 2.711818e-05, 1.749560e-06, 4.890542e-03, 7.095822e-04, 0.000000e+00, 0.000000, 1.000000e-01, 0, 0.004891, 7.095822e-04 
7.355785e-01, 3.458880e-03, 1.283011e-05, 1.090559e-04, 9.039393e-06, 3.314833e-03, 1.224692e-05, 8.747799e-07, 4.807190e-03, 6.749949e-04, 0.000000e+00, 0.000000, 1.000000e-01, 0, 0.004807, 6.749949e-04 
7.384221e-01, 2.843618e-03, 8.164613e-06, 7.902179e-05, 6.706646e-06, 2.737478e-03, 1.137214e-05, 8.747799e-07, 4.727311e-03, 6.565637e-04, 0.000000e+00, 0.000000, 1.000000e-01, 0, 0.004727, 6.565637e-04 
7.411993e-01, 2.777135e-03, 7.873019e-06, 7.173195e-05, 6.123459e-06, 2.679742e-03, 1.108055e-05, 5.831866e-07, 4.623380e-03, 6.526127e-04, 0.000000e+00, 0.000000, 1.000000e-01, 0, 0.004623, 6.526127e-04 
7.439951e-01, 2.795797e-03, 7.873019e-06, 7.377311e-05, 5.831866e-06, 2.696072e-03, 1.137214e-05, 8.747799e-07, 4.438087e-03, 6.469599e-04, 0.000000e+00, 0.000000, 1.000000e-01, 0, 0.004438, 6.469599e-04 
7.467824e-01, 2.787340e-03, 9.622579e-06, 7.348151e-05, 6.123459e-06, 2.685866e-03, 1.137214e-05, 8.747799e-07, 4.371753e-03, 6.363506e-04, 0.000000e+00, 0.000000, 1.000000e-01, 0, 0.004372, 6.363506e-04 
7.497275e-01, 2.945092e-03, 7.873019e-06, 7.377311e-05, 6.123459e-06, 2.839827e-03, 1.632923e-05, 1.166373e-06, 4.307145e-03, 6.115497e-04, 0.000000e+00, 0.000000, 1.000000e-01, 0, 0.004307, 6.115497e-04 
7.526843e-01, 2.956756e-03, 8.747799e-06, 7.814701e-05, 6.415053e-06, 2.851491e-03, 1.108055e-05, 8.747799e-07, 4.245878e-03, 6.039795e-04, 0.000000e+00, 0.000000, 1.000000e-01, 0, 0.004246, 6.039795e-04 
7.556060e-01, 2.921765e-03, 7.873019e-06, 7.231514e-05, 6.123459e-06, 2.822623e-03, 1.195533e-05, 8.747799e-07, 4.155943e-03, 5.984901e-04, 0.000000e+00, 0.000000, 1.000000e-01, 0, 0.004156, 5.984901e-04 
7.586217e-01, 3.015658e-03, 7.873019e-06, 7.289833e-05, 5.831866e-06, 2.915933e-03, 1.224692e-05, 8.747799e-07, 3.969892e-03, 5.576566e-04, 0.000000e+00, 0.000000, 1.000000e-01, 0, 0.003970, 5.576566e-04 
7.616274e-01, 3.005744e-03, 8.456206e-06, 7.960497e-05, 6.706646e-06, 2.899021e-03, 1.108055e-05, 8.747799e-07, 3.864707e-03, 5.483021e-04, 0.000000e+00, 0.000000, 1.000000e-01, 0, 0.003865, 5.483021e-04 
7.646822e-01, 3.054731e-03, 1.574604e-05, 7.960497e-05, 6.415053e-06, 2.939844e-03, 1.224692e-05, 8.747799e-07, 3.812964e-03, 5.414310e-04, 0.000000e+00, 0.000000, 1.000000e-01, 0, 0.003813, 5.414310e-04 
7.678042e-01, 3.122090e-03, 8.747799e-06, 7.873019e-05, 6.706646e-06, 3.014783e-03, 1.224692e-05, 8.747799e-07, 3.727879e-03, 5.443574e-04, 0.000000e+00, 0.000000, 1.000000e-01, 0, 0.003728, 5.443574e-04 
7.708007e-01, 2.996413e-03, 8.164613e-06, 7.231514e-05, 6.123459e-06, 2.896688e-03, 1.224692e-05, 8.747799e-07, 3.671088e-03, 5.435932e-04, 0.000000e+00, 0.000000, 1.000000e-01, 0, 0.003671, 5.435932e-04 
7.737309e-01, 2.930221e-03, 8.456206e-06, 8.193772e-05, 1.574604e-05, 2.810959e-03, 1.224692e-05, 8.747799e-07, 3.498586e-03, 5.028255e-04, 0.000000e+00, 0.000000, 1.000000e-01, 0, 0.003499, 5.028255e-04 
7.766917e-01, 2.960838e-03, 8.164613e-06, 7.902179e-05, 6.415053e-06, 2.854990e-03, 1.137214e-05, 8.747799e-07, 3.342602e-03, 4.768677e-04, 0.000000e+00, 0.000000, 1.000000e-01, 0, 0.003343, 4.768677e-04 
7.796881e-01, 2.996413e-03, 8.747799e-06, 7.902179e-05, 6.706646e-06, 2.888815e-03, 1.224692e-05, 8.747799e-07, 3.310167e-03, 4.899578e-04, 0.000000e+00, 0.000000, 1.000000e-01, 0, 0.003310, 4.899578e-04 
7.827469e-01, 3.058814e-03, 8.747799e-06, 7.873019e-05, 6.415053e-06, 2.951799e-03, 1.224692e-05, 8.747799e-07, 3.165932e-03, 4.591036e-04, 0.000000e+00, 0.000000, 1.000000e-01, 0, 0.003166, 4.591036e-04 
7.857439e-01, 2.996996e-03, 8.747799e-06, 8.018816e-05, 6.706646e-06, 2.889398e-03, 1.108055e-05, 8.747799e-07, 3.147033e-03, 4.790990e-04, 0.000000e+00, 0.000000, 1.000000e-01, 0, 0.003147, 4.790990e-04 
7.888541e-01, 3.110134e-03, 8.164613e-06, 8.864437e-05, 6.415053e-06, 2.993788e-03, 1.224692e-05, 8.747799e-07, 3.046873e-03, 4.561808e-04, 0.000000e+00, 0.000000, 1.000000e-01, 0, 0.003047, 4.561808e-04 
7.918794e-01, 3.025281e-03, 8.747799e-06, 7.989657e-05, 6.706646e-06, 2.916808e-03, 1.224692e-05, 8.747799e-07, 2.957082e-03, 4.389996e-04, 0.000000e+00, 0.000000, 1.000000e-01, 0, 0.002957, 4.389996e-04 
7.949259e-01, 3.046567e-03, 8.747799e-06, 7.873019e-05, 6.415053e-06, 2.939552e-03, 1.224692e-05, 8.747799e-07, 2.925435e-03, 4.392268e-04, 0.000000e+00, 0.000000, 1.000000e-01, 0, 0.002925, 4.392268e-04 
7.981865e-01, 3.260596e-03, 8.747799e-06, 7.960497e-05, 6.415053e-06, 3.151832e-03, 1.224692e-05, 1.749560e-06, 2.933527e-03, 4.521290e-04, 0.000000e+00, 0.000000, 5.000000e-02, 0, 0.002934, 4.521290e-04 
8.012220e-01, 3.035486e-03, 9.039393e-06, 7.902179e-05, 6.706646e-06, 2.927888e-03, 1.195533e-05, 8.747799e-07, 2.787857e-03, 4.158500e-04, 0.000000e+00, 0.000000, 5.000000e-02, 0, 0.002788, 4.158500e-04 
8.042645e-01, 3.042485e-03, 8.456206e-06, 7.931338e-05, 6.706646e-06, 2.935178e-03, 1.195533e-05, 8.747799e-07, 2.762785e-03, 4.120889e-04, 0.000000e+00, 0.000000, 5.000000e-02, 0, 0.002763, 4.120889e-04 
8.072877e-01, 3.023239e-03, 8.456206e-06, 7.960497e-05, 6.706646e-06, 2.915350e-03, 1.224692e-05, 8.747799e-07, 2.729788e-03, 4.019327e-04, 0.000000e+00, 0.000000, 5.000000e-02, 0, 0.002730, 4.019327e-04 
8.103626e-01, 3.074851e-03, 8.456206e-06, 7.873019e-05, 6.706646e-06, 2.967545e-03, 1.224692e-05, 1.166373e-06, 2.663978e-03, 3.916351e-04, 0.000000e+00, 0.000000, 5.000000e-02, 0, 0.002664, 3.916351e-04 
8.137153e-01, 3.352740e-03, 8.747799e-06, 7.902179e-05, 6.415053e-06, 3.245434e-03, 1.195533e-05, 1.166373e-06, 2.644202e-03, 3.962158e-04, 0.000000e+00, 0.000000, 5.000000e-02, 0, 0.002644, 3.962158e-04 
8.169199e-01, 3.204610e-03, 1.283011e-05, 9.564260e-05, 7.581426e-06, 3.075143e-03, 1.253851e-05, 8.747799e-07, 2.585630e-03, 3.841482e-04, 0.000000e+00, 0.000000, 5.000000e-02, 0, 0.002586, 3.841482e-04 
8.199172e-01, 2.997288e-03, 8.747799e-06, 7.960497e-05, 6.415053e-06, 2.889690e-03, 1.195533e-05, 8.747799e-07, 2.575045e-03, 3.959530e-04, 0.000000e+00, 0.000000, 5.000000e-02, 0, 0.002575, 3.959530e-04 
8.229635e-01, 3.046275e-03, 8.456206e-06, 7.873019e-05, 6.706646e-06, 2.939261e-03, 1.195533e-05, 1.166373e-06, 2.547624e-03, 3.867657e-04, 0.000000e+00, 0.000000, 5.000000e-02, 0, 0.002548, 3.867657e-04 
8.259940e-01, 3.030529e-03, 8.747799e-06, 7.931338e-05, 6.706646e-06, 2.922640e-03, 1.224692e-05, 8.747799e-07, 2.507926e-03, 3.768300e-04, 0.000000e+00, 0.000000, 5.000000e-02, 0, 0.002508, 3.768300e-04 
8.292494e-01, 3.255348e-03, 8.456206e-06, 7.902179e-05, 6.415053e-06, 3.148041e-03, 1.253851e-05, 8.747799e-07, 2.485707e-03, 3.781575e-04, 0.000000e+00, 0.000000, 5.000000e-02, 0, 0.002486, 3.781575e-04 
8.323239e-01, 3.074560e-03, 9.039393e-06, 7.785541e-05, 6.706646e-06, 2.967837e-03, 1.195533e-05, 1.166373e-06, 2.420887e-03, 3.597120e-04, 0.000000e+00, 0.000000, 5.000000e-02, 0, 0.002421, 3.597120e-04 
8.353288e-01, 3.004869e-03, 8.456206e-06, 7.902179e-05, 6.415053e-06, 2.898437e-03, 1.166373e-05, 8.747799e-07, 2.399678e-03, 3.530759e-04, 0.000000e+00, 0.000000, 5.000000e-02, 0, 0.002400, 3.530759e-04 
8.383348e-01, 3.006035e-03, 8.456206e-06, 7.814701e-05, 6.415053e-06, 2.900479e-03, 1.166373e-05, 8.747799e-07, 2.346374e-03, 3.451082e-04, 0.000000e+00, 0.000000, 5.000000e-02, 0, 0.002346, 3.451082e-04 
8.413339e-01, 2.999037e-03, 8.456206e-06, 7.814701e-05, 6.415053e-06, 2.893189e-03, 1.224692e-05, 5.831866e-07, 2.312008e-03, 3.407836e-04, 0.000000e+00, 0.000000, 5.000000e-02, 0, 0.002312, 3.407836e-04 
8.446009e-01, 3.267011e-03, 8.747799e-06, 7.814701e-05, 6.415053e-06, 3.160288e-03, 1.224692e-05, 1.166373e-06, 2.281454e-03, 3.388665e-04, 0.000000e+00, 0.000000, 5.000000e-02, 0, 0.002281, 3.388665e-04 
8.476253e-01, 3.024406e-03, 8.747799e-06, 7.873019e-05, 6.706646e-06, 2.917391e-03, 1.195533e-05, 8.747799e-07, 2.255908e-03, 3.374458e-04, 0.000000e+00, 0.000000, 5.000000e-02, 0, 0.002256, 3.374458e-04 
8.512256e-01, 3.600303e-03, 9.330986e-06, 8.077135e-05, 6.998239e-06, 3.483082e-03, 1.807879e-05, 2.041153e-06, 2.226412e-03, 3.352228e-04, 0.000000e+00, 0.000000, 5.000000e-02, 0, 0.002226, 3.352228e-04 
8.546644e-01, 3.438760e-03, 1.020577e-05, 8.164613e-05, 7.289833e-06, 3.325913e-03, 1.283011e-05, 8.747799e-07, 2.213548e-03, 3.337287e-04, 0.000000e+00, 0.000000, 5.000000e-02, 0, 0.002214, 3.337287e-04 
8.584513e-01, 3.786922e-03, 9.914172e-06, 8.193772e-05, 7.581426e-06, 3.672909e-03, 1.341329e-05, 1.166373e-06, 2.187594e-03, 3.321478e-04, 0.000000e+00, 0.000000, 5.000000e-02, 0, 0.002188, 3.321478e-04 
8.619895e-01, 3.538193e-03, 9.330986e-06, 8.222931e-05, 7.289833e-06, 3.422431e-03, 1.574604e-05, 1.166373e-06, 2.165781e-03, 3.325547e-04, 0.000000e+00, 0.000000, 5.000000e-02, 0, 0.002166, 3.325547e-04 
8.664024e-01, 4.412973e-03, 1.283011e-05, 1.058484e-04, 1.137214e-05, 4.265427e-03, 1.632923e-05, 1.166373e-06, 2.113554e-03, 3.249918e-04, 0.000000e+00, 0.000000, 5.000000e-02, 0, 0.002114, 3.249918e-04 
8.699949e-01, 3.592430e-03, 1.632923e-05, 1.224692e-04, 9.622579e-06, 3.430595e-03, 1.253851e-05, 8.747799e-07, 2.085637e-03, 3.199834e-04, 0.000000e+00, 0.000000, 5.000000e-02, 0, 0.002086, 3.199834e-04 
8.738378e-01, 3.842908e-03, 9.039393e-06, 1.169289e-04, 1.399648e-05, 3.689530e-03, 1.224692e-05, 1.166373e-06, 2.073480e-03, 3.200549e-04, 0.000000e+00, 0.000000, 5.000000e-02, 0, 0.002073, 3.200549e-04 
8.770094e-01, 3.171660e-03, 9.622579e-06, 8.077135e-05, 6.998239e-06, 3.061147e-03, 1.224692e-05, 8.747799e-07, 2.066484e-03, 3.279313e-04, 0.000000e+00, 0.000000, 5.000000e-02, 0, 0.002066, 3.279313e-04 
8.802610e-01, 3.251557e-03, 8.747799e-06, 7.873019e-05, 6.706646e-06, 3.143959e-03, 1.224692e-05, 1.166373e-06, 2.047959e-03, 3.220051e-04, 0.000000e+00, 0.000000, 5.000000e-02, 0, 0.002048, 3.220051e-04 
8.833116e-01, 3.050649e-03, 8.164613e-06, 7.260673e-05, 6.123459e-06, 2.951216e-03, 1.166373e-05, 8.747799e-07, 1.994549e-03, 3.035750e-04, 0.000000e+00, 0.000000, 5.000000e-02, 0, 0.001995, 3.035750e-04 
8.863232e-01, 3.011576e-03, 9.914172e-06, 7.785541e-05, 6.415053e-06, 2.904561e-03, 1.195533e-05, 8.747799e-07, 1.971820e-03, 3.056066e-04, 0.000000e+00, 0.000000, 5.000000e-02, 0, 0.001972, 3.056066e-04 
8.900361e-01, 3.712858e-03, 8.456206e-06, 1.017661e-04, 8.747799e-06, 3.581057e-03, 1.195533e-05, 8.747799e-07, 1.949765e-03, 3.030675e-04, 0.000000e+00, 0.000000, 5.000000e-02, 0, 0.001950, 3.030675e-04 
8.930584e-01, 3.022365e-03, 8.456206e-06, 7.902179e-05, 6.415053e-06, 2.915641e-03, 1.195533e-05, 8.747799e-07, 1.939117e-03, 3.055326e-04, 0.000000e+00, 0.000000, 5.000000e-02, 0, 0.001939, 3.055326e-04 
8.961243e-01, 3.065812e-03, 7.873019e-06, 7.260673e-05, 6.123459e-06, 2.962296e-03, 1.545445e-05, 1.457967e-06, 1.926889e-03, 3.019576e-04, 0.000000e+00, 0.000000, 5.000000e-02, 0, 0.001927, 3.019576e-04 
9.000666e-01, 3.942342e-03, 1.457967e-05, 1.084727e-04, 1.078895e-05, 3.791005e-03, 1.632923e-05, 1.166373e-06, 1.913454e-03, 3.063339e-04, 0.000000e+00, 0.000000, 5.000000e-02, 0, 0.001913, 3.063339e-04 
9.054398e-01, 5.373190e-03, 1.428807e-05, 1.163457e-04, 9.330986e-06, 5.212522e-03, 1.924516e-05, 1.457967e-06, 1.862354e-03, 2.904413e-04, 0.000000e+00, 0.000000, 5.000000e-02, 0, 0.001862, 2.904413e-04 
9.085966e-01, 3.156789e-03, 9.914172e-06, 8.047975e-05, 7.289833e-06, 3.045984e-03, 1.224692e-05, 8.747799e-07, 1.851005e-03, 2.877548e-04, 0.000000e+00, 0.000000, 5.000000e-02, 0, 0.001851, 2.877548e-04 
9.116195e-01, 3.022948e-03, 8.456206e-06, 7.873019e-05, 6.998239e-06, 2.915933e-03, 1.195533e-05, 8.747799e-07, 1.804216e-03, 2.743766e-04, 0.000000e+00, 0.000000, 5.000000e-02, 0, 0.001804, 2.743766e-04 
9.146410e-01, 3.021490e-03, 8.456206e-06, 7.843860e-05, 6.998239e-06, 2.914767e-03, 1.195533e-05, 8.747799e-07, 1.790238e-03, 2.719063e-04, 0.000000e+00, 0.000000, 5.000000e-02, 0, 0.001790, 2.719063e-04 
9.177832e-01, 3.142209e-03, 8.456206e-06, 7.873019e-05, 6.415053e-06, 3.035778e-03, 1.195533e-05, 8.747799e-07, 1.744774e-03, 2.655848e-04, 0.000000e+00, 0.000000, 5.000000e-02, 0, 0.001745, 2.655848e-04 
9.208146e-01, 3.031404e-03, 8.456206e-06, 8.193772e-05, 6.706646e-06, 2.920599e-03, 1.283011e-05, 8.747799e-07, 1.706557e-03, 2.632130e-04, 0.000000e+00, 0.000000, 5.000000e-02, 0, 0.001707, 2.632130e-04 
9.238358e-01, 3.021198e-03, 8.456206e-06, 8.047975e-05, 6.415053e-06, 2.913309e-03, 1.166373e-05, 8.747799e-07, 1.688212e-03, 2.552851e-04, 0.000000e+00, 0.000000, 5.000000e-02, 0, 0.001688, 2.552851e-04 
9.268433e-01, 3.007493e-03, 8.456206e-06, 8.572843e-05, 6.415053e-06, 2.894064e-03, 1.195533e-05, 8.747799e-07, 1.678261e-03, 2.543430e-04, 0.000000e+00, 0.000000, 5.000000e-02, 0, 0.001678, 2.543430e-04 
9.298564e-01, 3.013034e-03, 8.456206e-06, 7.873019e-05, 6.415053e-06, 2.906894e-03, 1.166373e-05, 8.747799e-07, 1.639929e-03, 2.468952e-04, 0.000000e+00, 0.000000, 5.000000e-02, 0, 0.001640, 2.468952e-04 
9.328898e-01, 3.033445e-03, 8.456206e-06, 7.902179e-05, 6.415053e-06, 2.926430e-03, 1.224692e-05, 8.747799e-07, 1.601855e-03, 2.411030e-04, 0.000000e+00, 0.000000, 5.000000e-02, 0, 0.001602, 2.411030e-04 
9.363504e-01, 3.460629e-03, 8.456206e-06, 8.252091e-05, 6.415053e-06, 3.349824e-03, 1.253851e-05, 8.747799e-07, 1.578300e-03, 2.391790e-04, 0.000000e+00, 0.000000, 5.000000e-02, 0, 0.001578, 2.391790e-04 
9.394781e-01, 3.127630e-03, 9.039393e-06, 7.931338e-05, 6.706646e-06, 3.019449e-03, 1.224692e-05, 8.747799e-07, 1.561316e-03, 2.357328e-04, 0.000000e+00, 0.000000, 5.000000e-02, 0, 0.001561, 2.357328e-04 
9.425030e-01, 3.024989e-03, 8.456206e-06, 7.843860e-05, 6.415053e-06, 2.918849e-03, 1.195533e-05, 8.747799e-07, 1.550840e-03, 2.344454e-04, 0.000000e+00, 0.000000, 5.000000e-02, 0, 0.001551, 2.344454e-04 
9.456190e-01, 3.115966e-03, 1.108055e-05, 8.164613e-05, 6.706646e-06, 3.003411e-03, 1.224692e-05, 8.747799e-07, 1.538987e-03, 2.325201e-04, 0.000000e+00, 0.000000, 5.000000e-02, 0, 0.001539, 2.325201e-04 
9.486606e-01, 3.041610e-03, 8.456206e-06, 7.989657e-05, 6.415053e-06, 2.933720e-03, 1.224692e-05, 8.747799e-07, 1.529081e-03, 2.311053e-04, 0.000000e+00, 0.000000, 5.000000e-02, 0, 0.001529, 2.311053e-04 
9.518145e-01, 3.153873e-03, 8.164613e-06, 7.814701e-05, 6.415053e-06, 3.048316e-03, 1.195533e-05, 8.747799e-07, 1.519072e-03, 2.299730e-04, 0.000000e+00, 0.000000, 5.000000e-02, 0, 0.001519, 2.299730e-04 
9.548369e-01, 3.022365e-03, 8.747799e-06, 7.902179e-05, 6.415053e-06, 2.915350e-03, 1.195533e-05, 8.747799e-07, 1.498882e-03, 2.301056e-04, 0.000000e+00, 0.000000, 5.000000e-02, 0, 0.001499, 2.301056e-04 
9.578307e-01, 2.993788e-03, 8.456206e-06, 7.873019e-05, 6.415053e-06, 2.887357e-03, 1.195533e-05, 8.747799e-07, 1.480464e-03, 2.284228e-04, 0.000000e+00, 0.000000, 5.000000e-02, 0, 0.001480, 2.284228e-04 
9.608253e-01, 2.994663e-03, 8.456206e-06, 7.873019e-05, 6.706646e-06, 2.887940e-03, 1.195533e-05, 8.747799e-07, 1.471663e-03, 2.295206e-04, 0.000000e+00, 0.000000, 5.000000e-02, 0, 0.001472, 2.295206e-04 
9.637949e-01, 2.969586e-03, 7.873019e-06, 7.289833e-05, 6.123459e-06, 2.869861e-03, 1.195533e-05, 8.747799e-07, 1.463023e-03, 2.354784e-04, 0.000000e+00, 0.000000, 5.000000e-02, 0, 0.001463, 2.354784e-04 
9.667744e-01, 2.979500e-03, 8.747799e-06, 7.843860e-05, 6.706646e-06, 2.872486e-03, 1.224692e-05, 8.747799e-07, 1.422652e-03, 2.225073e-04, 0.000000e+00, 0.000000, 5.000000e-02, 0, 0.001423, 2.225073e-04 
9.698630e-01, 3.088556e-03, 8.747799e-06, 7.814701e-05, 6.706646e-06, 2.982125e-03, 1.195533e-05, 8.747799e-07, 1.406062e-03, 2.215708e-04, 0.000000e+00, 0.000000, 5.000000e-02, 0, 0.001406, 2.215708e-04 
9.731224e-01, 3.259430e-03, 8.456206e-06, 7.843860e-05, 6.415053e-06, 3.153290e-03, 1.195533e-05, 8.747799e-07, 1.398350e-03, 2.206314e-04, 0.000000e+00, 0.000000, 5.000000e-02, 0, 0.001398, 2.206314e-04 
9.761494e-01, 3.027030e-03, 9.330986e-06, 8.951915e-05, 6.706646e-06, 2.908935e-03, 1.166373e-05, 8.747799e-07, 1.381663e-03, 2.199025e-04, 0.000000e+00, 0.000000, 5.000000e-02, 0, 0.001382, 2.199025e-04 
9.798442e-01, 3.694779e-03, 8.456206e-06, 7.931338e-05, 6.415053e-06, 3.584265e-03, 1.516285e-05, 1.166373e-06, 1.345651e-03, 2.110314e-04, 0.000000e+00, 0.000000, 5.000000e-02, 0, 0.001346, 2.110314e-04 
9.832415e-01, 3.397354e-03, 1.137214e-05, 1.026408e-04, 7.873019e-06, 3.262929e-03, 1.137214e-05, 1.166373e-06, 1.340308e-03, 2.131129e-04, 0.000000e+00, 0.000000, 5.000000e-02, 0, 0.001340, 2.131129e-04 
9.861764e-01, 2.934887e-03, 8.747799e-06, 7.318992e-05, 6.415053e-06, 2.834579e-03, 1.108055e-05, 8.747799e-07, 1.332552e-03, 2.115991e-04, 0.000000e+00, 0.000000, 5.000000e-02, 0, 0.001333, 2.115991e-04 
9.891638e-01, 2.987373e-03, 7.873019e-06, 7.581426e-05, 6.123459e-06, 2.884733e-03, 1.195533e-05, 8.747799e-07, 1.329016e-03, 2.146509e-04, 0.000000e+00, 0.000000, 5.000000e-02, 0, 0.001329, 2.146509e-04 
9.922191e-01, 3.055315e-03, 8.747799e-06, 7.843860e-05, 6.415053e-06, 2.948300e-03, 1.224692e-05, 1.166373e-06, 1.294275e-03, 2.069840e-04, 0.000000e+00, 0.000000, 5.000000e-02, 0, 0.001294, 2.069840e-04 
9.952424e-01, 3.023239e-03, 8.456206e-06, 7.843860e-05, 6.998239e-06, 2.915933e-03, 1.224692e-05, 1.166373e-06, 1.283891e-03, 2.048247e-04, 0.000000e+00, 0.000000, 5.000000e-02, 0, 0.001284, 2.048247e-04 
9.983875e-01, 3.145125e-03, 7.873019e-06, 7.173195e-05, 6.123459e-06, 3.046567e-03, 1.195533e-05, 8.747799e-07, 1.270045e-03, 2.051213e-04, 0.000000e+00, 0.000000, 5.000000e-02, 0, 0.001270, 2.051213e-04 
1.001776e+00, 3.388606e-03, 1.574604e-05, 1.192617e-04, 9.914172e-06, 3.229979e-03, 1.283011e-05, 8.747799e-07, 1.261818e-03, 1.995072e-04, 0.000000e+00, 0.000000, 5.000000e-02, 0, 0.001262, 1.995072e-04 
1.004835e+00, 3.059105e-03, 8.747799e-06, 7.931338e-05, 6.706646e-06, 2.951507e-03, 1.195533e-05, 8.747799e-07, 1.230631e-03, 1.939152e-04, 0.000000e+00, 0.000000, 5.000000e-02, 0, 0.001231, 1.939152e-04 
1.008125e+00, 3.289464e-03, 8.747799e-06, 7.931338e-05, 6.706646e-06, 3.181283e-03, 1.224692e-05, 1.166373e-06, 1.225285e-03, 1.973013e-04, 0.000000e+00, 0.000000, 5.000000e-02, 0, 0.001225, 1.973013e-04 
1.011889e+00, 3.764178e-03, 8.456206e-06, 7.814701e-05, 6.415053e-06, 3.654539e-03, 1.545445e-05, 1.166373e-06, 1.212337e-03, 1.956529e-04, 0.000000e+00, 0.000000, 5.000000e-02, 0, 0.001212, 1.956529e-04 
1.016130e+00, 4.241225e-03, 1.078895e-05, 9.651738e-05, 8.747799e-06, 4.105051e-03, 1.866197e-05, 1.457967e-06, 1.183876e-03, 1.941633e-04, 0.000000e+00, 0.000000, 5.000000e-02, 0, 0.001184, 1.941633e-04 
1.019294e+00, 3.163496e-03, 9.914172e-06, 8.164613e-05, 6.998239e-06, 3.052399e-03, 1.166373e-05, 8.747799e-07, 1.175934e-03, 1.927637e-04, 0.000000e+00, 0.000000, 5.000000e-02, 0, 0.001176, 1.927637e-04 
1.022319e+00, 3.025572e-03, 8.747799e-06, 7.873019e-05, 6.706646e-06, 2.918557e-03, 1.195533e-05, 8.747799e-07, 1.163883e-03, 1.920587e-04, 0.000000e+00, 0.000000, 5.000000e-02, 0, 0.001164, 1.920587e-04 
1.025336e+00, 3.016824e-03, 8.164613e-06, 7.902179e-05, 6.706646e-06, 2.910101e-03, 1.195533e-05, 8.747799e-07, 1.156215e-03, 1.839516e-04, 0.000000e+00, 0.000000, 5.000000e-02, 0, 0.001156, 1.839516e-04 
1.028545e+00, 3.209276e-03, 8.456206e-06, 7.873019e-05, 6.415053e-06, 3.102553e-03, 1.195533e-05, 1.166373e-06, 1.142768e-03, 1.802413e-04, 0.000000e+00, 0.000000, 5.000000e-02, 0, 0.001143, 1.802413e-04 
1.031674e+00, 3.128505e-03, 9.039393e-06, 8.456206e-05, 6.706646e-06, 3.014783e-03, 1.253851e-05, 8.747799e-07, 1.113877e-03, 1.731572e-04, 0.000000e+00, 0.000000, 5.000000e-02, 0, 0.001114, 1.731572e-04 
1.035294e+00, 3.620714e-03, 9.039393e-06, 7.989657e-05, 6.706646e-06, 3.508742e-03, 1.516285e-05, 1.166373e-06, 1.099947e-03, 1.727470e-04, 0.000000e+00, 0.000000, 5.000000e-02, 0, 0.001100, 1.727470e-04 
1.039632e+00, 4.337742e-03, 1.078895e-05, 9.855854e-05, 8.456206e-06, 4.203026e-03, 1.574604e-05, 1.166373e-06, 1.086889e-03, 1.726356e-04, 0.000000e+00, 0.000000, 5.000000e-02, 0, 0.001087, 1.726356e-04 
1.043649e+00, 4.017281e-03, 1.078895e-05, 9.826694e-05, 8.164613e-06, 3.882273e-03, 1.632923e-05, 1.457967e-06, 1.080285e-03, 1.699372e-04, 0.000000e+00, 0.000000, 5.000000e-02, 0, 0.001080, 1.699372e-04 
1.047638e+00, 3.988122e-03, 2.303587e-05, 1.096391e-04, 7.289833e-06, 3.826579e-03, 2.041153e-05, 1.166373e-06, 1.072994e-03, 1.698196e-04, 0.000000e+00, 0.000000, 5.000000e-02, 0, 0.001073, 1.698196e-04 
1.050868e+00, 3.230854e-03, 1.108055e-05, 9.914172e-05, 1.224692e-05, 3.095263e-03, 1.224692e-05, 8.747799e-07, 1.046267e-03, 1.663230e-04, 0.000000e+00, 0.000000, 5.000000e-02, 0, 0.001046, 1.663230e-04 
1.053913e+00, 3.044234e-03, 8.456206e-06, 7.873019e-05, 6.706646e-06, 2.937219e-03, 1.195533e-05, 1.166373e-06, 1.035736e-03, 1.660648e-04, 0.000000e+00, 0.000000, 5.000000e-02, 0, 0.001036, 1.660648e-04 
1.056928e+00, 3.015075e-03, 8.747799e-06, 7.902179e-05, 6.706646e-06, 2.907477e-03, 1.224692e-05, 8.747799e-07, 1.012234e-03, 1.660018e-04, 0.000000e+00, 0.000000, 5.000000e-02, 0, 0.001012, 1.660018e-04 
1.060266e+00, 3.338160e-03, 8.456206e-06, 7.873019e-05, 6.706646e-06, 3.231145e-03, 1.195533e-05, 1.166373e-06, 1.002950e-03, 1.695031e-04, 0.000000e+00, 0.000000, 5.000000e-02, 0, 0.001003, 1.695031e-04 
1.063338e+00, 3.072519e-03, 9.330986e-06, 7.902179e-05, 6.706646e-06, 2.964338e-03, 1.224692e-05, 8.747799e-07, 9.946040e-04, 1.734525e-04, 0.000000e+00, 0.000000, 5.000000e-02, 0, 0.000995, 1.734525e-04 
1.066724e+00, 3.385107e-03, 8.747799e-06, 7.902179e-05, 6.706646e-06, 3.276634e-03, 1.283011e-05, 1.166373e-06, 9.835043e-04, 1.729429e-04, 0.000000e+00, 0.000000, 5.000000e-02, 0, 0.000984, 1.729429e-04 
1.070941e+00, 4.217314e-03, 1.137214e-05, 1.038072e-04, 9.622579e-06, 4.074725e-03, 1.662082e-05, 1.166373e-06, 9.787157e-04, 1.688707e-04, 0.000000e+00, 0.000000, 5.000000e-02, 0, 0.000979, 1.688707e-04 
1.075391e+00, 4.450005e-03, 1.457967e-05, 1.131382e-04, 9.914172e-06, 4.294878e-03, 1.603763e-05, 1.457967e-06, 9.687163e-04, 1.688699e-04, 0.000000e+00, 0.000000, 5.000000e-02, 0, 0.000969, 1.688699e-04 
1.079565e+00, 4.174450e-03, 1.341329e-05, 1.061400e-04, 9.039393e-06, 4.028653e-03, 1.603763e-05, 1.166373e-06, 9.616977e-04, 1.682969e-04, 0.000000e+00, 0.000000, 5.000000e-02, 0, 0.000962, 1.682969e-04 
1.083015e+00, 3.449840e-03, 1.137214e-05, 1.029324e-04, 8.456206e-06, 3.313958e-03, 1.224692e-05, 8.747799e-07, 9.536698e-04, 1.672038e-04, 0.000000e+00, 0.000000, 5.000000e-02, 0, 0.000954, 1.672038e-04 
1.086059e+00, 3.044234e-03, 8.747799e-06, 8.018816e-05, 6.706646e-06, 2.935761e-03, 1.195533e-05, 8.747799e-07, 9.353485e-04, 1.532094e-04, 0.000000e+00, 0.000000, 5.000000e-02, 0, 0.000935, 1.532094e-04 
1.089133e+00, 3.073393e-03, 8.456206e-06, 7.960497e-05, 6.415053e-06, 2.965796e-03, 1.224692e-05, 8.747799e-07, 9.291662e-04, 1.504605e-04, 0.000000e+00, 0.000000, 5.000000e-02, 0, 0.000929, 1.504605e-04 
1.092498e+00, 3.364987e-03, 8.747799e-06, 2.017826e-04, 8.164613e-06, 3.133170e-03, 1.224692e-05, 8.747799e-07, 9.200969e-04, 1.505186e-04, 0.000000e+00, 0.000000, 5.000000e-02, 0, 0.000920, 1.505186e-04 
1.095534e+00, 3.035778e-03, 9.039393e-06, 9.010233e-05, 6.998239e-06, 2.916808e-03, 1.195533e-05, 8.747799e-07, 9.156695e-04, 1.503707e-04, 0.000000e+00, 0.000000, 5.000000e-02, 0, 0.000916, 1.503707e-04 
1.098537e+00, 3.003703e-03, 8.456206e-06, 7.902179e-05, 6.415053e-06, 2.897563e-03, 1.137214e-05, 8.747799e-07, 9.095360e-04, 1.498200e-04, 0.000000e+00, 0.000000, 5.000000e-02, 0, 0.000910, 1.498200e-04 
1.101465e+00, 2.928180e-03, 9.622579e-06, 7.873019e-05, 6.415053e-06, 2.821457e-03, 1.108055e-05, 8.747799e-07, 8.837300e-04, 1.418767e-04, 0.000000e+00, 0.000000, 5.000000e-02, 0, 0.000884, 1.418767e-04 
1.104378e+00, 2.912434e-03, 8.747799e-06, 7.902179e-05, 6.706646e-06, 2.805711e-03, 1.137214e-05, 8.747799e-07, 8.737190e-04, 1.415935e-04, 0.000000e+00, 0.000000, 5.000000e-02, 0, 0.000874, 1.415935e-04 
1.107477e+00, 3.099054e-03, 7.873019e-06, 7.406470e-05, 6.123459e-06, 2.997579e-03, 1.224692e-05, 1.166373e-06, 8.490322e-04, 1.360307e-04, 0.000000e+00, 0.000000, 5.000000e-02, 0, 0.000849, 1.360307e-04 
1.110689e+00, 3.211609e-03, 8.747799e-06, 7.902179e-05, 6.415053e-06, 3.105177e-03, 1.137214e-05, 8.747799e-07, 8.454936e-04, 1.371208e-04, 0.000000e+00, 0.000000, 5.000000e-02, 0, 0.000845, 1.371208e-04 
1.113760e+00, 3.071644e-03, 9.039393e-06, 8.047975e-05, 8.456206e-06, 2.960838e-03, 1.195533e-05, 8.747799e-07, 8.403833e-04, 1.370435e-04, 0.000000e+00, 0.000000, 5.000000e-02, 0, 0.000840, 1.370435e-04 
1.116800e+00, 3.039569e-03, 8.456206e-06, 8.077135e-05, 6.706646e-06, 2.930513e-03, 1.224692e-05, 8.747799e-07, 8.318293e-04, 1.368770e-04, 0.000000e+00, 0.000000, 5.000000e-02, 0, 0.000832, 1.368770e-04 
1.119793e+00, 2.992914e-03, 8.747799e-06, 7.989657e-05, 6.706646e-06, 2.885316e-03, 1.137214e-05, 8.747799e-07, 8.275387e-04, 1.354967e-04, 0.000000e+00, 0.000000, 5.000000e-02, 0, 0.000828, 1.354967e-04 
1.122802e+00, 3.009243e-03, 7.873019e-06, 7.260673e-05, 7.289833e-06, 2.908060e-03, 1.224692e-05, 1.166373e-06, 8.232682e-04, 1.348618e-04, 0.000000e+00, 0.000000, 5.000000e-02, 0, 0.000823, 1.348618e-04 
1.125779e+00, 2.976876e-03, 8.747799e-06, 7.902179e-05, 6.415053e-06, 2.871028e-03, 1.108055e-05, 5.831866e-07, 8.011836e-04, 1.302304e-04, 0.000000e+00, 0.000000, 5.000000e-02, 0, 0.000801, 1.302304e-04 
1.128694e+00, 2.914767e-03, 7.873019e-06, 7.260673e-05, 5.831866e-06, 2.816500e-03, 1.108055e-05, 8.747799e-07, 7.965337e-04, 1.302849e-04, 0.000000e+00, 0.000000, 5.000000e-02, 0, 0.000797, 1.302849e-04 
1.131659e+00, 2.965796e-03, 8.164613e-06, 7.231514e-05, 6.415053e-06, 2.866071e-03, 1.195533e-05, 8.747799e-07, 7.897994e-04, 1.291813e-04, 0.000000e+00, 0.000000, 5.000000e-02, 0, 0.000790, 1.291813e-04 
1.134671e+00, 3.011284e-03, 8.747799e-06, 7.960497e-05, 6.706646e-06, 2.903395e-03, 1.195533e-05, 8.747799e-07, 7.810461e-04, 1.284582e-04, 0.000000e+00, 0.000000, 5.000000e-02, 0, 0.000781, 1.284582e-04 
1.137710e+00, 3.039860e-03, 8.456206e-06, 8.164613e-05, 6.706646e-06, 2.930513e-03, 1.137214e-05, 1.166373e-06, 7.786434e-04, 1.293681e-04, 0.000000e+00, 0.000000, 5.000000e-02, 0, 0.000779, 1.293681e-04 
1.140728e+00, 3.017408e-03, 8.456206e-06, 7.931338e-05, 6.998239e-06, 2.909810e-03, 1.195533e-05, 8.747799e-07, 7.568440e-04, 1.235088e-04, 0.000000e+00, 0.000000, 5.000000e-02, 0, 0.000757, 1.235088e-04 
1.143686e+00, 2.957631e-03, 7.873019e-06, 7.348151e-05, 6.415053e-06, 2.857031e-03, 1.195533e-05, 8.747799e-07, 7.370343e-04, 1.194380e-04, 0.000000e+00, 0.000000, 5.000000e-02, 0, 0.000737, 1.194380e-04 
1.146692e+00, 3.006910e-03, 8.747799e-06, 7.931338e-05, 6.415053e-06, 2.899604e-03, 1.195533e-05, 8.747799e-07, 7.294938e-04, 1.198984e-04, 0.000000e+00, 0.000000, 5.000000e-02, 0, 0.000729, 1.198984e-04 
1.149719e+00, 3.026739e-03, 8.456206e-06, 7.873019e-05, 6.415053e-06, 2.920307e-03, 1.195533e-05, 8.747799e-07, 7.219562e-04, 1.191913e-04, 0.000000e+00, 0.000000, 5.000000e-02, 0, 0.000722, 1.191913e-04 
1.152849e+00, 3.130254e-03, 9.039393e-06, 7.931338e-05, 6.706646e-06, 3.022073e-03, 1.224692e-05, 8.747799e-07, 7.017104e-04, 1.127727e-04, 0.000000e+00, 0.000000, 5.000000e-02, 0, 0.000702, 1.127727e-04 
1.155869e+00, 3.019449e-03, 8.747799e-06, 7.902179e-05, 6.706646e-06, 2.912142e-03, 1.195533e-05, 8.747799e-07, 6.823069e-04, 1.084919e-04, 0.000000e+00, 0.000000, 5.000000e-02, 0, 0.000682, 1.084919e-04 
1.159084e+00, 3.215108e-03, 8.747799e-06, 7.902179e-05, 6.706646e-06, 3.107510e-03, 1.224692e-05, 8.747799e-07, 6.790402e-04, 1.138882e-04, 0.000000e+00, 0.000000, 5.000000e-02, 0, 0.000679, 1.138882e-04 
1.162138e+00, 3.053565e-03, 9.039393e-06, 7.931338e-05, 6.415053e-06, 2.945967e-03, 1.195533e-05, 8.747799e-07, 6.705386e-04, 1.124808e-04, 0.000000e+00, 0.000000, 5.000000e-02, 0, 0.000671, 1.124808e-04 
1.166060e+00, 3.922222e-03, 1.283011e-05, 7.902179e-05, 6.706646e-06, 3.807625e-03, 1.487126e-05, 1.166373e-06, 6.631155e-04, 1.130200e-04, 0.000000e+00, 0.000000, 5.000000e-02, 0, 0.000663, 1.130200e-04 
1.170069e+00, 4.009116e-03, 1.049736e-05, 1.040988e-04, 7.873019e-06, 3.872942e-03, 1.283011e-05, 8.747799e-07, 6.436114e-04, 1.050649e-04, 0.000000e+00, 0.000000, 5.000000e-02, 0, 0.000644, 1.050649e-04 
1.173127e+00, 3.057647e-03, 9.039393e-06, 8.806118e-05, 6.706646e-06, 2.940718e-03, 1.224692e-05, 8.747799e-07, 6.394421e-04, 1.050681e-04, 0.000000e+00, 0.000000, 5.000000e-02, 0, 0.000639, 1.050681e-04 
1.176141e+00, 3.014492e-03, 8.747799e-06, 7.843860e-05, 6.415053e-06, 2.907768e-03, 1.224692e-05, 8.747799e-07, 6.352431e-04, 1.073411e-04, 0.000000e+00, 0.000000, 5.000000e-02, 0, 0.000635, 1.073411e-04 
1.180410e+00, 4.269218e-03, 9.330986e-06, 8.077135e-05, 7.581426e-06, 4.151414e-03, 1.866197e-05, 1.457967e-06, 6.316723e-04, 1.077670e-04, 0.000000e+00, 0.000000, 5.000000e-02, 0, 0.000632, 1.077670e-04 
1.184969e+00, 4.559061e-03, 1.516285e-05, 1.029324e-04, 9.039393e-06, 4.413556e-03, 1.662082e-05, 1.749560e-06, 6.290559e-04, 1.080487e-04, 0.000000e+00, 0.000000, 5.000000e-02, 0, 0.000629, 1.080487e-04 
1.188284e+00, 3.315124e-03, 1.370489e-05, 1.043904e-04, 9.330986e-06, 3.173118e-03, 1.370489e-05, 8.747799e-07, 6.231864e-04, 1.050800e-04, 0.000000e+00, 0.000000, 5.000000e-02, 0, 0.000623, 1.050800e-04 
1.191492e+00, 3.207818e-03, 8.747799e-06, 8.427047e-05, 6.706646e-06, 3.094971e-03, 1.224692e-05, 8.747799e-07, 6.156347e-04, 1.038427e-04, 0.000000e+00, 0.000000, 5.000000e-02, 0, 0.000616, 1.038427e-04 
1.194516e+00, 3.023823e-03, 9.622579e-06, 7.931338e-05, 6.415053e-06, 2.915641e-03, 1.195533e-05, 8.747799e-07, 5.978045e-04, 9.684264e-05, 0.000000e+00, 0.000000, 5.000000e-02, 0, 0.000598, 9.684264e-05 
1.197509e+00, 2.993205e-03, 8.164613e-06, 7.727223e-05, 6.706646e-06, 2.887940e-03, 1.224692e-05, 8.747799e-07, 5.953324e-04, 9.711210e-05, 0.000000e+00, 0.000000, 5.000000e-02, 0, 0.000595, 9.711210e-05 
1.200785e+00, 3.276051e-03, 8.456206e-06, 9.826694e-05, 8.456206e-06, 3.147458e-03, 1.224692e-05, 1.166373e-06, 5.888142e-04, 9.655963e-05, 0.000000e+00, 0.000000, 5.000000e-02, 0, 0.000589, 9.655963e-05 
1.203821e+00, 3.036070e-03, 9.039393e-06, 7.873019e-05, 6.706646e-06, 2.928763e-03, 1.195533e-05, 8.747799e-07, 5.837857e-04, 9.490876e-05, 0.000000e+00, 0.000000, 5.000000e-02, 0, 0.000584, 9.490876e-05 
1.207341e+00, 3.519823e-03, 8.456206e-06, 7.902179e-05, 6.706646e-06, 3.410184e-03, 1.457967e-05, 8.747799e-07, 5.804540e-04, 9.338238e-05, 0.000000e+00, 0.000000, 5.000000e-02, 0, 0.000580, 9.338238e-05 
1.211137e+00, 3.795962e-03, 1.049736e-05, 9.389304e-05, 7.873019e-06, 3.667661e-03, 1.487126e-05, 1.166373e-06, 5.782278e-04, 9.921982e-05, 0.000000e+00, 0.000000, 5.000000e-02, 0, 0.000578, 9.921982e-05 
1.215109e+00, 3.972084e-03, 1.137214e-05, 9.797535e-05, 8.164613e-06, 3.839409e-03, 1.399648e-05, 1.166373e-06, 5.748221e-04, 9.746963e-05, 0.000000e+00, 0.000000, 5.000000e-02, 0, 0.000575, 9.746963e-05 
1.218305e+00, 3.196154e-03, 1.049736e-05, 8.018816e-05, 7.289833e-06, 3.080975e-03, 1.603763e-05, 1.166373e-06, 5.714768e-04, 9.753649e-05, 0.000000e+00, 0.000000, 5.000000e-02, 0, 0.000571, 9.753649e-05 
1.229619e+00, 1.131382e-02, 1.195533e-05, 2.094806e-03, 1.078895e-05, 9.177608e-03, 1.720401e-05, 1.457967e-06, 5.682968e-04, 9.591650e-05, 0.000000e+00, 0.000000, 5.000000e-02, 0, 0.000568, 9.591650e-05 
1.233549e+00, 3.929803e-03, 1.224692e-05, 1.096391e-04, 8.747799e-06, 3.784881e-03, 1.341329e-05, 8.747799e-07, 5.648950e-04, 9.430848e-05, 0.000000e+00, 0.000000, 5.000000e-02, 0, 0.000565, 9.430848e-05 
1.236716e+00, 3.166703e-03, 1.166373e-05, 8.135453e-05, 7.581426e-06, 3.052982e-03, 1.224692e-05, 8.747799e-07, 5.478426e-04, 8.874244e-05, 0.000000e+00, 0.000000, 5.000000e-02, 0, 0.000548, 8.874244e-05 
1.239766e+00, 3.049774e-03, 9.039393e-06, 7.843860e-05, 6.706646e-06, 2.942468e-03, 1.224692e-05, 8.747799e-07, 5.410290e-04, 8.788202e-05, 0.000000e+00, 0.000000, 5.000000e-02, 0, 0.000541, 8.788202e-05 
1.242774e+00, 3.008077e-03, 8.456206e-06, 7.902179e-05, 6.415053e-06, 2.901353e-03, 1.195533e-05, 8.747799e-07, 5.370230e-04, 8.749503e-05, 0.000000e+00, 0.000000, 5.000000e-02, 0, 0.000537, 8.749503e-05 
1.245780e+00, 3.006910e-03, 8.456206e-06, 8.572843e-05, 6.706646e-06, 2.893480e-03, 1.166373e-05, 8.747799e-07, 5.227617e-04, 8.356793e-05, 0.000000e+00, 0.000000, 5.000000e-02, 0, 0.000523, 8.356793e-05 
1.248891e+00, 3.110134e-03, 8.456206e-06, 7.873019e-05, 6.415053e-06, 3.003119e-03, 1.253851e-05, 8.747799e-07, 5.195632e-04, 8.329088e-05, 0.000000e+00, 0.000000, 5.000000e-02, 0, 0.000520, 8.329088e-05 
1.251938e+00, 3.047150e-03, 9.039393e-06, 7.960497e-05, 6.706646e-06, 2.938677e-03, 1.224692e-05, 8.747799e-07, 5.129976e-04, 8.291023e-05, 0.000000e+00, 0.000000, 5.000000e-02, 0, 0.000513, 8.291023e-05 
1.255882e+00, 3.944383e-03, 1.312170e-05, 9.272667e-05, 6.998239e-06, 3.815790e-03, 1.457967e-05, 1.166373e-06, 5.089429e-04, 8.436320e-05, 0.000000e+00, 0.000000, 5.000000e-02, 0, 0.000509, 8.436320e-05 
1.259533e+00, 3.650748e-03, 1.049736e-05, 9.272667e-05, 7.873019e-06, 3.523614e-03, 1.487126e-05, 1.166373e-06, 5.055066e-04, 8.427119e-05, 0.000000e+00, 0.000000, 5.000000e-02, 0, 0.000506, 8.427119e-05 
1.263410e+00, 3.877025e-03, 1.020577e-05, 9.651738e-05, 9.622579e-06, 3.743766e-03, 1.545445e-05, 1.457967e-06, 5.025721e-04, 8.299267e-05, 0.000000e+00, 0.000000, 5.000000e-02, 0, 0.000503, 8.299267e-05 
1.266510e+00, 3.100220e-03, 9.622579e-06, 8.252091e-05, 6.998239e-06, 2.988248e-03, 1.195533e-05, 8.747799e-07, 5.014795e-04, 8.477036e-05, 0.000000e+00, 0.000000, 5.000000e-02, 0, 0.000501, 8.477036e-05 
1.269549e+00, 3.038694e-03, 8.747799e-06, 7.814701e-05, 6.706646e-06, 2.932262e-03, 1.195533e-05, 8.747799e-07, 4.951814e-04, 8.302674e-05, 0.000000e+00, 0.000000, 5.000000e-02, 0, 0.000495, 8.302674e-05 
1.272567e+00, 3.017699e-03, 8.456206e-06, 7.873019e-05, 6.415053e-06, 2.911268e-03, 1.195533e-05, 8.747799e-07, 4.923501e-04, 8.178312e-05, 0.000000e+00, 0.000000, 5.000000e-02, 0, 0.000492, 8.178312e-05 
1.275570e+00, 3.003411e-03, 8.456206e-06, 7.931338e-05, 6.706646e-06, 2.896105e-03, 1.195533e-05, 8.747799e-07, 4.868503e-04, 8.121028e-05, 0.000000e+00, 0.000000, 5.000000e-02, 0, 0.000487, 8.121028e-05 
1.278652e+00, 3.082141e-03, 8.456206e-06, 7.873019e-05, 6.415053e-06, 2.975710e-03, 1.195533e-05, 8.747799e-07, 4.814365e-04, 8.241237e-05, 0.000000e+00, 0.000000, 5.000000e-02, 0, 0.000481, 8.241237e-05 
1.281705e+00, 3.052982e-03, 8.456206e-06, 7.931338e-05, 6.998239e-06, 2.945092e-03, 1.224692e-05, 8.747799e-07, 4.788598e-04, 8.215040e-05, 0.000000e+00, 0.000000, 5.000000e-02, 0, 0.000479, 8.215040e-05 
1.284738e+00, 3.032862e-03, 8.456206e-06, 7.873019e-05, 6.706646e-06, 2.925847e-03, 1.224692e-05, 8.747799e-07, 4.762659e-04, 8.297804e-05, 0.000000e+00, 0.000000, 5.000000e-02, 0, 0.000476, 8.297804e-05 
1.287748e+00, 3.010118e-03, 8.747799e-06, 7.873019e-05, 6.706646e-06, 2.903103e-03, 1.195533e-05, 8.747799e-07, 4.729935e-04, 8.295851e-05, 0.000000e+00, 0.000000, 5.000000e-02, 0, 0.000473, 8.295851e-05 
1.290746e+00, 2.997871e-03, 8.164613e-06, 7.814701e-05, 6.415053e-06, 2.892606e-03, 1.166373e-05, 8.747799e-07, 4.702630e-04, 8.345682e-05, 0.000000e+00, 0.000000, 5.000000e-02, 0, 0.000470, 8.345682e-05 
1.293883e+00, 3.136669e-03, 8.456206e-06, 7.785541e-05, 6.415053e-06, 3.030529e-03, 1.224692e-05, 1.166373e-06, 4.699320e-04, 8.612755e-05, 0.000000e+00, 0.000000, 2.500000e-02, 0, 0.000470, 8.612755e-05 
1.296897e+00, 3.013908e-03, 8.747799e-06, 7.843860e-05, 6.415053e-06, 2.907477e-03, 1.195533e-05, 8.747799e-07, 4.671577e-04, 8.522693e-05, 0.000000e+00, 0.000000, 2.500000e-02, 0, 0.000467, 8.522693e-05 
1.299902e+00, 3.005452e-03, 8.747799e-06, 7.843860e-05, 6.415053e-06, 2.899021e-03, 1.195533e-05, 8.747799e-07, 4.655550e-04, 8.410433e-05, 0.000000e+00, 0.000000, 2.500000e-02, 0, 0.000466, 8.410433e-05 
1.302900e+00, 2.998454e-03, 8.747799e-06, 7.931338e-05, 6.415053e-06, 2.890564e-03, 1.224692e-05, 1.166373e-06, 4.654603e-04, 8.517479e-05, 0.000000e+00, 0.000000, 1.250000e-02, 0, 0.000465, 8.517479e-05 
1.305895e+00, 2.994080e-03, 8.164613e-06, 7.843860e-05, 6.706646e-06, 2.887357e-03, 1.224692e-05, 1.166373e-06, 4.647474e-04, 8.522013e-05, 0.000000e+00, 0.000000, 6.250000e-03, 0, 0.000465, 8.522013e-05 
1.308878e+00, 2.983583e-03, 8.747799e-06, 7.843860e-05, 6.415053e-06, 2.875402e-03, 1.341329e-05, 1.166373e-06, 4.640249e-04, 8.398760e-05, 0.000000e+00, 0.000000, 3.125000e-03, 0, 0.000464, 8.398760e-05 
1.311767e+00, 2.889106e-03, 8.456206e-06, 7.814701e-05, 6.415053e-06, 2.782967e-03, 1.195533e-05, 1.166373e-06, 4.634738e-04, 8.385237e-05, 0.000000e+00, 0.000000, 3.125000e-03, 0, 0.000464, 8.400991e-05 
1.000000, 0, 0, 0, 0, 0, 0, 0, 0, 0, 0, 0, 0, 0, 0 ,0