TRM WS=1, MS=2, TRMstep=0: ub=0.800000, lb=0.200000, grow=2.000000,shrink=0.500000, b_w=2,b_m=4, lr=0.400000, lambda=0.000000, n=9, n0=2, n1=2, n2=1, sub_tol=0.001000, sub_maxit=1000, tol=1.000000e-08, m=4, nobias=0 
time, iter_t, subset_m_time, g_time, subset_w_time, p1_time, t2, t3, total error, total gmag, rho, sigma, gamma, step, approx error, approx gmag 
3.249807e-03, 3.249807e-03, 9.914172e-06, 8.339569e-05, 7.581426e-06, 3.131129e-03, 1.662082e-05, 1.166373e-06, 1.350517e-01, 1.034463e-02, 0.000000e+00, 0.000000, 4.000000e-01, 0, 0.135052, 1.034463e-02 
6.050270e-03, 2.800462e-03, 8.456206e-06, 7.610585e-05, 6.706646e-06, 2.694322e-03, 1.341329e-05, 1.457967e-06, 1.284838e-01, 6.419671e-03, 0.000000e+00, 0.000000, 4.000000e-01, 0, 0.128484, 6.419671e-03 
9.077883e-03, 3.027613e-03, 9.039393e-06, 8.835277e-05, 9.039393e-06, 2.906019e-03, 1.399648e-05, 1.166373e-06, 1.276033e-01, 5.435733e-03, 0.000000e+00, 0.000000, 2.000000e-01, 0, 0.127603, 5.435733e-03 
1.205884e-02, 2.980958e-03, 8.456206e-06, 8.047975e-05, 6.415053e-06, 2.871028e-03, 1.370489e-05, 8.747799e-07, 1.250684e-01, 1.231949e-03, 0.000000e+00, 0.000000, 2.000000e-01, 0, 0.125068, 1.231949e-03 
1.501152e-02, 2.952674e-03, 8.747799e-06, 8.018816e-05, 6.706646e-06, 2.842743e-03, 1.312170e-05, 1.166373e-06, 1.249341e-01, 2.675988e-04, 0.000000e+00, 0.000000, 1.000000e-01, 0, 0.124934, 2.675988e-04 
1.779944e-02, 2.787924e-03, 7.873019e-06, 7.464789e-05, 6.415053e-06, 2.685574e-03, 1.253851e-05, 8.747799e-07, 1.248969e-01, 3.030535e-04, 0.000000e+00, 0.000000, 5.000000e-02, 0, 0.124897, 3.030535e-04 
2.097751e-02, 3.178075e-03, 8.747799e-06, 8.222931e-05, 7.873019e-06, 3.063188e-03, 1.428807e-05, 1.749560e-06, 1.248403e-01, 3.233409e-04, 0.000000e+00, 0.000000, 2.500000e-02, 0, 0.124840, 3.233409e-04 
2.395293e-02, 2.975418e-03, 1.108055e-05, 8.339569e-05, 6.998239e-06, 2.858781e-03, 1.341329e-05, 1.749560e-06, 1.248155e-01, 3.237649e-04, 0.000000e+00, 0.000000, 2.500000e-02, 0, 0.124816, 3.237649e-04 
0.500000, 0, 0, 0, 0, 0, 0, 0, 0, 0, 0, 0, 0, 0, 0 ,0