TRM WS=1, MS=2, TRMstep=0: ub=0.800000, lb=0.200000, grow=2.000000,shrink=0.500000, b_w=2,b_m=4, lr=0.400000, lambda=0.000000, n=9, n0=2, n1=2, n2=1, sub_tol=0.001000, sub_maxit=1000, tol=1.000000e-08, m=4, nobias=0 
time, iter_t, subset_m_time, g_time, subset_w_time, p1_time, t2, t3, total error, total gmag, rho, sigma, gamma, step, approx error, approx gmag 
3.270511e-03, 3.270511e-03, 1.020577e-05, 8.543684e-05, 7.581426e-06, 3.148625e-03, 1.720401e-05, 1.457967e-06, 1.428379e-01, 1.300123e-02, 0.000000e+00, 0.000000, 4.000000e-01, 0, 0.142838, 1.300123e-02 
6.228725e-03, 2.958214e-03, 8.456206e-06, 7.523107e-05, 7.581426e-06, 2.851783e-03, 1.341329e-05, 1.749560e-06, 1.407528e-01, 1.198435e-02, 0.000000e+00, 0.000000, 4.000000e-01, 0, 0.140753, 1.198435e-02 
9.391346e-03, 3.162621e-03, 8.164613e-06, 7.581426e-05, 6.415053e-06, 3.057939e-03, 1.341329e-05, 8.747799e-07, 1.333657e-01, 9.242135e-03, 0.000000e+00, 0.000000, 4.000000e-01, 0, 0.133366, 9.242135e-03 
1.291642e-02, 3.525071e-03, 8.747799e-06, 7.435629e-05, 6.123459e-06, 3.419806e-03, 1.457967e-05, 1.457967e-06, 1.255511e-01, 2.432429e-03, 0.000000e+00, 0.000000, 4.000000e-01, 0, 0.125551, 2.432429e-03 
1.586005e-02, 2.943634e-03, 9.039393e-06, 8.135453e-05, 7.289833e-06, 2.831663e-03, 1.312170e-05, 1.166373e-06, 1.250351e-01, 1.058383e-04, 0.000000e+00, 0.000000, 2.000000e-01, 0, 0.125035, 1.058383e-04 
1.891187e-02, 3.051816e-03, 7.873019e-06, 7.581426e-05, 6.123459e-06, 2.946842e-03, 1.399648e-05, 1.166373e-06, 1.250033e-01, 2.407486e-04, 0.000000e+00, 0.000000, 1.000000e-01, 0, 0.125003, 2.407486e-04 
2.195668e-02, 3.044817e-03, 8.747799e-06, 8.047975e-05, 8.747799e-06, 2.931679e-03, 1.399648e-05, 1.166373e-06, 1.249978e-01, 2.583179e-04, 0.000000e+00, 0.000000, 5.000000e-02, 0, 0.124998, 2.583179e-04 
2.493910e-02, 2.982416e-03, 8.456206e-06, 7.989657e-05, 6.415053e-06, 2.867529e-03, 1.895356e-05, 1.166373e-06, 1.249857e-01, 1.064512e-04, 0.000000e+00, 0.000000, 5.000000e-02, 0, 0.124986, 1.064512e-04 
0.500000, 0, 0, 0, 0, 0, 0, 0, 0, 0, 0, 0, 0, 0, 0 ,0