TRM WS=1, MS=2, TRMstep=0: ub=0.800000, lb=0.200000, grow=2.000000,shrink=0.500000, b_w=2,b_m=4, lr=0.400000, lambda=0.000000, n=9, n0=2, n1=2, n2=1, sub_tol=0.001000, sub_maxit=1000, tol=1.000000e-08, m=4, nobias=0 
time, iter_t, subset_m_time, g_time, subset_w_time, p1_time, t2, t3, total error, total gmag, rho, sigma, gamma, step, approx error, approx gmag 
3.159413e-03, 3.159413e-03, 7.873019e-06, 7.552267e-05, 6.706646e-06, 3.049191e-03, 1.866197e-05, 1.457967e-06, 1.394585e-01, 1.167346e-02, 0.000000e+00, 0.000000, 4.000000e-01, 0, 0.139459, 1.167346e-02 
6.007988e-03, 2.848575e-03, 8.747799e-06, 7.552267e-05, 6.706646e-06, 2.743310e-03, 1.283011e-05, 1.457967e-06, 1.378836e-01, 1.111778e-02, 0.000000e+00, 0.000000, 4.000000e-01, 0, 0.137884, 1.111778e-02 
8.803785e-03, 2.795797e-03, 7.873019e-06, 7.464789e-05, 5.831866e-06, 2.694031e-03, 1.283011e-05, 5.831866e-07, 1.318558e-01, 8.651415e-03, 0.000000e+00, 0.000000, 4.000000e-01, 0, 0.131856, 8.651415e-03 
1.159987e-02, 2.796088e-03, 7.873019e-06, 7.377311e-05, 5.831866e-06, 2.695197e-03, 1.253851e-05, 8.747799e-07, 1.262531e-01, 3.777299e-03, 0.000000e+00, 0.000000, 4.000000e-01, 0, 0.126253, 3.777299e-03 
1.438342e-02, 2.783550e-03, 7.873019e-06, 7.435629e-05, 5.831866e-06, 2.681492e-03, 1.312170e-05, 8.747799e-07, 1.257741e-01, 2.925061e-03, 0.000000e+00, 0.000000, 2.000000e-01, 0, 0.125774, 2.925061e-03 
1.742707e-02, 3.043651e-03, 7.873019e-06, 7.435629e-05, 6.123459e-06, 2.935178e-03, 1.895356e-05, 1.166373e-06, 1.250197e-01, 4.455643e-05, 0.000000e+00, 0.000000, 1.000000e-01, 0, 0.125020, 4.455643e-05 
2.209023e-02, 4.663160e-03, 1.370489e-05, 1.306338e-04, 9.622579e-06, 4.483247e-03, 2.449384e-05, 1.457967e-06, 1.250078e-01, 8.190388e-05, 0.000000e+00, 0.000000, 5.000000e-02, 0, 0.125008, 8.190388e-05 
2.523886e-02, 3.148625e-03, 9.914172e-06, 8.164613e-05, 7.289833e-06, 3.034028e-03, 1.428807e-05, 1.457967e-06, 1.250041e-01, 3.003560e-05, 0.000000e+00, 0.000000, 5.000000e-02, 0, 0.125004, 3.003560e-05 
0.750000, 0, 0, 0, 0, 0, 0, 0, 0, 0, 0, 0, 0, 0, 0 ,0