TRM WS=1, MS=2, TRMstep=0: ub=0.800000, lb=0.200000, grow=2.000000,shrink=0.500000, b_w=2,b_m=4, lr=0.400000, lambda=0.000000, n=9, n0=2, n1=2, n2=1, sub_tol=0.001000, sub_maxit=1000, tol=1.000000e-08, m=4, nobias=0 
time, iter_t, subset_m_time, g_time, subset_w_time, p1_time, t2, t3, total error, total gmag, rho, sigma, gamma, step, approx error, approx gmag 
2.955881e-03, 2.955881e-03, 8.747799e-06, 7.552267e-05, 6.998239e-06, 2.847992e-03, 1.545445e-05, 1.166373e-06, 1.450158e-01, 1.307517e-02, 0.000000e+00, 0.000000, 4.000000e-01, 0, 0.145016, 1.307517e-02 
6.356151e-03, 3.400270e-03, 8.456206e-06, 7.523107e-05, 6.123459e-06, 3.295296e-03, 1.399648e-05, 1.166373e-06, 1.301339e-01, 7.549956e-03, 0.000000e+00, 0.000000, 4.000000e-01, 0, 0.130134, 7.549956e-03 
9.941582e-03, 3.585431e-03, 8.747799e-06, 9.097711e-05, 8.747799e-06, 3.456255e-03, 1.953675e-05, 1.166373e-06, 1.287435e-01, 6.201025e-03, 0.000000e+00, 0.000000, 4.000000e-01, 0, 0.128743, 6.201025e-03 
1.356929e-02, 3.627712e-03, 9.622579e-06, 8.806118e-05, 2.828455e-05, 3.485998e-03, 1.457967e-05, 1.166373e-06, 1.253147e-01, 1.798072e-03, 0.000000e+00, 0.000000, 4.000000e-01, 0, 0.125315, 1.798072e-03 
1.708853e-02, 3.519240e-03, 1.020577e-05, 8.893596e-05, 7.581426e-06, 3.397937e-03, 1.312170e-05, 1.457967e-06, 1.249979e-01, 7.137071e-05, 0.000000e+00, 0.000000, 2.000000e-01, 0, 0.124998, 7.137071e-05 
2.025495e-02, 3.166412e-03, 8.164613e-06, 7.435629e-05, 6.415053e-06, 3.061438e-03, 1.487126e-05, 1.166373e-06, 1.249917e-01, 8.620609e-05, 0.000000e+00, 0.000000, 1.000000e-01, 0, 0.124992, 8.620609e-05 
2.562493e-02, 5.369982e-03, 9.622579e-06, 8.368728e-05, 7.581426e-06, 5.247805e-03, 1.982834e-05, 1.457967e-06, 1.249825e-01, 2.428578e-04, 0.000000e+00, 0.000000, 5.000000e-02, 0, 0.124983, 2.428578e-04 
2.977255e-02, 4.147623e-03, 1.195533e-05, 1.023493e-04, 8.164613e-06, 4.006784e-03, 1.691241e-05, 1.457967e-06, 1.249750e-01, 4.924363e-05, 0.000000e+00, 0.000000, 5.000000e-02, 0, 0.124975, 4.924363e-05 
0.500000, 0, 0, 0, 0, 0, 0, 0, 0, 0, 0, 0, 0, 0, 0 ,0