TRM WS=1, MS=2, TRMstep=0: ub=0.800000, lb=0.200000, grow=2.000000,shrink=0.500000, b_w=2,b_m=4, lr=0.400000, lambda=0.000000, n=9, n0=2, n1=2, n2=1, sub_tol=0.001000, sub_maxit=1000, tol=1.000000e-08, m=4, nobias=0 
time, iter_t, subset_m_time, g_time, subset_w_time, p1_time, t2, t3, total error, total gmag, rho, sigma, gamma, step, approx error, approx gmag 
3.994828e-03, 3.994828e-03, 9.622579e-06, 8.456206e-05, 7.581426e-06, 3.874983e-03, 1.691241e-05, 1.166373e-06, 1.400954e-01, 1.192848e-02, 0.000000e+00, 0.000000, 4.000000e-01, 0, 0.140095, 1.192848e-02 
8.129913e-03, 4.135085e-03, 1.807879e-05, 1.221776e-04, 7.873019e-06, 3.969168e-03, 1.632923e-05, 1.457967e-06, 1.310514e-01, 8.046925e-03, 0.000000e+00, 0.000000, 4.000000e-01, 0, 0.131051, 8.046925e-03 
1.241983e-02, 4.289921e-03, 1.195533e-05, 1.073063e-04, 7.873019e-06, 4.145582e-03, 1.545445e-05, 1.749560e-06, 1.301972e-01, 7.783701e-03, 0.000000e+00, 0.000000, 2.000000e-01, 0, 0.130197, 7.783701e-03 
1.541887e-02, 2.999037e-03, 9.039393e-06, 7.668904e-05, 6.998239e-06, 2.890856e-03, 1.428807e-05, 1.166373e-06, 1.250938e-01, 2.341363e-04, 0.000000e+00, 0.000000, 2.000000e-01, 0, 0.125094, 2.341363e-04 
1.972133e-02, 4.302459e-03, 1.283011e-05, 9.972491e-05, 6.998239e-06, 4.159579e-03, 2.157790e-05, 1.749560e-06, 1.250736e-01, 2.825802e-04, 0.000000e+00, 0.000000, 1.000000e-01, 0, 0.125074, 2.825802e-04 
2.337179e-02, 3.650457e-03, 1.370489e-05, 1.134298e-04, 1.078895e-05, 3.496204e-03, 1.487126e-05, 1.457967e-06, 1.250257e-01, 5.229576e-05, 0.000000e+00, 0.000000, 5.000000e-02, 0, 0.125026, 5.229576e-05 
2.637461e-02, 3.002828e-03, 9.039393e-06, 7.552267e-05, 6.998239e-06, 2.896688e-03, 1.341329e-05, 1.166373e-06, 1.250138e-01, 1.978455e-04, 0.000000e+00, 0.000000, 2.500000e-02, 0, 0.125014, 1.978455e-04 
2.916225e-02, 2.787632e-03, 7.873019e-06, 7.435629e-05, 6.123459e-06, 2.684991e-03, 1.312170e-05, 1.166373e-06, 1.250113e-01, 1.457074e-04, 0.000000e+00, 0.000000, 2.500000e-02, 0, 0.125011, 1.457074e-04 
0.500000, 0, 0, 0, 0, 0, 0, 0, 0, 0, 0, 0, 0, 0, 0 ,0