TRM WS=1, MS=2, TRMstep=0: ub=0.800000, lb=0.200000, grow=2.000000,shrink=0.500000, b_w=2,b_m=4, lr=0.400000, lambda=0.000000, n=9, n0=2, n1=2, n2=1, sub_tol=0.001000, sub_maxit=1000, tol=1.000000e-08, m=4, nobias=0 
time, iter_t, subset_m_time, g_time, subset_w_time, p1_time, t2, t3, total error, total gmag, rho, sigma, gamma, step, approx error, approx gmag 
3.183324e-03, 3.183324e-03, 9.330986e-06, 7.668904e-05, 6.998239e-06, 3.072227e-03, 1.662082e-05, 1.457967e-06, 1.364592e-01, 1.054541e-02, 0.000000e+00, 0.000000, 4.000000e-01, 0, 0.136459, 1.054541e-02 
6.061933e-03, 2.878609e-03, 8.456206e-06, 7.727223e-05, 7.289833e-06, 2.771011e-03, 1.341329e-05, 1.166373e-06, 1.305176e-01, 7.596957e-03, 0.000000e+00, 0.000000, 4.000000e-01, 0, 0.130518, 7.596957e-03 
8.927421e-03, 2.865487e-03, 7.873019e-06, 7.581426e-05, 6.123459e-06, 2.761389e-03, 1.341329e-05, 8.747799e-07, 1.295088e-01, 6.956887e-03, 0.000000e+00, 0.000000, 4.000000e-01, 0, 0.129509, 6.956887e-03 
1.204164e-02, 3.114217e-03, 8.164613e-06, 7.552267e-05, 6.706646e-06, 3.009535e-03, 1.341329e-05, 8.747799e-07, 1.248164e-01, 3.589862e-04, 0.000000e+00, 0.000000, 4.000000e-01, 0, 0.124816, 3.589862e-04 
1.571221e-02, 3.670577e-03, 8.456206e-06, 7.493948e-05, 6.415053e-06, 3.558313e-03, 2.070312e-05, 1.749560e-06, 1.242777e-01, 1.082231e-03, 0.000000e+00, 0.000000, 2.000000e-01, 0, 0.124278, 1.082231e-03 
2.089120e-02, 5.178989e-03, 1.370489e-05, 1.023493e-04, 1.195533e-05, 5.032317e-03, 1.662082e-05, 2.041153e-06, 1.241933e-01, 5.972698e-04, 0.000000e+00, 0.000000, 1.000000e-01, 0, 0.124193, 5.972698e-04 
2.399230e-02, 3.101095e-03, 1.137214e-05, 9.243508e-05, 8.164613e-06, 2.973960e-03, 1.399648e-05, 1.166373e-06, 1.241897e-01, 5.993794e-04, 0.000000e+00, 0.000000, 5.000000e-02, 0, 0.124190, 5.993794e-04 
2.684845e-02, 2.856156e-03, 8.456206e-06, 7.552267e-05, 6.415053e-06, 2.751474e-03, 1.312170e-05, 1.166373e-06, 1.241211e-01, 9.599259e-04, 0.000000e+00, 0.000000, 5.000000e-02, 0, 0.124121, 9.599259e-04 
0.250000, 0, 0, 0, 0, 0, 0, 0, 0, 0, 0, 0, 0, 0, 0 ,0