TRM WS=1, MS=2, TRMstep=0: ub=0.800000, lb=0.200000, grow=2.000000,shrink=0.500000, b_w=2,b_m=4, lr=0.400000, lambda=0.000000, n=9, n0=2, n1=2, n2=1, sub_tol=0.001000, sub_maxit=1000, tol=1.000000e-08, m=4, nobias=0 
time, iter_t, subset_m_time, g_time, subset_w_time, p1_time, t2, t3, total error, total gmag, rho, sigma, gamma, step, approx error, approx gmag 
3.250391e-03, 3.250391e-03, 1.166373e-05, 1.067232e-04, 8.747799e-06, 3.105177e-03, 1.662082e-05, 1.457967e-06, 1.295915e-01, 6.483750e-03, 0.000000e+00, 0.000000, 4.000000e-01, 0, 0.129591, 6.483750e-03 
6.437797e-03, 3.187406e-03, 8.747799e-06, 7.552267e-05, 6.706646e-06, 3.080975e-03, 1.370489e-05, 1.749560e-06, 1.267375e-01, 4.111731e-03, 0.000000e+00, 0.000000, 4.000000e-01, 0, 0.126737, 4.111731e-03 
9.254297e-03, 2.816500e-03, 8.456206e-06, 7.435629e-05, 6.123459e-06, 2.713276e-03, 1.312170e-05, 1.166373e-06, 1.261706e-01, 3.459083e-03, 0.000000e+00, 0.000000, 2.000000e-01, 0, 0.126171, 3.459083e-03 
1.204076e-02, 2.786466e-03, 7.873019e-06, 7.406470e-05, 6.123459e-06, 2.684408e-03, 1.312170e-05, 8.747799e-07, 1.250686e-01, 2.564935e-04, 0.000000e+00, 0.000000, 2.000000e-01, 0, 0.125069, 2.564935e-04 
1.493774e-02, 2.896980e-03, 7.873019e-06, 7.435629e-05, 6.123459e-06, 2.794630e-03, 1.283011e-05, 1.166373e-06, 1.250185e-01, 5.266970e-05, 0.000000e+00, 0.000000, 1.000000e-01, 0, 0.125018, 5.266970e-05 
1.773995e-02, 2.802212e-03, 8.164613e-06, 7.523107e-05, 5.831866e-06, 2.698696e-03, 1.312170e-05, 1.166373e-06, 1.250163e-01, 4.263255e-05, 0.000000e+00, 0.000000, 5.000000e-02, 0, 0.125016, 4.263255e-05 
2.075853e-02, 3.018574e-03, 8.164613e-06, 7.406470e-05, 6.123459e-06, 2.915933e-03, 1.312170e-05, 1.166373e-06, 1.250091e-01, 1.167062e-04, 0.000000e+00, 0.000000, 2.500000e-02, 0, 0.125009, 1.167062e-04 
2.363918e-02, 2.880650e-03, 8.164613e-06, 7.348151e-05, 6.123459e-06, 2.778593e-03, 1.312170e-05, 1.166373e-06, 1.250072e-01, 3.233598e-05, 0.000000e+00, 0.000000, 2.500000e-02, 0, 0.125007, 3.233598e-05 
0.500000, 0, 0, 0, 0, 0, 0, 0, 0, 0, 0, 0, 0, 0, 0 ,0