TRM WS=1, MS=2, TRMstep=0: ub=0.800000, lb=0.200000, grow=2.000000,shrink=0.500000, b_w=2,b_m=4, lr=0.400000, lambda=0.000000, n=9, n0=2, n1=2, n2=1, sub_tol=0.001000, sub_maxit=1000, tol=1.000000e-08, m=4, nobias=0 
time, iter_t, subset_m_time, g_time, subset_w_time, p1_time, t2, t3, total error, total gmag, rho, sigma, gamma, step, approx error, approx gmag 
3.316874e-03, 3.316874e-03, 1.020577e-05, 8.310409e-05, 7.873019e-06, 3.196737e-03, 1.749560e-05, 1.457967e-06, 1.339113e-01, 9.544812e-03, 0.000000e+00, 0.000000, 4.000000e-01, 0, 0.133911, 9.544812e-03 
6.163408e-03, 2.846534e-03, 9.622579e-06, 8.222931e-05, 7.289833e-06, 2.732521e-03, 1.341329e-05, 1.457967e-06, 1.315458e-01, 8.056789e-03, 0.000000e+00, 0.000000, 4.000000e-01, 0, 0.131546, 8.056789e-03 
8.969410e-03, 2.806002e-03, 8.456206e-06, 7.493948e-05, 6.123459e-06, 2.702778e-03, 1.283011e-05, 8.747799e-07, 1.302869e-01, 7.117752e-03, 0.000000e+00, 0.000000, 4.000000e-01, 0, 0.130287, 7.117752e-03 
1.174888e-02, 2.779467e-03, 7.873019e-06, 7.377311e-05, 6.123459e-06, 2.678285e-03, 1.283011e-05, 5.831866e-07, 1.250126e-01, 3.442189e-04, 0.000000e+00, 0.000000, 4.000000e-01, 0, 0.125013, 3.442189e-04 
1.463419e-02, 2.885316e-03, 7.873019e-06, 7.552267e-05, 7.581426e-06, 2.780051e-03, 1.283011e-05, 1.457967e-06, 1.249708e-01, 1.005132e-04, 0.000000e+00, 0.000000, 2.000000e-01, 0, 0.124971, 1.005132e-04 
1.754634e-02, 2.912142e-03, 7.581426e-06, 7.377311e-05, 6.123459e-06, 2.810085e-03, 1.341329e-05, 1.166373e-06, 1.249463e-01, 1.340592e-04, 0.000000e+00, 0.000000, 1.000000e-01, 0, 0.124946, 1.340592e-04 
2.034709e-02, 2.800754e-03, 7.873019e-06, 7.523107e-05, 6.123459e-06, 2.697530e-03, 1.283011e-05, 1.166373e-06, 1.249450e-01, 9.100757e-05, 0.000000e+00, 0.000000, 5.000000e-02, 0, 0.124945, 9.100757e-05 
2.315922e-02, 2.812126e-03, 7.873019e-06, 7.464789e-05, 6.415053e-06, 2.708902e-03, 1.312170e-05, 1.166373e-06, 1.249384e-01, 9.860893e-05, 0.000000e+00, 0.000000, 5.000000e-02, 0, 0.124938, 9.860893e-05 
0.500000, 0, 0, 0, 0, 0, 0, 0, 0, 0, 0, 0, 0, 0, 0 ,0