TRM WS=1, MS=2, TRMstep=0: ub=0.800000, lb=0.200000, grow=2.000000,shrink=0.500000, b_w=2,b_m=4, lr=0.400000, lambda=0.000000, n=9, n0=2, n1=2, n2=1, sub_tol=0.001000, sub_maxit=1000, tol=1.000000e-08, m=4, nobias=0 
time, iter_t, subset_m_time, g_time, subset_w_time, p1_time, t2, t3, total error, total gmag, rho, sigma, gamma, step, approx error, approx gmag 
2.950341e-03, 2.950341e-03, 8.747799e-06, 7.610585e-05, 8.164613e-06, 2.840702e-03, 1.545445e-05, 1.166373e-06, 1.391073e-01, 1.177187e-02, 0.000000e+00, 0.000000, 4.000000e-01, 0, 0.139107, 1.177187e-02 
5.730975e-03, 2.780634e-03, 7.873019e-06, 7.493948e-05, 6.415053e-06, 2.677410e-03, 1.312170e-05, 8.747799e-07, 1.328249e-01, 9.188055e-03, 0.000000e+00, 0.000000, 4.000000e-01, 0, 0.132825, 9.188055e-03 
8.566720e-03, 2.835745e-03, 7.873019e-06, 7.435629e-05, 5.831866e-06, 2.733979e-03, 1.283011e-05, 8.747799e-07, 1.281275e-01, 5.973829e-03, 0.000000e+00, 0.000000, 4.000000e-01, 0, 0.128128, 5.973829e-03 
1.135639e-02, 2.789673e-03, 8.164613e-06, 7.406470e-05, 6.123459e-06, 2.687616e-03, 1.283011e-05, 8.747799e-07, 1.252950e-01, 1.855250e-03, 0.000000e+00, 0.000000, 4.000000e-01, 0, 0.125295, 1.855250e-03 
1.451085e-02, 3.154456e-03, 7.873019e-06, 7.493948e-05, 6.123459e-06, 3.049483e-03, 1.457967e-05, 1.457967e-06, 1.251105e-01, 3.262434e-04, 0.000000e+00, 0.000000, 2.000000e-01, 0, 0.125110, 3.262434e-04 
1.766676e-02, 3.155914e-03, 9.914172e-06, 8.135453e-05, 6.706646e-06, 3.043651e-03, 1.312170e-05, 1.166373e-06, 1.250818e-01, 1.351577e-04, 0.000000e+00, 0.000000, 1.000000e-01, 0, 0.125082, 1.351577e-04 
2.045731e-02, 2.790548e-03, 8.456206e-06, 7.464789e-05, 6.123459e-06, 2.687324e-03, 1.283011e-05, 1.166373e-06, 1.250362e-01, 2.625217e-04, 0.000000e+00, 0.000000, 5.000000e-02, 0, 0.125036, 2.625217e-04 
2.323124e-02, 2.773927e-03, 7.873019e-06, 7.435629e-05, 6.123459e-06, 2.671578e-03, 1.283011e-05, 1.166373e-06, 1.250319e-01, 4.639747e-04, 0.000000e+00, 0.000000, 5.000000e-02, 0, 0.125032, 4.639747e-04 
0.750000, 0, 0, 0, 0, 0, 0, 0, 0, 0, 0, 0, 0, 0, 0 ,0