TRM WS=0, MS=2, TRMstep=1: ub=0.800000, lb=0.200000, grow=2.000000,shrink=0.500000, b_w=3,b_m=3, lr=1.000000, lambda=0.000000, n=9, n0=2, n1=2, n2=1, sub_tol=0.001000, sub_maxit=1000, tol=1.000000e-08, m=4, nobias=0 
time, iter_t, subset_m_time, g_time, subset_w_time, p1_time, t2, t3, total error, total gmag, rho, sigma, gamma, step, approx error, approx gmag 
4.564456e-02, 4.564456e-02, 5.686069e-05, 8.864437e-05, 0, 9.322530e-03, 3.578200e-02, 3.945257e-04, 1.390250e-01, 1.091447e-02, 9.611899e-01, -0.009974, 2.000000e+00, 1, 0.108235, 1.791757e-03 
7.928364e-02, 3.363908e-02, 1.312170e-05, 8.456206e-05, 0, 9.217556e-03, 2.425065e-02, 7.318992e-05, 1.446123e-01, 1.227634e-02, 8.793073e-01, -0.036741, 4.000000e+00, 1, 0.098647, 3.271356e-03 
1.781670e-01, 9.888337e-02, 2.157790e-05, 1.213028e-04, 0, 1.063382e-02, 8.809967e-02, 6.998239e-06, 1.425120e-01, 1.139498e-02, 5.337506e-02, -0.514444, 2.000000e+00, 1, 0.180677, 1.992710e-02 
2.043273e-01, 2.616029e-02, 8.485365e-05, 1.968255e-04, 0, 9.331569e-03, 1.652430e-02, 2.274428e-05, 1.425120e-01, 1.139498e-02, 4.786309e-01, -0.140839, 2.000000e+00, 1, 0.180086, 2.071006e-02 
4.295134e-01, 2.251861e-01, 1.283011e-05, 8.368728e-05, 0, 8.228472e-03, 2.168527e-01, 8.456206e-06, 1.589040e-01, 1.581317e-02, -7.067687e-01, -0.068028, 1.000000e+00, 1, 0.117643, 6.386439e-03 
5.686589e-01, 1.391454e-01, 1.749560e-05, 1.315086e-04, 0, 8.478950e-03, 1.304906e-01, 2.682658e-05, 1.589040e-01, 1.581317e-02, 5.590893e-01, -0.020874, 1.000000e+00, 1, 0.117643, 6.386439e-03 
6.258642e-01, 5.720536e-02, 1.749560e-05, 9.622579e-05, 0, 1.074609e-02, 4.631814e-02, 2.740977e-05, 1.232183e-01, 8.143762e-03, 6.065840e-01, -0.013446, 1.000000e+00, 1, 0.105973, 5.600272e-03 
7.435125e-01, 1.176483e-01, 1.457967e-05, 9.360145e-05, 0, 9.515273e-03, 1.080015e-01, 2.332746e-05, 1.300820e-01, 1.264518e-02, 7.235145e-01, -0.100925, 1.000000e+00, 1, 0.143996, 2.931320e-02 
8.252554e-01, 8.174293e-02, 1.341329e-05, 8.514525e-05, 0, 8.233720e-03, 7.338675e-02, 2.391065e-05, 1.249061e-01, 1.074035e-02, 5.531028e-01, -0.088996, 1.000000e+00, 1, 0.145718, 2.327941e-02 
9.665274e-01, 1.412720e-01, 1.428807e-05, 8.543684e-05, 0, 8.053516e-03, 1.330919e-01, 2.682658e-05, 1.278054e-01, 1.156716e-02, 8.732421e-01, -0.012127, 2.000000e+00, 1, 0.096494, 3.125061e-03 
1.129437e+00, 1.629091e-01, 1.341329e-05, 8.427047e-05, 0, 8.131663e-03, 1.546553e-01, 2.449384e-05, 1.284848e-01, 1.325475e-02, 6.453267e-01, -0.042668, 2.000000e+00, 1, 0.121044, 4.952715e-03 
1.299181e+00, 1.697449e-01, 1.399648e-05, 9.010233e-05, 0, 1.243820e-02, 1.571764e-01, 2.624340e-05, 1.014051e-01, 7.714508e-03, 5.707305e-01, -0.047096, 2.000000e+00, 1, 0.093510, 8.448180e-03 
1.455376e+00, 1.561943e-01, 1.516285e-05, 9.797535e-05, 0, 9.039684e-03, 1.470178e-01, 2.361906e-05, 1.240057e-01, 2.022908e-02, 3.684759e-01, -0.250053, 2.000000e+00, 1, 0.150745, 3.523983e-02 
1.687042e+00, 2.316662e-01, 1.399648e-05, 8.339569e-05, 0, 8.022607e-03, 2.235235e-01, 2.274428e-05, 1.452824e-01, 2.209259e-02, 4.009266e-01, -0.209067, 2.000000e+00, 1, 0.192307, 3.029363e-02 
1.927967e+00, 2.409252e-01, 1.341329e-05, 8.397887e-05, 0, 8.521231e-03, 2.322859e-01, 2.070312e-05, 1.328428e-01, 2.269017e-02, 3.940434e-01, -0.081190, 2.000000e+00, 1, 0.086014, 1.194322e-02 
1.969696e+00, 4.172933e-02, 1.283011e-05, 7.756382e-05, 0, 7.661323e-03, 3.397091e-02, 6.706646e-06, 9.439584e-02, 5.976872e-03, 1.697204e-01, -0.122691, 1.000000e+00, 1, 0.107608, 1.414867e-02 
2.081554e+00, 1.118575e-01, 1.312170e-05, 8.922755e-05, 0, 9.492237e-03, 1.022419e-01, 2.099472e-05, 9.439584e-02, 5.976872e-03, 3.412575e-01, -0.021194, 1.000000e+00, 1, 0.054022, 1.921273e-02 
2.268994e+00, 1.874397e-01, 1.108055e-05, 9.039393e-05, 0, 8.008319e-03, 1.793045e-01, 2.536862e-05, 9.552359e-02, 1.170759e-02, 7.870700e-01, -0.085039, 1.000000e+00, 1, 0.106080, 2.725550e-02 
2.504982e+00, 2.359879e-01, 1.399648e-05, 8.660321e-05, 0, 8.726221e-03, 2.271378e-01, 2.332746e-05, 9.765871e-02, 1.466146e-02, 7.780843e-01, -0.019916, 1.000000e+00, 1, 0.039148, 1.075331e-02 
2.564983e+00, 6.000174e-02, 1.807879e-05, 8.456206e-05, 0, 8.448916e-03, 5.142744e-02, 2.274428e-05, 1.039189e-01, 1.298400e-02, 4.825710e-01, -0.014845, 1.000000e+00, 1, 0.023651, 7.592348e-03 
2.641183e+00, 7.620004e-02, 1.312170e-05, 8.485365e-05, 0, 8.504027e-03, 6.757617e-02, 2.186950e-05, 1.034326e-01, 9.166780e-03, 6.520528e-01, -0.085793, 1.000000e+00, 1, 0.130891, 1.704219e-02 
2.758483e+00, 1.172992e-01, 1.283011e-05, 7.785541e-05, 0, 8.004528e-03, 1.091822e-01, 2.186950e-05, 9.696290e-02, 1.338200e-02, 6.720563e-01, -0.009318, 1.000000e+00, 1, 0.100437, 5.776452e-03 
2.949388e+00, 1.909056e-01, 1.312170e-05, 8.427047e-05, 0, 8.948999e-03, 1.818332e-01, 2.595180e-05, 8.658943e-02, 9.180577e-03, 9.272416e-01, -0.021868, 2.000000e+00, 1, 0.113918, 1.357689e-02 
3.141905e+00, 1.925169e-01, 1.312170e-05, 8.368728e-05, 0, 8.822739e-03, 1.835726e-01, 2.478543e-05, 8.581602e-02, 1.009151e-02, 9.125732e-01, -0.015375, 4.000000e+00, 1, 0.076303, 2.757501e-02 
3.417334e+00, 2.754288e-01, 1.370489e-05, 7.902179e-05, 0, 7.832196e-03, 2.674975e-01, 6.415053e-06, 7.252774e-02, 4.324937e-03, 5.092044e-02, -0.293932, 2.000000e+00, 1, 0.090125, 8.300229e-03 
3.529463e+00, 1.121293e-01, 1.341329e-05, 7.814701e-05, 0, 7.331531e-03, 1.046843e-01, 2.186950e-05, 7.252774e-02, 4.324937e-03, 5.022218e-01, -0.080769, 2.000000e+00, 1, 0.087933, 7.204866e-03 
3.643375e+00, 1.139115e-01, 1.312170e-05, 7.698063e-05, 0, 7.749384e-03, 1.060487e-01, 2.332746e-05, 6.046168e-02, 2.118607e-02, 4.580554e-01, -0.042095, 2.000000e+00, 1, 0.077692, 3.010184e-02 
3.828817e+00, 1.854423e-01, 1.691241e-05, 1.067232e-04, 0, 9.685563e-03, 1.756121e-01, 2.099472e-05, 5.737583e-02, 7.085410e-03, 5.801373e-01, -0.075765, 2.000000e+00, 1, 0.069151, 1.332581e-02 
4.070496e+00, 2.416792e-01, 1.341329e-05, 7.814701e-05, 0, 8.019108e-03, 2.335624e-01, 6.123459e-06, 3.945065e-02, 1.659964e-02, -3.183297e-02, -0.009495, 1.000000e+00, 1, 0.025197, 6.917899e-03 
4.109188e+00, 3.869210e-02, 1.312170e-05, 8.018816e-05, 0, 9.149615e-03, 2.942701e-02, 2.216109e-05, 3.945065e-02, 1.659964e-02, 5.859660e-01, -0.037394, 1.000000e+00, 1, 0.046381, 2.505842e-02 
4.199723e+00, 9.053476e-02, 1.253851e-05, 7.727223e-05, 0, 7.712060e-03, 8.271132e-02, 2.157790e-05, 2.977133e-02, 5.505274e-03, 5.696938e-01, -0.016466, 1.000000e+00, 1, 0.035723, 8.506663e-03 
4.284466e+00, 8.474343e-02, 1.137214e-05, 7.785541e-05, 0, 7.387808e-03, 7.722645e-02, 3.994828e-05, 2.295393e-02, 4.343935e-03, 1.050598e+00, -0.013741, 2.000000e+00, 1, 0.026689, 7.984939e-03 
4.402996e+00, 1.185295e-01, 1.516285e-05, 8.514525e-05, 0, 8.146825e-03, 1.102605e-01, 2.186950e-05, 2.011797e-02, 9.205639e-03, 3.628823e-01, -0.016262, 2.000000e+00, 1, 0.012252, 3.615462e-03 
4.552197e+00, 1.492010e-01, 1.341329e-05, 8.368728e-05, 0, 8.022898e-03, 1.410577e-01, 2.332746e-05, 6.340394e-02, 2.094778e-02, 2.771550e-01, -0.259748, 2.000000e+00, 1, 0.082648, 2.863969e-02 
4.575000e+00, 2.280318e-02, 1.341329e-05, 8.368728e-05, 0, 8.082675e-03, 1.460124e-02, 2.216109e-05, 2.368496e-02, 1.492993e-02, 2.737176e-01, -0.018488, 2.000000e+00, 1, 0.031160, 2.010701e-02 
4.694323e+00, 1.193226e-01, 1.195533e-05, 8.835277e-05, 0, 7.970995e-03, 1.112245e-01, 2.682658e-05, 2.164484e-02, 1.096891e-02, 5.438147e-01, -0.006929, 2.000000e+00, 1, 0.008682, 1.918173e-03 
4.718963e+00, 2.463993e-02, 1.399648e-05, 1.545445e-04, 0, 8.574301e-03, 1.586763e-02, 2.945092e-05, 1.767434e-02, 1.209218e-02, 1.286487e+00, -0.002013, 2.354385e+00, 0, 0.004914, 1.635474e-03 
4.750583e+00, 3.162038e-02, 1.166373e-05, 8.485365e-05, 0, 7.726348e-03, 2.377564e-02, 2.186950e-05, 1.817520e-02, 1.710078e-02, 3.190180e-01, -0.006372, 2.354385e+00, 1, 0.023135, 2.329394e-02 
4.816413e+00, 6.583040e-02, 1.049736e-05, 8.397887e-05, 0, 7.820532e-03, 5.788944e-02, 2.595180e-05, 2.225271e-02, 1.344083e-02, 5.494888e-01, -0.027519, 2.354385e+00, 1, 0.029445, 1.786306e-02 
4.885989e+00, 6.957562e-02, 1.253851e-05, 7.785541e-05, 0, 7.726931e-03, 6.175130e-02, 6.998239e-06, 1.111978e-02, 8.368246e-03, -3.979016e-02, -0.003301, 1.177193e+00, 1, 0.003535, 2.232454e-03 
4.911895e+00, 2.590602e-02, 1.195533e-05, 7.931338e-05, 0, 7.905095e-03, 1.788604e-02, 2.361906e-05, 1.111978e-02, 8.368246e-03, 9.714869e-01, -0.006093, 2.354385e+00, 1, 0.012314, 1.237183e-02 
4.947279e+00, 3.538397e-02, 1.020577e-05, 7.727223e-05, 0, 7.309078e-03, 2.796759e-02, 1.982834e-05, 9.224546e-03, 4.267067e-03, 3.807043e-01, -0.010475, 2.354385e+00, 1, 0.011990, 5.638118e-03 
5.123924e+00, 1.766452e-01, 1.224692e-05, 9.068552e-05, 0, 8.084716e-03, 1.684508e-01, 6.706646e-06, 8.888090e-03, 4.578879e-03, 4.156181e+00, 0.000556, 1.177193e+00, 1, 0.011629, 6.313028e-03 
5.155613e+00, 3.168832e-02, 1.224692e-05, 7.873019e-05, 0, 7.359523e-03, 2.421741e-02, 2.041153e-05, 8.888090e-03, 4.578879e-03, 2.617319e-01, -0.000301, 1.177193e+00, 1, 0.008002, 4.475029e-03 
5.178699e+00, 2.308603e-02, 9.039393e-06, 7.785541e-05, 0, 7.457790e-03, 1.551976e-02, 2.157790e-05, 6.962414e-03, 3.491187e-03, 4.267226e+00, -0.000722, 2.354385e+00, 1, 0.009040, 4.888873e-03 
5.460909e+00, 2.822101e-01, 1.108055e-05, 7.756382e-05, 0, 7.180485e-03, 2.749212e-01, 1.982834e-05, 5.088000e-03, 1.744666e-03, 2.975348e-01, -0.004071, 2.354385e+00, 1, 0.004178, 3.500622e-03 
5.500510e+00, 3.960100e-02, 1.078895e-05, 7.785541e-05, 0, 7.551975e-03, 3.193267e-02, 2.770136e-05, 1.425222e-02, 8.449153e-03, 1.617086e+00, -0.007907, 2.925142e+00, 0, 0.018635, 1.143123e-02 
5.600022e+00, 9.951205e-02, 1.370489e-05, 8.485365e-05, 0, 8.096963e-03, 9.126579e-02, 5.073724e-05, 6.763582e-03, 2.053222e-03, 3.751436e-01, -0.007730, 2.925142e+00, 1, 0.008553, 2.976624e-03 
5.748739e+00, 1.487170e-01, 1.487126e-05, 9.360145e-05, 0, 8.001029e-03, 1.406013e-01, 6.123459e-06, 5.360990e-03, 1.655362e-03, 2.905930e-03, -0.014773, 1.462571e+00, 1, 0.005573, 3.224134e-03 
5.777841e+00, 2.910189e-02, 1.253851e-05, 7.814701e-05, 0, 9.916505e-03, 1.907370e-02, 2.099472e-05, 5.360990e-03, 1.655362e-03, 5.287653e-01, -0.001204, 1.462571e+00, 1, 0.003552, 2.719861e-03 
5.849290e+00, 7.144911e-02, 1.837038e-05, 9.505942e-05, 0, 8.721847e-03, 6.258875e-02, 2.507702e-05, 4.704748e-02, 2.357406e-02, 1.368008e+00, -0.000324, 2.925142e+00, 1, 0.002916, 2.122692e-03 
6.134387e+00, 2.850972e-01, 1.195533e-05, 7.843860e-05, 0, 7.771545e-03, 2.772070e-01, 2.828455e-05, 1.096255e-01, 9.466031e-03, 7.556272e-01, -0.131904, 2.925142e+00, 1, 0.145628, 1.228750e-02 
6.152156e+00, 1.776940e-02, 8.922755e-05, 1.131382e-04, 0, 9.763710e-03, 7.780293e-03, 2.303587e-05, 3.448644e-02, 2.875702e-02, 3.381270e+00, -0.005718, 2.925142e+00, 0, 0.023097, 1.581943e-02 
6.226672e+00, 7.451550e-02, 1.049736e-05, 7.873019e-05, 0, 7.460415e-03, 6.694603e-02, 1.982834e-05, 1.525943e-02, 1.706960e-02, 4.144633e-01, -0.006688, 2.925142e+00, 1, 0.003761, 1.797856e-03 
6.248701e+00, 2.202900e-02, 9.914172e-06, 9.680898e-05, 0, 7.221600e-03, 1.467939e-02, 2.128631e-05, 1.231056e-01, 1.158480e-03, 2.929924e+00, -0.039205, 5.850285e+00, 1, 0.163828, 1.445495e-03 
6.287136e+00, 3.843550e-02, 8.747799e-06, 7.698063e-05, 0, 7.692523e-03, 3.065171e-02, 5.540273e-06, 3.698744e-02, 2.442647e-02, -2.329365e+00, 0.017431, 2.925142e+00, 0, 0.048961, 3.280008e-02 
6.301044e+00, 1.390783e-02, 9.039393e-06, 7.727223e-05, 0, 7.457499e-03, 6.343321e-03, 2.070312e-05, 3.698744e-02, 2.442647e-02, 1.701608e+00, -0.020699, 2.925142e+00, 0, 0.038442, 4.355759e-02 
6.339313e+00, 3.826841e-02, 1.632923e-05, 8.193772e-05, 0, 7.318409e-03, 3.083395e-02, 1.778719e-05, 3.726822e-02, 2.944580e-02, 2.606935e-01, -0.001908, 2.925142e+00, 1, 0.003221, 2.709962e-03 
6.364182e+00, 2.486941e-02, 1.283011e-05, 7.698063e-05, 0, 7.207603e-03, 1.756675e-02, 5.248680e-06, 1.120559e-01, 6.036804e-03, 1.459165e+00, 0.008056, 1.462571e+00, 0, 0.149053, 8.205870e-03 
6.392014e+00, 2.783200e-02, 9.914172e-06, 7.698063e-05, 0, 7.149868e-03, 2.057337e-02, 2.186950e-05, 1.120559e-01, 6.036804e-03, 1.196814e+00, -0.000066, 2.925142e+00, 1, 0.002724, 2.148805e-03 
6.449098e+00, 5.708376e-02, 8.747799e-06, 7.756382e-05, 0, 7.244927e-03, 4.973153e-02, 2.099472e-05, 1.203882e-01, 1.621333e-03, 3.984914e-01, -0.078297, 2.925142e+00, 1, 0.160101, 2.052456e-03 
6.760206e+00, 3.111082e-01, 9.914172e-06, 1.029324e-04, 0, 8.090839e-03, 3.028823e-01, 2.216109e-05, 9.668133e-02, 2.134475e-02, 2.587798e-01, -0.237325, 2.925142e+00, 1, 0.068924, 1.601898e-02 
6.919434e+00, 1.592277e-01, 1.283011e-05, 7.931338e-05, 0, 7.484034e-03, 1.516265e-01, 2.507702e-05, 1.274417e-01, 4.353607e-03, 9.706499e-01, -0.170506, 5.850285e+00, 1, 0.169905, 5.812691e-03 
6.944843e+00, 2.540886e-02, 1.224692e-05, 7.873019e-05, 0, 7.707103e-03, 1.760465e-02, 6.123459e-06, 3.607855e-02, 2.618833e-02, 1.145279e-01, -0.326044, 2.925142e+00, 1, 0.045490, 3.614164e-02 
7.053200e+00, 1.083575e-01, 1.020577e-05, 7.843860e-05, 0, 8.120290e-03, 1.001428e-01, 5.831866e-06, 3.607855e-02, 2.618833e-02, -7.884908e-01, -0.001571, 1.462571e+00, 1, 0.004403, 1.978447e-03 
7.204690e+00, 1.514900e-01, 1.253851e-05, 7.989657e-05, 0, 8.025231e-03, 1.433502e-01, 2.216109e-05, 3.607855e-02, 2.618833e-02, 2.470829e-01, -0.095186, 1.462571e+00, 1, 0.047546, 3.520942e-02 
7.254209e+00, 4.951867e-02, 1.253851e-05, 8.077135e-05, 0, 8.405177e-03, 4.099685e-02, 2.332746e-05, 1.896194e-02, 1.139120e-02, 2.536508e-01, -0.055414, 1.462571e+00, 1, 0.024027, 1.430179e-02 
7.313337e+00, 5.912842e-02, 1.428807e-05, 8.543684e-05, 0, 8.513650e-03, 5.049230e-02, 2.274428e-05, 8.453501e-03, 4.704943e-03, 2.863235e-01, -0.007939, 1.462571e+00, 1, 0.005796, 3.124766e-03 
7.334930e+00, 2.159248e-02, 1.283011e-05, 7.989657e-05, 0, 7.621957e-03, 1.385535e-02, 2.245268e-05, 3.130228e-02, 2.263840e-02, 4.571989e-01, -0.070584, 1.462571e+00, 1, 0.040136, 3.078729e-02 
7.417394e+00, 8.246463e-02, 1.253851e-05, 8.485365e-05, 0, 8.143326e-03, 7.419942e-02, 2.449384e-05, 1.182405e-02, 3.833655e-03, 1.187718e+00, -0.006484, 1.672069e+00, 0, 0.010598, 6.997957e-03 
7.597614e+00, 1.802195e-01, 1.283011e-05, 7.960497e-05, 0, 8.270753e-03, 1.718342e-01, 2.216109e-05, 1.657484e-02, 1.673476e-02, 4.674619e-01, -0.011457, 1.672069e+00, 1, 0.021692, 2.222234e-02 
7.911457e+00, 3.138436e-01, 1.457967e-05, 7.902179e-05, 0, 7.618458e-03, 3.061059e-01, 2.566021e-05, 1.495816e-02, 1.497176e-02, 6.017656e-01, -0.004115, 1.672069e+00, 1, 0.004033, 4.745615e-03 
7.933567e+00, 2.210948e-02, 1.662082e-05, 1.032240e-04, 0, 9.148448e-03, 1.280590e-02, 3.528279e-05, 6.158301e-02, 2.986924e-02, 6.218963e+00, -0.000164, 1.672069e+00, 0, 0.001557, 1.887172e-03 
7.956334e+00, 2.276761e-02, 1.749560e-05, 1.160541e-04, 0, 9.576799e-03, 1.305084e-02, 6.415053e-06, 5.644122e-02, 2.925880e-02, 1.724787e-01, -0.284599, 8.360347e-01, 1, 0.075137, 3.905026e-02 
7.990064e+00, 3.372947e-02, 1.195533e-05, 8.397887e-05, 0, 8.022898e-03, 2.558236e-02, 2.828455e-05, 5.644122e-02, 2.925880e-02, 5.014760e-01, -0.143413, 8.360347e-01, 1, 0.075073, 3.910579e-02 
8.023435e+00, 3.337140e-02, 1.632923e-05, 1.043904e-04, 0, 1.002819e-02, 2.317992e-02, 4.257262e-05, 3.469846e-03, 1.726362e-03, 4.820139e-01, -0.002190, 8.360347e-01, 1, 0.004323, 2.359590e-03 
8.301587e+00, 2.781520e-01, 1.866197e-05, 1.038072e-04, 0, 8.061680e-03, 2.699451e-01, 2.274428e-05, 2.903311e-03, 1.049736e-03, 2.368190e-01, -0.001156, 8.360347e-01, 1, 0.003753, 1.449856e-03 
8.337397e+00, 3.580970e-02, 1.312170e-05, 7.756382e-05, 0, 7.613793e-03, 2.808248e-02, 2.274428e-05, 2.728774e-03, 8.287971e-04, 4.995232e-01, -0.001187, 8.360347e-01, 1, 0.002533, 1.023635e-03 
8.367624e+00, 3.022656e-02, 1.137214e-05, 8.514525e-05, 0, 8.028147e-03, 2.208090e-02, 2.099472e-05, 4.918230e-03, 2.948771e-03, 5.939357e-01, -0.000327, 8.360347e-01, 1, 0.001940, 6.710979e-04 
8.445531e+00, 7.790702e-02, 1.312170e-05, 8.631162e-05, 0, 7.519317e-03, 7.026466e-02, 2.361906e-05, 2.257099e-03, 8.062784e-04, 3.908361e-01, -0.001073, 8.360347e-01, 1, 0.002891, 1.167408e-03 
8.783586e+00, 3.380558e-01, 1.370489e-05, 8.718640e-05, 0, 9.256630e-03, 3.286918e-01, 6.415053e-06, 1.975078e-03, 5.288757e-04, 1.519564e-01, -0.000602, 4.180174e-01, 1, 0.002471, 8.093524e-04 
8.868546e+00, 8.495979e-02, 1.428807e-05, 8.456206e-05, 0, 8.219724e-03, 7.661468e-02, 2.653499e-05, 1.975078e-03, 5.288757e-04, 9.629202e-01, -0.000705, 8.360347e-01, 1, 0.001825, 8.345990e-04 
8.968131e+00, 9.958524e-02, 1.283011e-05, 8.485365e-05, 0, 8.970868e-03, 9.049365e-02, 2.303587e-05, 1.645443e-03, 7.017202e-04, 3.910125e-01, -0.000572, 8.360347e-01, 1, 0.002075, 1.018539e-03 
9.024733e+00, 5.660118e-02, 1.545445e-05, 8.427047e-05, 0, 9.742424e-03, 4.675290e-02, 6.123459e-06, 1.574127e-03, 4.622353e-04, -6.504288e-02, -0.000080, 4.180174e-01, 1, 0.001851, 7.185310e-04 
9.049671e+00, 2.493881e-02, 1.457967e-05, 8.514525e-05, 0, 8.798245e-03, 1.601984e-02, 2.099472e-05, 1.574127e-03, 4.622353e-04, 6.152006e-01, -0.000759, 4.180174e-01, 1, 0.001387, 1.054315e-03 
9.077708e+00, 2.803640e-02, 1.195533e-05, 7.814701e-05, 0, 8.075677e-03, 1.984817e-02, 2.245268e-05, 1.996469e-03, 9.824149e-04, 5.847160e-01, -0.001202, 4.180174e-01, 1, 0.002542, 1.355964e-03 
9.241124e+00, 1.634162e-01, 1.195533e-05, 7.873019e-05, 0, 7.840944e-03, 1.554612e-01, 2.332746e-05, 1.531745e-03, 4.193858e-04, 6.779887e-01, -0.000735, 4.180174e-01, 1, 0.001860, 5.899546e-04 
9.260590e+00, 1.946619e-02, 1.283011e-05, 8.310409e-05, 0, 7.835112e-03, 1.151706e-02, 1.807879e-05, 1.243780e-03, 3.079400e-04, 7.983544e-01, -0.000467, 4.180174e-01, 1, 0.001070, 6.482081e-04 
9.361448e+00, 1.008580e-01, 8.747799e-06, 8.893596e-05, 0, 7.471787e-03, 9.326670e-02, 2.186950e-05, 1.233293e-03, 5.245502e-04, 9.781665e-01, -0.000509, 8.360347e-01, 1, 0.001458, 6.717962e-04 
9.381228e+00, 1.977965e-02, 9.039393e-06, 7.814701e-05, 0, 1.046645e-02, 9.202685e-03, 2.332746e-05, 1.130063e-03, 6.332981e-04, 8.000890e+00, -0.000067, 1.136713e+00, 0, 0.000866, 6.762150e-04 
9.408116e+00, 2.688782e-02, 1.049736e-05, 7.668904e-05, 0, 1.253910e-02, 1.425279e-02, 8.747799e-06, 1.483130e-03, 1.216668e-03, -3.914765e+00, 0.000343, 5.683564e-01, 0, 0.001848, 1.711919e-03 
9.441454e+00, 3.333815e-02, 1.399648e-05, 8.193772e-05, 0, 7.751425e-03, 2.548438e-02, 6.415053e-06, 1.483130e-03, 1.216668e-03, 7.502914e+00, 0.000001, 2.841782e-01, 1, 0.000331, 1.404279e-04 
9.546826e+00, 1.053725e-01, 1.283011e-05, 7.931338e-05, 0, 8.432295e-03, 9.682093e-02, 2.711818e-05, 1.483130e-03, 1.216668e-03, 1.084444e+00, -0.000802, 5.683564e-01, 1, 0.001898, 1.658091e-03 
9.580126e+00, 3.329996e-02, 1.370489e-05, 8.631162e-05, 0, 9.316989e-03, 2.381384e-02, 6.910761e-05, 8.642465e-04, 4.530785e-04, 1.086416e+00, -0.000413, 1.136713e+00, 1, 0.001028, 6.549108e-04 
9.645947e+00, 6.582048e-02, 1.837038e-05, 9.914172e-05, 0, 8.705810e-03, 5.697383e-02, 2.332746e-05, 5.151868e-04, 2.004492e-04, 5.918123e-01, -0.000155, 1.136713e+00, 1, 0.000295, 1.660697e-04 
9.817341e+00, 1.713945e-01, 1.428807e-05, 8.514525e-05, 0, 9.192771e-03, 1.620760e-01, 2.624340e-05, 1.805385e-03, 1.531568e-03, 1.065225e+00, -0.001136, 2.273426e+00, 1, 0.002304, 2.105681e-03 
9.898714e+00, 8.137290e-02, 1.341329e-05, 9.156030e-05, 0, 7.967787e-03, 7.327594e-02, 2.420224e-05, 8.845601e-04, 7.158408e-04, 1.429039e+00, -0.000508, 2.273426e+00, 0, 0.001150, 9.655421e-04 
9.969832e+00, 7.111815e-02, 1.545445e-05, 8.456206e-05, 0, 7.869812e-03, 6.314249e-02, 5.831866e-06, 3.863013e-04, 2.388785e-04, 1.505305e-01, -0.000147, 1.136713e+00, 1, 0.000161, 9.918247e-05 
9.987243e+00, 1.741016e-02, 1.341329e-05, 8.456206e-05, 0, 7.717892e-03, 9.589337e-03, 4.957086e-06, 3.863013e-04, 2.388785e-04, -5.300870e+00, 0.000033, 5.683564e-01, 0, 0.000425, 3.488037e-04 
1.027661e+01, 2.893664e-01, 9.914172e-06, 8.397887e-05, 0, 7.695439e-03, 2.815549e-01, 2.216109e-05, 3.863013e-04, 2.388785e-04, 6.388854e-01, -0.000094, 5.683564e-01, 1, 0.000161, 9.918247e-05 
1.029565e+01, 1.903754e-02, 1.457967e-05, 8.106294e-05, 0, 7.750550e-03, 1.116802e-02, 2.332746e-05, 9.095404e-04, 8.848305e-04, 5.337199e-01, -0.000584, 5.683564e-01, 1, 0.001178, 1.196732e-03 
1.038910e+01, 9.344866e-02, 9.914172e-06, 7.902179e-05, 0, 7.275836e-03, 8.605997e-02, 2.391065e-05, 6.827965e-04, 5.979346e-04, 1.125914e+00, -0.000391, 1.136713e+00, 1, 0.000866, 8.176044e-04 
1.040919e+01, 2.009661e-02, 1.895356e-05, 8.164613e-05, 0, 7.928714e-03, 1.206176e-02, 5.540273e-06, 3.529272e-04, 2.504973e-04, -8.880530e+00, 0.000019, 5.683564e-01, 0, 0.000455, 3.317843e-04 
1.045953e+01, 5.033484e-02, 8.456206e-06, 7.843860e-05, 0, 7.310244e-03, 4.291874e-02, 1.895356e-05, 3.529272e-04, 2.504973e-04, 4.362904e-01, -0.000197, 5.683564e-01, 1, 0.000455, 3.317843e-04 
1.059130e+01, 1.317719e-01, 9.330986e-06, 7.727223e-05, 0, 7.424840e-03, 1.242342e-01, 2.624340e-05, 2.895583e-04, 1.458182e-04, 1.130100e+00, -0.000123, 1.136713e+00, 1, 0.000295, 2.280960e-04 
1.062755e+01, 3.625059e-02, 1.253851e-05, 1.151794e-04, 0, 8.188232e-03, 2.792764e-02, 6.998239e-06, 1.768261e-04, 6.015369e-05, -1.589381e-01, -0.000064, 5.683564e-01, 1, 0.000203, 8.578406e-05 
1.069521e+01, 6.766073e-02, 1.224692e-05, 9.126870e-05, 0, 7.952333e-03, 5.958359e-02, 2.128631e-05, 1.768261e-04, 6.015369e-05, 5.610753e-01, -0.000060, 5.683564e-01, 1, 0.000203, 8.578406e-05 
1.098692e+01, 2.917102e-01, 1.253851e-05, 7.727223e-05, 0, 7.839486e-03, 2.837597e-01, 2.128631e-05, 1.468342e-04, 4.300589e-05, 5.379688e-01, -0.000110, 5.683564e-01, 1, 0.000128, 8.339821e-05 
1.104329e+01, 5.637257e-02, 1.312170e-05, 7.814701e-05, 0, 7.395389e-03, 4.886491e-02, 2.099472e-05, 2.759911e-04, 2.449419e-04, 5.592187e-01, -0.000048, 5.683564e-01, 1, 0.000069, 3.172403e-05 
1.109521e+01, 5.191819e-02, 1.224692e-05, 7.960497e-05, 0, 7.345819e-03, 4.446040e-02, 2.011994e-05, 1.110537e-03, 1.347820e-03, 6.463634e-01, -0.000023, 5.683564e-01, 1, 0.000042, 1.381224e-05 
1.111231e+01, 1.710253e-02, 1.224692e-05, 7.843860e-05, 0, 7.256299e-03, 9.737758e-03, 1.778719e-05, 4.690564e-03, 5.743951e-03, 5.501491e-01, -0.003514, 5.683564e-01, 1, 0.006242, 7.656101e-03 
1.112567e+01, 1.335322e-02, 9.039393e-06, 7.785541e-05, 0, 7.729847e-03, 5.515196e-03, 2.128631e-05, 3.238747e-03, 4.087887e-03, 1.158427e+00, -0.002346, 1.136713e+00, 1, 0.004310, 5.453577e-03 
1.114286e+01, 1.719467e-02, 8.747799e-06, 7.668904e-05, 0, 7.198564e-03, 9.905133e-03, 5.540273e-06, 1.201741e-03, 1.561056e-03, -4.799934e+00, 0.000269, 5.683564e-01, 0, 0.001583, 2.089305e-03 
1.115590e+01, 1.304064e-02, 8.456206e-06, 7.698063e-05, 0, 7.761631e-03, 5.171699e-03, 2.186950e-05, 1.201741e-03, 1.561056e-03, 1.130770e+00, -0.000803, 1.136713e+00, 1, 0.001583, 2.089305e-03 
1.117505e+01, 1.915243e-02, 9.330986e-06, 7.698063e-05, 0, 8.222931e-03, 1.081432e-02, 2.886774e-05, 5.210448e-04, 6.657780e-04, 1.055726e+00, -0.000323, 2.273426e+00, 1, 0.000688, 8.863241e-04 
1.133427e+01, 1.592152e-01, 8.456206e-06, 7.698063e-05, 0, 7.325115e-03, 1.517845e-01, 2.011994e-05, 2.861528e-04, 3.452813e-04, 6.938843e-01, -0.000069, 2.273426e+00, 1, 0.000377, 4.627945e-04 
1.135263e+01, 1.836221e-02, 1.020577e-05, 7.814701e-05, 0, 7.511444e-03, 1.075717e-02, 5.248680e-06, 2.482402e-04, 2.992435e-04, -4.837360e+00, 0.000047, 1.136713e+00, 0, 0.000299, 3.912220e-04 
1.153466e+01, 1.820274e-01, 8.747799e-06, 7.727223e-05, 0, 7.502987e-03, 1.744081e-01, 3.032570e-05, 2.482402e-04, 2.992435e-04, 5.401400e-01, -0.000005, 1.136713e+00, 1, 0.000329, 4.001442e-04 
1.155448e+01, 1.982368e-02, 1.457967e-05, 8.106294e-05, 0, 7.587549e-03, 1.213232e-02, 8.164613e-06, 2.480150e-04, 2.920681e-04, -4.996284e+00, 0.000047, 5.683564e-01, 0, 0.000326, 3.915922e-04 
1.157570e+01, 2.122216e-02, 1.283011e-05, 7.843860e-05, 0, 7.829280e-03, 1.329491e-02, 6.706646e-06, 2.480150e-04, 2.920681e-04, -4.574675e+00, 0.000052, 2.841782e-01, 0, 0.000326, 3.915922e-04 
1.165596e+01, 8.025027e-02, 1.224692e-05, 7.814701e-05, 0, 9.183731e-03, 7.095107e-02, 2.507702e-05, 2.480150e-04, 2.920681e-04, 1.198936e+00, -0.000136, 5.683564e-01, 1, 0.000300, 3.819986e-04 
1.174858e+01, 9.262082e-02, 1.253851e-05, 7.843860e-05, 0, 1.000982e-02, 8.249320e-02, 2.682658e-05, 1.323859e-04, 1.222170e-04, 9.294604e-01, -0.000027, 1.136713e+00, 1, 0.000055, 4.089959e-05 
1.183014e+01, 8.156186e-02, 1.428807e-05, 8.485365e-05, 0, 8.516566e-03, 7.291728e-02, 2.886774e-05, 4.605243e-04, 6.286629e-04, 6.687125e-01, -0.000016, 1.136713e+00, 1, 0.000030, 1.949538e-05 
1.184956e+01, 1.942361e-02, 1.720401e-05, 1.029324e-04, 0, 8.712225e-03, 1.058484e-02, 6.415053e-06, 4.060076e-03, 5.486437e-03, -6.370717e+00, 0.000729, 5.683564e-01, 0, 0.005400, 7.312545e-03 
1.186076e+01, 1.120127e-02, 1.108055e-05, 8.456206e-05, 0, 7.958165e-03, 3.120923e-03, 2.653499e-05, 4.060076e-03, 5.486437e-03, 1.167213e+00, -0.003018, 1.136713e+00, 1, 0.005411, 7.315986e-03 
1.188047e+01, 1.970617e-02, 1.049736e-05, 8.339569e-05, 0, 7.650825e-03, 1.195416e-02, 7.289833e-06, 1.418628e-03, 2.033285e-03, -6.071155e+00, 0.000259, 5.683564e-01, 0, 0.001889, 2.712123e-03 
1.189157e+01, 1.109804e-02, 1.166373e-05, 1.108055e-04, 0, 8.816324e-03, 2.131547e-03, 2.770136e-05, 1.418628e-03, 2.033285e-03, 1.039132e+00, -0.000778, 1.136713e+00, 1, 0.001887, 2.712293e-03 
1.191834e+01, 2.676943e-02, 1.078895e-05, 9.389304e-05, 0, 8.310701e-03, 1.834909e-02, 4.957086e-06, 8.111497e-04, 1.182890e-03, -6.877839e-01, -0.000000, 5.683564e-01, 1, 0.000014, 8.041903e-06 
1.199443e+01, 7.609011e-02, 9.039393e-06, 8.427047e-05, 0, 7.486367e-03, 6.848944e-02, 2.099472e-05, 8.111497e-04, 1.182890e-03, 5.742440e-01, -0.000001, 5.683564e-01, 1, 0.000014, 8.041903e-06 
1.201257e+01, 1.814673e-02, 1.108055e-05, 7.843860e-05, 0, 7.856982e-03, 1.019469e-02, 5.540273e-06, 8.850235e-04, 1.379565e-03, -6.930580e+00, 0.000141, 2.841782e-01, 0, 0.001177, 1.840315e-03 
1.203008e+01, 1.750464e-02, 8.456206e-06, 7.902179e-05, 0, 7.315493e-03, 1.008184e-02, 1.982834e-05, 8.850235e-04, 1.379565e-03, 6.070786e-01, -0.000671, 2.841782e-01, 1, 0.001177, 1.840315e-03 
1.204712e+01, 1.704684e-02, 8.747799e-06, 7.756382e-05, 0, 7.393348e-03, 9.549389e-03, 1.778719e-05, 5.801608e-04, 8.902316e-04, 6.053991e-01, -0.000424, 2.841782e-01, 1, 0.000766, 1.185561e-03 
1.221605e+01, 1.689282e-01, 8.456206e-06, 8.981074e-05, 0, 7.477036e-03, 1.613284e-01, 2.449384e-05, 3.870915e-04, 5.794022e-04, 9.532494e-01, -0.000004, 5.683564e-01, 1, 0.000015, 4.420395e-06 
1.222538e+01, 9.326029e-03, 1.253851e-05, 7.843860e-05, 0, 7.430089e-03, 1.779594e-03, 2.536862e-05, 7.889867e-04, 1.266247e-03, 1.243275e+00, -0.000537, 1.059678e+00, 0, 0.001047, 1.687519e-03 
1.224339e+01, 1.801609e-02, 1.224692e-05, 9.330986e-05, 0, 7.509402e-03, 1.039588e-02, 5.248680e-06, 2.860485e-04, 4.491761e-04, -8.338264e+00, 0.000035, 5.298391e-01, 0, 0.000380, 5.986285e-04 
1.226070e+01, 1.730169e-02, 1.574604e-05, 7.931338e-05, 0, 7.328323e-03, 9.873349e-03, 4.957086e-06, 2.860485e-04, 4.491761e-04, -7.892934e+00, 0.000038, 2.649196e-01, 0, 0.000376, 6.008204e-04 
1.227823e+01, 1.753380e-02, 1.020577e-05, 7.756382e-05, 0, 7.129748e-03, 1.029354e-02, 2.274428e-05, 2.860485e-04, 4.491761e-04, 6.110029e-01, -0.000153, 2.649196e-01, 1, 0.000380, 5.986285e-04 
1.238403e+01, 1.058020e-01, 9.622579e-06, 7.698063e-05, 0, 7.206729e-03, 9.848301e-02, 2.566021e-05, 2.159011e-04, 3.223903e-04, 9.884941e-01, -0.000011, 5.298391e-01, 1, 0.000024, 1.668000e-05 
1.240234e+01, 1.831235e-02, 1.283011e-05, 7.843860e-05, 0, 7.638578e-03, 1.057696e-02, 5.540273e-06, 4.737393e-04, 7.819154e-04, -7.771131e+00, 0.000066, 2.649196e-01, 0, 0.000624, 1.045114e-03 
1.242024e+01, 1.789946e-02, 8.456206e-06, 7.756382e-05, 0, 7.356899e-03, 1.043846e-02, 1.807879e-05, 4.737393e-04, 7.819154e-04, 6.135605e-01, -0.000292, 2.649196e-01, 1, 0.000629, 1.042120e-03 
1.243960e+01, 1.935567e-02, 8.456206e-06, 7.756382e-05, 0, 7.219559e-03, 1.202793e-02, 2.216109e-05, 3.392782e-04, 5.453081e-04, 1.215090e+00, -0.000215, 5.298391e-01, 1, 0.000450, 7.266953e-04 
1.245901e+01, 1.941166e-02, 9.330986e-06, 7.960497e-05, 0, 7.295373e-03, 1.201831e-02, 9.039393e-06, 1.440019e-04, 2.088666e-04, -6.457168e+00, 0.000022, 2.649196e-01, 0, 0.000182, 2.821527e-04 
1.247775e+01, 1.874216e-02, 1.253851e-05, 8.018816e-05, 0, 8.091423e-03, 1.053585e-02, 2.216109e-05, 1.440019e-04, 2.088666e-04, 6.076574e-01, -0.000098, 2.649196e-01, 1, 0.000182, 2.821527e-04 
1.257130e+01, 9.354488e-02, 1.224692e-05, 7.843860e-05, 0, 9.231844e-03, 8.420048e-02, 2.186950e-05, 1.027953e-04, 1.313274e-04, 6.875321e-01, -0.000012, 2.649196e-01, 1, 0.000022, 1.370848e-05 
1.258945e+01, 1.814964e-02, 1.224692e-05, 7.902179e-05, 0, 7.937753e-03, 1.009875e-02, 2.186950e-05, 2.491102e-04, 3.947981e-04, 1.214562e+00, -0.000156, 5.298391e-01, 1, 0.000329, 5.257660e-04 
1.260896e+01, 1.950730e-02, 9.039393e-06, 7.814701e-05, 0, 7.890223e-03, 1.152377e-02, 6.123459e-06, 1.077685e-04, 1.517819e-04, -7.148952e+00, 0.000015, 2.649196e-01, 0, 0.000141, 2.034926e-04 
1.293512e+01, 3.261611e-01, 1.108055e-05, 7.668904e-05, 0, 9.028020e-03, 3.170185e-01, 2.682658e-05, 1.077685e-04, 1.517819e-04, 8.266104e-01, -0.000005, 5.298391e-01, 1, 0.000015, 5.636877e-06 
1.300549e+01, 7.036934e-02, 1.341329e-05, 8.543684e-05, 0, 8.486532e-03, 6.175742e-02, 2.653499e-05, 2.805747e-04, 4.600865e-04, 8.696121e-01, -0.000004, 1.059678e+00, 1, 0.000010, 3.248319e-06 
1.302601e+01, 2.052613e-02, 1.312170e-05, 8.397887e-05, 0, 8.127872e-03, 1.228978e-02, 1.137214e-05, 8.052337e-04, 1.458994e-03, -1.017516e+01, 0.000089, 5.298391e-01, 0, 0.001070, 1.946402e-03 
1.311050e+01, 8.449208e-02, 1.837038e-05, 1.154709e-04, 0, 9.372975e-03, 7.495289e-02, 3.236686e-05, 8.052337e-04, 1.458994e-03, 6.562998e-01, -0.000004, 5.298391e-01, 1, 0.000007, 2.154416e-06 
1.319068e+01, 8.017241e-02, 1.370489e-05, 8.485365e-05, 0, 8.172777e-03, 7.187775e-02, 2.332746e-05, 3.879428e-03, 6.757975e-03, 7.657796e-01, -0.000002, 5.298391e-01, 1, 0.000005, 1.340776e-06 
1.320853e+01, 1.785163e-02, 1.632923e-05, 8.572843e-05, 0, 7.868062e-03, 9.861977e-03, 1.953675e-05, 1.392077e-02, 2.044065e-02, 5.848054e-01, -0.007845, 5.298391e-01, 1, 0.018560, 2.725445e-02 
1.327497e+01, 6.644041e-02, 9.039393e-06, 8.543684e-05, 0, 7.670362e-03, 5.865020e-02, 2.536862e-05, 1.048013e-02, 1.635810e-02, 9.609058e-01, -0.000001, 1.059678e+00, 1, 0.000003, 9.510121e-07 
1.329626e+01, 2.128894e-02, 1.283011e-05, 7.902179e-05, 0, 9.222513e-03, 1.196786e-02, 6.706646e-06, 2.577682e-02, 3.271000e-02, -1.426084e+01, 0.002373, 5.298391e-01, 0, 0.034368, 4.361361e-02 
1.337893e+01, 8.267662e-02, 1.428807e-05, 8.602003e-05, 0, 8.077135e-03, 7.447701e-02, 2.216109e-05, 2.577682e-02, 3.271000e-02, 6.737538e-01, -0.000001, 5.298391e-01, 1, 0.000002, 6.241114e-07 
1.350124e+01, 1.223085e-01, 1.341329e-05, 8.456206e-05, 0, 8.038936e-03, 1.141462e-01, 2.536862e-05, 5.365986e-02, 4.314256e-02, 8.825909e-01, -0.000000, 1.059678e+00, 1, 0.000002, 4.014239e-07 
1.352251e+01, 2.126561e-02, 1.253851e-05, 7.931338e-05, 0, 7.968370e-03, 1.317594e-02, 2.945092e-05, 7.289571e-02, 4.112184e-02, 3.052973e-01, -0.317045, 1.059678e+00, 1, 0.097194, 5.482916e-02 
1.353263e+01, 1.012441e-02, 1.632923e-05, 1.154709e-04, 0, 8.246259e-03, 1.713111e-03, 3.324164e-05, 3.011223e-04, 4.763107e-04, 1.255657e+00, -0.000205, 1.074551e+00, 0, 0.000401, 6.353497e-04 
1.354417e+01, 1.153631e-02, 1.020577e-05, 8.543684e-05, 0, 8.330821e-03, 3.075726e-03, 3.411642e-05, 1.092290e-04, 1.713898e-04, 1.237649e+00, -0.000070, 1.074551e+00, 0, 0.000144, 2.291506e-04 
1.356380e+01, 1.962744e-02, 1.487126e-05, 9.943332e-05, 0, 8.747799e-03, 1.075863e-02, 6.706646e-06, 4.632302e-05, 6.060843e-05, -8.490935e+00, 0.000005, 5.372757e-01, 0, 0.000056, 8.245995e-05 
1.358358e+01, 1.978023e-02, 1.195533e-05, 7.843860e-05, 0, 7.952041e-03, 1.173109e-02, 6.706646e-06, 4.632302e-05, 6.060843e-05, -7.972856e+00, 0.000005, 2.686378e-01, 0, 0.000058, 8.230312e-05 
1.360585e+01, 2.227161e-02, 1.283011e-05, 8.514525e-05, 0, 1.089451e-02, 1.125638e-02, 2.274428e-05, 4.632302e-05, 6.060843e-05, 6.043674e-01, -0.000011, 2.686378e-01, 1, 0.000058, 8.230312e-05 
1.367480e+01, 6.895103e-02, 1.428807e-05, 8.427047e-05, 0, 7.958456e-03, 6.086310e-02, 3.090889e-05, 4.152456e-05, 5.049486e-05, 9.723157e-01, -0.000006, 5.372757e-01, 1, 0.000012, 9.169297e-06 
1.401765e+01, 3.428528e-01, 1.545445e-05, 1.883693e-04, 0, 9.493986e-03, 3.331325e-01, 2.245268e-05, 8.156786e-05, 1.294506e-04, 6.480460e-01, -0.000003, 5.372757e-01, 1, 0.000005, 4.146257e-06 
1.404001e+01, 2.236054e-02, 1.283011e-05, 8.339569e-05, 0, 8.107169e-03, 1.413440e-02, 2.274428e-05, 2.515791e-04, 4.276147e-04, 5.858734e-01, -0.000002, 5.372757e-01, 1, 0.000003, 2.323997e-06 
1.405909e+01, 1.908070e-02, 1.312170e-05, 8.543684e-05, 0, 8.078009e-03, 1.089743e-02, 6.706646e-06, 8.254964e-04, 1.410506e-03, -8.731008e+00, 0.000106, 2.686378e-01, 0, 0.001100, 1.880644e-03 
1.407728e+01, 1.818697e-02, 1.341329e-05, 9.389304e-05, 0, 7.899846e-03, 1.015707e-02, 2.274428e-05, 8.254964e-04, 1.410506e-03, 6.101999e-01, -0.000566, 2.686378e-01, 1, 0.001100, 1.880983e-03 
1.411740e+01, 4.011974e-02, 1.312170e-05, 9.564260e-05, 0, 8.245092e-03, 3.173847e-02, 2.740977e-05, 5.663826e-04, 9.608455e-04, 8.234013e-01, -0.000001, 5.372757e-01, 1, 0.000003, 1.674048e-06 
1.412725e+01, 9.849147e-03, 1.253851e-05, 9.739216e-05, 0, 8.087632e-03, 1.622425e-03, 2.915933e-05, 1.365561e-03, 2.327714e-03, 1.221344e+00, -0.000969, 1.074551e+00, 1, 0.001820, 3.103822e-03 
1.414592e+01, 1.867043e-02, 1.108055e-05, 8.602003e-05, 0, 8.144784e-03, 1.042213e-02, 6.415053e-06, 4.779273e-04, 8.355905e-04, -8.712497e+00, 0.000061, 5.372757e-01, 0, 0.000636, 1.114366e-03 
1.415613e+01, 1.021131e-02, 1.253851e-05, 8.514525e-05, 0, 8.315658e-03, 1.771429e-03, 2.653499e-05, 4.779273e-04, 8.355905e-04, 1.194517e+00, -0.000328, 1.074551e+00, 1, 0.000637, 1.114354e-03 
1.417499e+01, 1.885734e-02, 1.078895e-05, 8.631162e-05, 0, 8.045934e-03, 1.070731e-02, 6.998239e-06, 1.839524e-04, 3.229308e-04, -8.092551e+00, 0.000025, 5.372757e-01, 0, 0.000244, 4.308314e-04 
1.423420e+01, 5.921502e-02, 1.137214e-05, 7.727223e-05, 0, 7.843568e-03, 5.125802e-02, 2.478543e-05, 1.839524e-04, 3.229308e-04, 5.902342e-01, -0.000001, 5.372757e-01, 1, 0.000002, 9.478319e-07 
1.424482e+01, 1.061341e-02, 1.603763e-05, 1.046820e-04, 0, 8.804660e-03, 1.661207e-03, 2.682658e-05, 8.142366e-04, 1.461930e-03, 1.216529e+00, -0.000569, 1.074551e+00, 1, 0.001085, 1.949367e-03 
1.426572e+01, 2.090695e-02, 1.224692e-05, 8.893596e-05, 0, 8.974659e-03, 1.176375e-02, 6.735805e-05, 2.950391e-04, 5.379602e-04, -9.392488e+00, 0.000035, 5.372757e-01, 0, 0.000393, 7.172345e-04 
1.428781e+01, 2.208528e-02, 1.749560e-05, 8.922755e-05, 0, 1.041280e-02, 1.155730e-02, 8.456206e-06, 2.950391e-04, 5.379602e-04, -9.353919e+00, 0.000035, 2.686378e-01, 0, 0.000393, 7.174232e-04 
1.446155e+01, 1.737397e-01, 1.574604e-05, 1.116802e-04, 0, 9.666318e-03, 1.639183e-01, 2.770136e-05, 2.950391e-04, 5.379602e-04, 9.114798e-01, -0.000000, 5.372757e-01, 1, 0.000001, 5.346404e-07 
1.451970e+01, 5.815129e-02, 1.457967e-05, 8.485365e-05, 0, 8.763545e-03, 4.926702e-02, 2.128631e-05, 7.869367e-04, 1.470846e-03, 6.775525e-01, -0.000000, 5.372757e-01, 1, 0.000001, 2.688629e-07 
1.452998e+01, 1.027866e-02, 1.283011e-05, 7.843860e-05, 0, 8.412758e-03, 1.746644e-03, 2.799296e-05, 3.714934e-03, 6.637118e-03, 1.215957e+00, -0.002775, 1.074551e+00, 1, 0.004953, 8.849544e-03 
1.455021e+01, 2.023366e-02, 1.253851e-05, 8.689481e-05, 0, 9.357521e-03, 1.076942e-02, 7.289833e-06, 1.184512e-03, 2.251397e-03, -1.175589e+01, 0.000115, 5.372757e-01, 0, 0.001579, 3.001924e-03 
1.457167e+01, 2.145514e-02, 1.545445e-05, 1.049736e-04, 0, 9.759920e-03, 1.156751e-02, 7.289833e-06, 1.184512e-03, 2.251397e-03, -1.175908e+01, 0.000115, 2.686378e-01, 0, 0.001579, 3.001821e-03 
1.463269e+01, 6.102523e-02, 1.428807e-05, 9.826694e-05, 0, 9.513523e-03, 5.136533e-02, 3.382482e-05, 1.184512e-03, 2.251397e-03, 9.010632e-01, -0.000000, 5.372757e-01, 1, 0.000001, 1.680114e-07 
1.465365e+01, 2.096031e-02, 1.691241e-05, 1.119718e-04, 0, 1.018798e-02, 1.063703e-02, 6.415053e-06, 2.817134e-03, 5.275573e-03, -1.323464e+01, 0.000247, 2.686378e-01, 0, 0.003756, 7.034138e-03 
1.467249e+01, 1.884101e-02, 1.341329e-05, 8.631162e-05, 0, 8.045934e-03, 1.067261e-02, 2.274428e-05, 2.817134e-03, 5.275573e-03, 6.158902e-01, -0.001675, 2.686378e-01, 1, 0.003756, 7.034127e-03 
1.468238e+01, 9.889679e-03, 1.341329e-05, 8.456206e-05, 0, 8.280084e-03, 1.485376e-03, 2.624340e-05, 2.043594e-03, 3.874964e-03, 1.234658e+00, -0.001435, 5.372757e-01, 1, 0.002725, 5.166589e-03 
1.470171e+01, 1.932564e-02, 1.574604e-05, 1.008913e-04, 0, 7.873311e-03, 1.132898e-02, 6.706646e-06, 7.148972e-04, 1.376425e-03, -1.142315e+01, 0.000071, 2.686378e-01, 0, 0.000953, 1.835295e-03 
1.471151e+01, 9.799576e-03, 1.253851e-05, 8.718640e-05, 0, 8.096088e-03, 1.572271e-03, 3.149208e-05, 7.148972e-04, 1.376425e-03, 1.241436e+00, -0.000486, 5.372757e-01, 1, 0.000953, 1.835295e-03 
1.472325e+01, 1.173896e-02, 1.166373e-05, 9.651738e-05, 0, 9.824070e-03, 1.776970e-03, 2.974252e-05, 2.628784e-04, 5.003988e-04, 1.257145e+00, -0.000179, 1.059459e+00, 0, 0.000350, 6.673330e-04 
1.474452e+01, 2.126940e-02, 1.341329e-05, 8.485365e-05, 0, 9.128912e-03, 1.203435e-02, 7.873019e-06, 9.457224e-05, 1.807591e-04, -1.074950e+01, 0.000010, 5.297294e-01, 0, 0.000125, 2.413617e-04 
1.476677e+01, 2.225673e-02, 1.457967e-05, 2.102388e-04, 0, 9.192771e-03, 1.283069e-02, 8.456206e-06, 9.457224e-05, 1.807591e-04, -1.079851e+01, 0.000010, 2.648647e-01, 0, 0.000126, 2.410066e-04 
1.478805e+01, 2.127960e-02, 1.457967e-05, 8.806118e-05, 0, 9.182856e-03, 1.197020e-02, 2.391065e-05, 9.457224e-05, 1.807591e-04, 6.036871e-01, -0.000044, 2.648647e-01, 1, 0.000125, 2.413617e-04 
1.481080e+01, 2.274457e-02, 1.399648e-05, 8.543684e-05, 0, 8.555639e-03, 1.405246e-02, 3.703235e-05, 7.478718e-05, 1.408326e-04, 6.020721e-01, -0.000037, 2.648647e-01, 1, 0.000099, 1.881341e-04 
1.483433e+01, 2.353625e-02, 1.662082e-05, 1.169289e-04, 0, 1.153689e-02, 1.183723e-02, 2.857614e-05, 5.858371e-05, 1.077991e-04, 6.011903e-01, -0.000029, 2.648647e-01, 1, 0.000077, 1.442522e-04 
1.485532e+01, 2.098918e-02, 1.370489e-05, 9.301826e-05, 0, 8.971451e-03, 1.188680e-02, 2.420224e-05, 4.614509e-05, 8.192696e-05, 6.033849e-01, -0.000013, 2.648647e-01, 1, 0.000060, 1.097476e-04 
1.487542e+01, 2.009632e-02, 1.283011e-05, 8.689481e-05, 0, 8.242760e-03, 1.172876e-02, 2.507702e-05, 4.056314e-05, 6.943683e-05, 1.201797e+00, -0.000024, 5.297294e-01, 1, 0.000054, 9.257914e-05 
1.496451e+01, 8.909313e-02, 1.195533e-05, 8.427047e-05, 0, 7.775627e-03, 8.119328e-02, 2.799296e-05, 1.865762e-05, 2.778595e-05, 1.243673e+00, -0.000011, 7.588600e-01, 0, 0.000023, 3.792286e-05 
1.516199e+01, 1.974772e-01, 1.603763e-05, 1.131382e-04, 0, 9.580881e-03, 1.877610e-01, 6.123459e-06, 9.044201e-06, 9.757390e-06, 9.824803e-02, -0.000001, 3.794300e-01, 1, 0.000012, 1.300746e-05 
1.529519e+01, 1.331975e-01, 1.195533e-05, 8.427047e-05, 0, 8.042435e-03, 1.250338e-01, 2.507702e-05, 9.044201e-06, 9.757390e-06, 9.880858e-01, -0.000005, 7.588600e-01, 1, 0.000011, 1.334824e-05 
1.531356e+01, 1.837563e-02, 1.283011e-05, 7.814701e-05, 0, 7.803037e-03, 1.047549e-02, 6.123459e-06, 5.556086e-06, 5.296949e-06, -1.343365e+01, 0.000000, 3.794300e-01, 0, 0.000006, 7.583545e-06 
1.560551e+01, 2.919482e-01, 1.137214e-05, 7.756382e-05, 0, 8.106294e-03, 2.837311e-01, 2.186950e-05, 5.556086e-06, 5.296949e-06, 7.035270e-01, -0.000002, 3.794300e-01, 1, 0.000002, 1.640263e-06 
1.578913e+01, 1.836146e-01, 1.341329e-05, 7.960497e-05, 0, 8.825946e-03, 1.746720e-01, 2.361906e-05, 1.692893e-05, 2.703573e-05, 7.365850e-01, -0.000001, 3.794300e-01, 1, 0.000001, 7.027066e-07 
1.580870e+01, 1.957174e-02, 1.487126e-05, 8.485365e-05, 0, 8.863562e-03, 1.059971e-02, 8.747799e-06, 7.068057e-05, 1.299041e-04, -9.253444e+00, 0.000008, 1.897150e-01, 0, 0.000094, 1.731781e-04 
1.581902e+01, 1.032707e-02, 1.341329e-05, 8.776959e-05, 0, 8.443084e-03, 1.751601e-03, 3.120048e-05, 7.068057e-05, 1.299041e-04, 1.243142e+00, -0.000045, 3.794300e-01, 1, 0.000094, 1.732947e-04 
1.583773e+01, 1.870863e-02, 1.166373e-05, 8.631162e-05, 0, 8.052641e-03, 1.053527e-02, 2.274428e-05, 2.861960e-05, 4.889761e-05, 5.449147e-01, -0.000013, 3.794300e-01, 1, 0.000038, 6.534038e-05 
1.594720e+01, 1.094621e-01, 1.137214e-05, 8.456206e-05, 0, 9.381431e-03, 9.995614e-02, 2.857614e-05, 2.330411e-05, 3.902672e-05, 9.276655e-01, -0.000001, 7.588600e-01, 1, 0.000001, 8.014858e-07 
1.595823e+01, 1.103710e-02, 1.516285e-05, 8.689481e-05, 0, 8.637577e-03, 2.257224e-03, 4.023988e-05, 6.671087e-05, 1.206488e-04, 1.250868e+00, -0.000044, 9.685650e-01, 0, 0.000089, 1.608457e-04 
1.598157e+01, 2.334146e-02, 1.487126e-05, 9.651738e-05, 0, 1.104497e-02, 1.217781e-02, 7.289833e-06, 2.533824e-05, 4.373626e-05, -1.161374e+01, 0.000002, 4.842825e-01, 0, 0.000033, 5.854878e-05 
1.600062e+01, 1.905067e-02, 1.370489e-05, 9.826694e-05, 0, 8.389139e-03, 1.054285e-02, 6.706646e-06, 2.533824e-05, 4.373626e-05, -9.209189e+00, 0.000003, 2.421412e-01, 0, 0.000033, 5.854878e-05 
1.602137e+01, 2.074482e-02, 1.137214e-05, 8.456206e-05, 0, 7.954665e-03, 1.266740e-02, 2.682658e-05, 2.533824e-05, 4.373626e-05, 1.214501e+00, -0.000015, 4.842825e-01, 1, 0.000034, 5.830804e-05 
1.603959e+01, 1.822400e-02, 1.108055e-05, 8.427047e-05, 0, 7.841527e-03, 1.028071e-02, 6.415053e-06, 1.136126e-05, 1.710919e-05, -9.053880e+00, 0.000001, 2.421412e-01, 0, 0.000015, 2.305377e-05 
1.605882e+01, 1.922329e-02, 1.108055e-05, 8.339569e-05, 0, 7.925798e-03, 1.117881e-02, 2.420224e-05, 1.136126e-05, 1.710919e-05, 5.883904e-01, -0.000006, 2.421412e-01, 1, 0.000015, 2.305377e-05 
1.607766e+01, 1.884713e-02, 1.603763e-05, 8.689481e-05, 0, 8.255881e-03, 1.046762e-02, 2.070312e-05, 8.984557e-06, 1.192645e-05, 6.084212e-01, -0.000005, 2.421412e-01, 1, 0.000011, 1.646867e-05 
1.610871e+01, 3.104215e-02, 1.049736e-05, 7.902179e-05, 0, 7.376727e-03, 2.355549e-02, 2.041153e-05, 7.263475e-06, 7.397553e-06, 7.279416e-01, -0.000002, 2.421412e-01, 1, 0.000003, 2.319630e-06 
1.612339e+01, 1.468668e-02, 1.195533e-05, 7.785541e-05, 0, 7.423091e-03, 7.148118e-03, 2.566021e-05, 1.621017e-05, 2.645516e-05, 1.221239e+00, -0.000010, 4.842825e-01, 1, 0.000021, 3.573112e-05 
1.615238e+01, 2.898904e-02, 1.370489e-05, 9.097711e-05, 0, 7.345235e-03, 2.151346e-02, 2.566021e-05, 7.686709e-06, 9.813061e-06, 9.128707e-01, -0.000001, 9.685650e-01, 1, 0.000002, 1.533749e-06 
1.618102e+01, 2.864117e-02, 1.108055e-05, 9.010233e-05, 0, 7.907427e-03, 2.061390e-02, 1.866197e-05, 1.296684e-05, 1.906180e-05, 3.792867e-01, -0.000001, 9.685650e-01, 1, 0.000002, 1.158167e-06 
1.619078e+01, 9.761086e-03, 9.039393e-06, 7.756382e-05, 0, 7.480243e-03, 2.172370e-03, 2.186950e-05, 1.417084e-04, 2.618877e-04, 1.254690e+00, -0.000095, 1.016572e+00, 0, 0.000189, 3.493287e-04 
1.622295e+01, 3.216274e-02, 9.039393e-06, 7.727223e-05, 0, 7.233555e-03, 2.482276e-02, 2.011994e-05, 5.277471e-05, 9.467821e-05, 1.149057e+00, -0.000002, 1.041456e+00, 0, 0.000003, 2.045210e-06 
1.626487e+01, 4.191887e-02, 8.456206e-06, 7.727223e-05, 0, 7.476161e-03, 3.433395e-02, 2.303587e-05, 4.237914e-04, 8.750924e-04, 1.430127e+00, -0.000000, 2.044681e+00, 0, 0.000001, 5.548855e-07 
1.631469e+01, 4.982542e-02, 1.049736e-05, 7.843860e-05, 0, 7.344944e-03, 4.237113e-02, 2.041153e-05, 2.738053e-03, 5.498203e-03, 1.060475e+00, -0.000000, 2.044681e+00, 0, 0.000000, 2.052815e-07 
1.633148e+01, 1.678469e-02, 9.039393e-06, 9.914172e-05, 0, 7.630122e-03, 9.041142e-03, 5.248680e-06, 8.705775e-03, 1.578517e-02, -1.916716e+01, 0.000556, 1.022341e+00, 0, 0.011608, 2.104690e-02 
1.634088e+01, 9.407966e-03, 9.039393e-06, 7.668904e-05, 0, 7.297997e-03, 2.003538e-03, 2.070312e-05, 8.705775e-03, 1.578517e-02, 1.129969e+00, -0.007636, 2.044681e+00, 1, 0.011608, 2.104688e-02 
1.636323e+01, 2.234188e-02, 8.456206e-06, 7.698063e-05, 0, 7.125666e-03, 1.510162e-02, 2.915933e-05, 2.234398e-03, 4.624956e-03, 2.874007e+00, -0.000000, 2.044681e+00, 0, 0.000000, 3.284266e-07 
1.639793e+01, 3.470718e-02, 1.866197e-05, 2.000330e-04, 0, 1.860161e-02, 1.587726e-02, 9.622579e-06, 1.866166e-03, 3.844957e-03, -1.651815e+01, 0.000130, 1.022341e+00, 0, 0.002488, 5.126615e-03 
1.643273e+01, 3.480137e-02, 1.691241e-05, 1.078895e-04, 0, 1.297561e-02, 2.169308e-02, 7.873019e-06, 1.866166e-03, 3.844957e-03, -1.651891e+01, 0.000130, 5.111703e-01, 0, 0.002488, 5.126599e-03 
1.645596e+01, 2.322424e-02, 1.778719e-05, 8.806118e-05, 0, 1.132869e-02, 1.178212e-02, 7.581426e-06, 1.866166e-03, 3.844957e-03, -1.651815e+01, 0.000130, 2.555852e-01, 0, 0.002488, 5.126615e-03 
1.647536e+01, 1.940291e-02, 1.370489e-05, 9.039393e-05, 0, 8.311284e-03, 1.096449e-02, 2.303587e-05, 1.866166e-03, 3.844957e-03, 6.137366e-01, -0.000907, 2.555852e-01, 1, 0.002488, 5.126615e-03 
1.649286e+01, 1.749589e-02, 1.341329e-05, 8.397887e-05, 0, 7.914717e-03, 9.462494e-03, 2.128631e-05, 1.448461e-03, 3.005561e-03, 6.115632e-01, -0.000684, 2.555852e-01, 1, 0.001931, 4.007421e-03 
1.650198e+01, 9.118997e-03, 1.020577e-05, 8.456206e-05, 0, 7.668321e-03, 1.332581e-03, 2.332746e-05, 1.134882e-03, 2.366531e-03, 1.240917e+00, -0.000781, 5.111703e-01, 1, 0.001513, 3.155382e-03 
1.651953e+01, 1.755158e-02, 9.330986e-06, 8.456206e-05, 0, 7.526023e-03, 9.925836e-03, 5.831866e-06, 4.083370e-04, 8.526118e-04, -1.326587e+01, 0.000035, 2.555852e-01, 0, 0.000544, 1.136844e-03 
1.657820e+01, 5.867674e-02, 9.330986e-06, 9.010233e-05, 0, 7.585800e-03, 5.096497e-02, 2.653499e-05, 4.083370e-04, 8.526118e-04, 1.009495e+00, -0.000000, 5.111703e-01, 1, 0.000000, 5.942430e-08 
1.658780e+01, 9.590795e-03, 1.253851e-05, 8.864437e-05, 0, 7.838320e-03, 1.624758e-03, 2.653499e-05, 1.157942e-03, 2.459386e-03, 1.235043e+00, -0.000818, 1.022341e+00, 1, 0.001544, 3.279177e-03 
1.660979e+01, 2.198963e-02, 1.137214e-05, 1.000165e-04, 0, 7.697189e-03, 1.417377e-02, 7.289833e-06, 3.998443e-04, 8.711701e-04, -1.482218e+01, 0.000030, 5.111703e-01, 0, 0.000533, 1.161555e-03 
1.663415e+01, 2.436729e-02, 1.516285e-05, 8.660321e-05, 0, 1.151356e-02, 1.274496e-02, 6.998239e-06, 3.998443e-04, 8.711701e-04, -1.481263e+01, 0.000030, 2.555852e-01, 0, 0.000533, 1.161579e-03 
1.664641e+01, 1.225392e-02, 2.011994e-05, 8.922755e-05, 0, 1.040230e-02, 1.715152e-03, 2.711818e-05, 3.998443e-04, 8.711701e-04, 1.246091e+00, -0.000269, 5.111703e-01, 1, 0.000533, 1.161579e-03 
1.665640e+01, 9.992319e-03, 1.137214e-05, 8.485365e-05, 0, 8.237803e-03, 1.634672e-03, 2.361906e-05, 1.482537e-04, 3.183410e-04, 1.232620e+00, -0.000101, 1.022341e+00, 1, 0.000198, 4.244854e-04 
1.695394e+01, 2.975456e-01, 9.914172e-06, 8.397887e-05, 0, 7.963122e-03, 2.894656e-01, 2.303587e-05, 5.505061e-05, 1.181756e-04, 4.440744e-01, -0.000000, 1.022341e+00, 1, 0.000000, 9.229551e-08 
1.697141e+01, 1.746965e-02, 1.399648e-05, 9.097711e-05, 0, 7.659865e-03, 9.698977e-03, 5.831866e-06, 1.289503e-03, 2.851236e-03, -1.915033e+01, 0.000078, 5.111703e-01, 0, 0.001719, 3.801664e-03 
1.698827e+01, 1.686051e-02, 9.039393e-06, 7.785541e-05, 0, 7.115168e-03, 9.651155e-03, 7.289833e-06, 1.289503e-03, 2.851236e-03, -1.915751e+01, 0.000078, 2.555852e-01, 0, 0.001719, 3.801645e-03 
1.707714e+01, 8.886656e-02, 8.456206e-06, 7.668904e-05, 0, 7.744135e-03, 8.101249e-02, 2.478543e-05, 1.289503e-03, 2.851236e-03, 9.205817e-01, -0.000000, 5.111703e-01, 1, 0.000000, 5.530184e-08 
1.708728e+01, 1.014103e-02, 1.341329e-05, 7.902179e-05, 0, 7.985283e-03, 2.039112e-03, 2.420224e-05, 3.256127e-03, 6.936220e-03, 1.219261e+00, -0.002419, 1.022341e+00, 1, 0.004341, 9.248290e-03 
1.709785e+01, 1.056472e-02, 9.622579e-06, 7.785541e-05, 0, 7.111086e-03, 3.345450e-03, 2.070312e-05, 1.043681e-03, 2.357811e-03, 1.189153e+00, -0.000778, 2.044681e+00, 1, 0.001392, 3.143743e-03 
1.718440e+01, 8.655102e-02, 8.456206e-06, 7.668904e-05, 0, 7.456916e-03, 7.898592e-02, 2.303587e-05, 3.499812e-04, 8.098842e-04, 8.417576e-01, -0.000000, 4.089363e+00, 1, 0.000000, 1.306790e-07 
1.720953e+01, 2.513009e-02, 1.108055e-05, 7.873019e-05, 0, 7.546726e-03, 1.747256e-02, 2.099472e-05, 4.880668e-05, 9.004781e-05, 1.752973e+00, -0.000000, 4.089363e+00, 0, 0.000000, 1.012420e-07 
1.722686e+01, 1.733493e-02, 9.039393e-06, 7.756382e-05, 0, 7.051893e-03, 1.019119e-02, 5.248680e-06, 1.849508e-05, 3.217299e-05, -7.277790e+00, 0.000003, 2.044681e+00, 0, 0.000025, 4.290020e-05 
1.724496e+01, 1.809336e-02, 9.039393e-06, 7.785541e-05, 0, 7.261548e-03, 1.073967e-02, 5.248680e-06, 1.849508e-05, 3.217299e-05, -7.290354e+00, 0.000003, 1.022341e+00, 0, 0.000025, 4.289068e-05 
1.726392e+01, 1.896115e-02, 9.039393e-06, 7.698063e-05, 0, 7.110503e-03, 1.175617e-02, 8.456206e-06, 1.849508e-05, 3.217299e-05, -7.297143e+00, 0.000003, 5.111703e-01, 0, 0.000025, 4.289068e-05 
1.727896e+01, 1.503834e-02, 1.253851e-05, 1.256767e-04, 0, 1.312578e-02, 1.741978e-03, 3.236686e-05, 1.849508e-05, 3.217299e-05, 1.071874e+00, -0.000010, 1.022341e+00, 1, 0.000025, 4.290409e-05 
1.733335e+01, 5.439382e-02, 1.603763e-05, 1.145962e-04, 0, 8.003945e-03, 4.623329e-02, 2.595180e-05, 1.006165e-05, 1.753153e-05, 6.809734e-01, -0.000000, 1.022341e+00, 1, 0.000000, 2.462260e-08 
1.735872e+01, 2.536599e-02, 1.166373e-05, 8.368728e-05, 0, 1.246328e-02, 1.280036e-02, 6.998239e-06, 8.511192e-05, 1.588780e-04, -9.144199e+00, 0.000010, 5.111703e-01, 0, 0.000113, 2.118325e-04 
1.737670e+01, 1.798927e-02, 1.632923e-05, 8.572843e-05, 0, 8.124373e-03, 9.756420e-03, 6.415053e-06, 8.511192e-05, 1.588780e-04, -9.140297e+00, 0.000010, 2.555852e-01, 0, 0.000113, 2.118409e-04 
1.739488e+01, 1.817239e-02, 1.049736e-05, 8.485365e-05, 0, 7.829280e-03, 1.022530e-02, 2.245268e-05, 8.511192e-05, 1.588780e-04, 6.035273e-01, -0.000051, 2.555852e-01, 1, 0.000113, 2.118409e-04 
1.741266e+01, 1.778253e-02, 1.049736e-05, 1.586268e-04, 0, 7.634788e-03, 9.959369e-03, 1.924516e-05, 6.197917e-05, 1.139608e-04, 6.035262e-01, -0.000038, 2.555852e-01, 1, 0.000083, 1.519519e-04 
1.742170e+01, 9.043766e-03, 1.049736e-05, 8.368728e-05, 0, 7.461290e-03, 1.465840e-03, 2.245268e-05, 4.460379e-05, 8.060998e-05, 1.242230e+00, -0.000029, 5.111703e-01, 1, 0.000059, 1.074849e-04 
1.743116e+01, 9.452289e-03, 9.039393e-06, 8.806118e-05, 0, 7.549059e-03, 1.779594e-03, 2.653499e-05, 1.749114e-05, 3.011308e-05, 1.260972e+00, -0.000012, 1.015885e+00, 0, 0.000023, 4.015441e-05 
1.744093e+01, 9.773333e-03, 1.049736e-05, 9.855854e-05, 0, 7.887307e-03, 1.753934e-03, 2.303587e-05, 6.446025e-06, 1.101611e-05, 1.256207e+00, -0.000004, 1.015885e+00, 0, 0.000009, 1.471219e-05 
1.773373e+01, 2.928049e-01, 1.020577e-05, 8.514525e-05, 0, 7.853774e-03, 2.848327e-01, 2.303587e-05, 2.538417e-06, 3.990201e-06, 6.895010e-01, -0.000000, 1.015885e+00, 1, 0.000000, 1.982224e-07 
1.776515e+01, 3.141772e-02, 1.312170e-05, 7.902179e-05, 0, 8.277751e-03, 2.302916e-02, 1.866197e-05, 1.089874e-05, 1.843512e-05, 7.128316e-01, -0.000000, 1.015885e+00, 1, 0.000000, 1.637996e-07 
1.778272e+01, 1.756704e-02, 9.330986e-06, 7.814701e-05, 0, 7.196523e-03, 1.027750e-02, 5.540273e-06, 4.654199e-05, 7.845632e-05, -6.933457e+00, 0.000007, 5.079423e-01, 0, 0.000062, 1.046080e-04 
1.779979e+01, 1.706754e-02, 9.039393e-06, 7.668904e-05, 0, 7.173487e-03, 9.803367e-03, 4.957086e-06, 4.654199e-05, 7.845632e-05, -6.948731e+00, 0.000007, 2.539712e-01, 0, 0.000062, 1.046227e-04 
1.781698e+01, 1.719846e-02, 8.747799e-06, 7.785541e-05, 0, 7.155117e-03, 9.938666e-03, 1.807879e-05, 4.654199e-05, 7.845632e-05, 6.068144e-01, -0.000034, 2.539712e-01, 1, 0.000062, 1.046551e-04 
1.790310e+01, 8.611771e-02, 9.039393e-06, 7.843860e-05, 0, 7.160074e-03, 7.884625e-02, 2.391065e-05, 3.111543e-05, 5.095274e-05, 8.491280e-01, -0.000000, 5.079423e-01, 1, 0.000000, 1.667173e-07 
1.792209e+01, 1.898389e-02, 1.078895e-05, 7.756382e-05, 0, 7.510277e-03, 1.137855e-02, 6.706646e-06, 6.986349e-05, 1.194807e-04, -7.179653e+00, 0.000011, 2.539712e-01, 0, 0.000093, 1.593174e-04 
1.794577e+01, 2.368846e-02, 1.108055e-05, 1.081811e-04, 0, 7.982367e-03, 1.556729e-02, 1.953675e-05, 6.986349e-05, 1.194807e-04, 7.670480e-01, -0.000000, 2.539712e-01, 1, 0.000000, 8.328115e-08 
1.802142e+01, 7.564193e-02, 9.914172e-06, 7.902179e-05, 0, 8.401970e-03, 6.712595e-02, 2.507702e-05, 1.583294e-04, 2.793558e-04, 8.158021e-01, -0.000000, 5.079423e-01, 1, 0.000000, 4.095400e-08 
1.804194e+01, 2.052146e-02, 1.195533e-05, 7.931338e-05, 0, 8.746341e-03, 1.167773e-02, 6.123459e-06, 3.628642e-04, 6.556619e-04, -9.090848e+00, 0.000044, 2.539712e-01, 0, 0.000484, 8.742231e-04 
1.805979e+01, 1.784784e-02, 1.312170e-05, 7.931338e-05, 0, 7.565972e-03, 1.016757e-02, 2.186950e-05, 3.628642e-04, 6.556619e-04, 6.086517e-01, -0.000237, 2.539712e-01, 1, 0.000484, 8.742231e-04 
1.807861e+01, 1.882031e-02, 1.049736e-05, 7.873019e-05, 0, 8.027564e-03, 1.068223e-02, 2.128631e-05, 2.545241e-04, 4.539560e-04, 6.079877e-01, -0.000170, 2.539712e-01, 1, 0.000339, 6.052832e-04 
1.809710e+01, 1.849547e-02, 1.049736e-05, 8.427047e-05, 0, 7.778543e-03, 1.060029e-02, 2.186950e-05, 1.768490e-04, 3.104455e-04, 6.075217e-01, -0.000122, 2.539712e-01, 1, 0.000236, 4.139375e-04 
1.810755e+01, 1.044808e-02, 1.049736e-05, 8.368728e-05, 0, 8.789205e-03, 1.538155e-03, 2.653499e-05, 1.213680e-04, 2.090382e-04, 1.240204e+00, -0.000079, 5.079423e-01, 1, 0.000162, 2.787164e-04 
1.811796e+01, 1.040726e-02, 1.108055e-05, 1.020577e-04, 0, 8.773168e-03, 1.496165e-03, 2.478543e-05, 4.742814e-05, 7.799286e-05, 1.220071e+00, -0.000032, 1.015885e+00, 1, 0.000063, 1.040026e-04 
1.813679e+01, 1.883285e-02, 1.020577e-05, 9.214348e-05, 0, 8.110959e-03, 1.061400e-02, 5.540273e-06, 1.833666e-05, 2.992885e-05, -6.432761e+00, 0.000003, 5.079423e-01, 0, 0.000024, 3.993750e-05 
1.814651e+01, 9.720846e-03, 8.747799e-06, 7.639745e-05, 0, 7.754924e-03, 1.853659e-03, 2.711818e-05, 1.833666e-05, 2.992885e-05, 1.258997e+00, -0.000012, 1.001304e+00, 0, 0.000024, 3.993750e-05 
1.816687e+01, 2.035671e-02, 1.166373e-05, 9.476782e-05, 0, 8.891263e-03, 1.135319e-02, 5.831866e-06, 6.939771e-06, 1.088721e-05, -6.902894e+00, 0.000001, 5.006519e-01, 0, 0.000009, 1.456242e-05 
1.818646e+01, 1.959536e-02, 1.020577e-05, 8.427047e-05, 0, 7.732471e-03, 1.176258e-02, 5.831866e-06, 6.939771e-06, 1.088721e-05, -6.571937e+00, 0.000001, 2.503260e-01, 0, 0.000009, 1.460096e-05 
1.820450e+01, 1.803913e-02, 9.914172e-06, 8.427047e-05, 0, 7.661031e-03, 1.026321e-02, 2.070312e-05, 6.939771e-06, 1.088721e-05, 6.083845e-01, -0.000005, 2.503260e-01, 1, 0.000009, 1.456242e-05 
1.822285e+01, 1.835055e-02, 9.622579e-06, 8.281250e-05, 0, 7.621083e-03, 1.061750e-02, 1.953675e-05, 4.773739e-06, 6.945447e-06, 6.136852e-01, -0.000003, 2.503260e-01, 1, 0.000006, 9.363755e-06 
1.824289e+01, 2.003800e-02, 1.078895e-05, 8.368728e-05, 0, 8.103670e-03, 1.181740e-02, 2.245268e-05, 3.496670e-06, 4.583068e-06, 6.017250e-01, -0.000002, 2.503260e-01, 1, 0.000004, 6.232889e-06 
1.826259e+01, 1.970442e-02, 1.078895e-05, 9.243508e-05, 0, 8.511609e-03, 1.106684e-02, 2.274428e-05, 2.719389e-06, 3.047530e-06, 1.169906e+00, -0.000000, 5.006519e-01, 1, 0.000003, 4.201161e-06 
1.829005e+01, 2.745934e-02, 1.108055e-05, 8.368728e-05, 0, 7.725181e-03, 1.961781e-02, 2.157790e-05, 2.638801e-06, 2.970025e-06, 6.086727e-01, -0.000000, 5.006519e-01, 1, 0.000001, 5.101105e-07 
1.830670e+01, 1.664327e-02, 1.370489e-05, 1.180953e-04, 0, 7.952041e-03, 8.535519e-03, 2.391065e-05, 8.466164e-06, 1.293549e-05, 1.172404e+00, -0.000005, 1.001304e+00, 1, 0.000011, 1.724707e-05 
1.837417e+01, 6.747236e-02, 9.914172e-06, 9.972491e-05, 0, 7.727806e-03, 5.961188e-02, 2.303587e-05, 3.757118e-06, 5.354065e-06, 9.255441e-01, -0.000000, 2.002608e+00, 1, 0.000000, 2.116808e-07 
1.839260e+01, 1.843278e-02, 1.020577e-05, 7.873019e-05, 0, 7.829280e-03, 1.050873e-02, 5.831866e-06, 1.116990e-04, 2.396774e-04, -1.331395e+01, 0.000009, 1.001304e+00, 0, 0.000149, 3.196090e-04 
1.864101e+01, 2.484037e-01, 8.747799e-06, 7.698063e-05, 0, 7.493948e-03, 2.408030e-01, 2.099472e-05, 1.116990e-04, 2.396774e-04, 6.047591e-01, -0.000000, 1.001304e+00, 1, 0.000000, 2.090196e-07 
1.866043e+01, 1.941924e-02, 1.283011e-05, 7.843860e-05, 0, 7.635371e-03, 1.168677e-02, 5.831866e-06, 6.284758e-04, 1.306251e-03, -1.376233e+01, 0.000052, 5.006519e-01, 0, 0.000838, 1.741719e-03 
1.866941e+01, 8.979616e-03, 9.330986e-06, 7.814701e-05, 0, 7.328615e-03, 1.535530e-03, 2.799296e-05, 6.284758e-04, 1.306251e-03, 1.235494e+00, -0.000437, 1.001304e+00, 1, 0.000838, 1.741693e-03 
1.868974e+01, 2.033805e-02, 1.049736e-05, 9.272667e-05, 0, 8.050600e-03, 1.217810e-02, 6.123459e-06, 2.232233e-04, 4.699087e-04, -1.310284e+01, 0.000019, 5.006519e-01, 0, 0.000298, 6.265713e-04 
1.870748e+01, 1.774170e-02, 1.108055e-05, 7.960497e-05, 0, 7.326282e-03, 1.031949e-02, 5.248680e-06, 2.232233e-04, 4.699087e-04, -1.311604e+01, 0.000019, 2.503260e-01, 0, 0.000298, 6.265446e-04 
1.872435e+01, 1.686984e-02, 9.914172e-06, 7.668904e-05, 0, 7.102630e-03, 9.660778e-03, 1.982834e-05, 2.232233e-04, 4.699087e-04, 6.052871e-01, -0.000101, 2.503260e-01, 1, 0.000298, 6.265713e-04 
1.874162e+01, 1.726786e-02, 8.747799e-06, 7.756382e-05, 0, 7.565972e-03, 9.597211e-03, 1.837038e-05, 1.771709e-04, 3.715781e-04, 6.049532e-01, -0.000081, 2.503260e-01, 1, 0.000236, 4.955045e-04 
1.875075e+01, 9.122497e-03, 8.747799e-06, 7.785541e-05, 0, 7.412302e-03, 1.599389e-03, 2.420224e-05, 1.405425e-04, 2.933826e-04, 1.247285e+00, -0.000093, 5.006519e-01, 1, 0.000187, 3.912528e-04 
1.881470e+01, 6.395516e-02, 9.330986e-06, 8.281250e-05, 0, 7.581134e-03, 5.626001e-02, 2.186950e-05, 5.354627e-05, 1.081701e-04, 8.994023e-01, -0.000000, 1.001304e+00, 1, 0.000001, 3.984059e-07 
1.883324e+01, 1.853571e-02, 1.108055e-05, 7.902179e-05, 0, 8.890972e-03, 9.549389e-03, 5.248680e-06, 1.083320e-04, 2.173871e-04, -1.142138e+01, 0.000010, 5.006519e-01, 0, 0.000144, 2.898493e-04 
1.885121e+01, 1.797060e-02, 1.370489e-05, 9.010233e-05, 0, 7.420466e-03, 1.044137e-02, 4.957086e-06, 1.083320e-04, 2.173871e-04, -1.134878e+01, 0.000011, 2.503260e-01, 0, 0.000144, 2.899328e-04 
1.886057e+01, 9.368018e-03, 8.747799e-06, 7.639745e-05, 0, 7.313160e-03, 1.947260e-03, 2.245268e-05, 1.083320e-04, 2.173871e-04, 1.245237e+00, -0.000071, 5.006519e-01, 1, 0.000144, 2.899328e-04 
1.887054e+01, 9.968117e-03, 8.747799e-06, 7.785541e-05, 0, 7.364189e-03, 2.497205e-03, 2.011994e-05, 4.187522e-05, 8.041787e-05, 1.242128e+00, -0.000027, 8.445495e-01, 0, 0.000056, 1.072237e-04 
1.889026e+01, 1.971987e-02, 8.456206e-06, 7.698063e-05, 0, 7.423674e-03, 1.219064e-02, 2.011994e-05, 1.674069e-05, 2.903135e-05, 1.002269e+00, -0.000006, 1.689099e+00, 1, 0.000021, 3.901688e-05 
1.890796e+01, 1.770030e-02, 8.456206e-06, 7.698063e-05, 0, 7.297706e-03, 1.031220e-02, 4.957086e-06, 1.177007e-05, 2.071350e-05, -1.054553e+01, 0.000001, 8.445495e-01, 0, 0.000016, 2.761790e-05 
1.892515e+01, 1.718243e-02, 8.456206e-06, 7.843860e-05, 0, 7.162406e-03, 9.928169e-03, 4.957086e-06, 1.177007e-05, 2.071350e-05, -1.054553e+01, 0.000001, 4.222747e-01, 0, 0.000016, 2.761790e-05 
1.894207e+01, 1.692845e-02, 8.747799e-06, 7.698063e-05, 0, 7.069680e-03, 9.768084e-03, 4.957086e-06, 1.177007e-05, 2.071350e-05, -1.348754e+01, 0.000001, 2.111374e-01, 0, 0.000016, 2.761790e-05 
1.895991e+01, 1.783735e-02, 9.914172e-06, 7.989657e-05, 0, 8.226430e-03, 9.500985e-03, 2.011994e-05, 1.177007e-05, 2.071350e-05, 6.175520e-01, -0.000007, 2.111374e-01, 1, 0.000015, 2.771331e-05 
1.897730e+01, 1.739325e-02, 9.330986e-06, 7.814701e-05, 0, 7.549642e-03, 9.737758e-03, 1.837038e-05, 8.461298e-06, 1.368026e-05, 6.243425e-01, -0.000004, 2.111374e-01, 1, 0.000011, 1.824027e-05 
1.899529e+01, 1.799043e-02, 9.039393e-06, 7.843860e-05, 0, 7.568304e-03, 1.031482e-02, 1.982834e-05, 6.727898e-06, 9.920341e-06, 6.025625e-01, -0.000003, 2.111374e-01, 1, 0.000009, 1.322705e-05 
1.909955e+01, 1.042574e-01, 1.108055e-05, 8.514525e-05, 0, 7.908302e-03, 9.622871e-02, 2.420224e-05, 5.243751e-06, 6.558209e-06, 8.921072e-01, -0.000001, 4.222747e-01, 1, 0.000002, 1.356399e-06 
1.911765e+01, 1.809511e-02, 1.166373e-05, 7.902179e-05, 0, 8.148283e-03, 9.835151e-03, 2.099472e-05, 1.104561e-05, 1.948247e-05, 1.180553e+00, -0.000007, 8.445495e-01, 1, 0.000014, 2.611126e-05 
1.914033e+01, 2.268596e-02, 9.914172e-06, 7.727223e-05, 0, 7.990531e-03, 1.458521e-02, 2.303587e-05, 4.978181e-06, 7.941095e-06, 1.056211e+00, -0.000003, 1.689099e+00, 1, 0.000006, 1.079156e-05 
1.943222e+01, 2.918864e-01, 9.914172e-06, 7.843860e-05, 0, 7.151034e-03, 2.846242e-01, 2.274428e-05, 2.818386e-06, 4.212273e-06, 5.327566e-01, -0.000000, 1.689099e+00, 1, 0.000000, 3.897964e-07 
1.961810e+01, 1.858764e-01, 1.253851e-05, 8.543684e-05, 0, 7.415801e-03, 1.783420e-01, 2.070312e-05, 2.618884e-05, 4.477792e-05, 5.939274e-01, -0.000000, 1.689099e+00, 1, 0.000000, 3.291165e-07 
1.963656e+01, 1.846690e-02, 1.312170e-05, 7.814701e-05, 0, 7.889932e-03, 1.048045e-02, 5.248680e-06, 2.196220e-04, 3.544329e-04, -6.579448e+00, 0.000036, 8.445495e-01, 0, 0.000293, 4.725769e-04 
1.965435e+01, 1.778661e-02, 8.747799e-06, 7.698063e-05, 0, 7.321908e-03, 1.037402e-02, 4.957086e-06, 2.196220e-04, 3.544329e-04, -6.579448e+00, 0.000036, 4.222747e-01, 0, 0.000293, 4.725769e-04 
1.967163e+01, 1.727894e-02, 9.039393e-06, 7.698063e-05, 0, 7.545560e-03, 9.627828e-03, 1.953675e-05, 2.196220e-04, 3.544329e-04, 5.452045e-01, -0.000128, 4.222747e-01, 1, 0.000293, 4.726001e-04 
1.975176e+01, 8.013159e-02, 9.039393e-06, 7.698063e-05, 0, 7.132372e-03, 7.289220e-02, 2.099472e-05, 1.672057e-04, 2.702183e-04, 7.266935e-01, -0.000000, 4.222747e-01, 1, 0.000000, 3.676478e-07 
1.976937e+01, 1.761136e-02, 1.137214e-05, 7.814701e-05, 0, 7.767171e-03, 9.736884e-03, 1.778719e-05, 5.272095e-04, 8.780186e-04, 5.458823e-01, -0.000288, 4.222747e-01, 1, 0.000703, 1.170799e-03 
1.978732e+01, 1.794728e-02, 9.039393e-06, 7.843860e-05, 0, 7.300330e-03, 1.054139e-02, 1.807879e-05, 4.093469e-04, 6.854856e-04, 5.441149e-01, -0.000222, 4.222747e-01, 1, 0.000546, 9.141132e-04 
1.980454e+01, 1.721946e-02, 8.747799e-06, 7.639745e-05, 0, 7.274670e-03, 9.841857e-03, 1.778719e-05, 3.186695e-04, 5.361212e-04, 5.424679e-01, -0.000172, 4.222747e-01, 1, 0.000425, 7.148746e-04 
1.989371e+01, 8.917477e-02, 8.456206e-06, 7.756382e-05, 0, 7.544394e-03, 8.152220e-02, 2.216109e-05, 2.486441e-04, 4.198548e-04, 1.228829e+00, -0.000000, 8.445495e-01, 1, 0.000001, 4.561306e-07 
1.991073e+01, 1.701768e-02, 9.622579e-06, 7.873019e-05, 0, 7.160657e-03, 9.763127e-03, 5.540273e-06, 3.051086e-04, 5.441812e-04, -8.762023e+00, 0.000038, 4.222747e-01, 0, 0.000407, 7.256290e-04 
1.992797e+01, 1.723754e-02, 8.747799e-06, 7.668904e-05, 0, 7.310536e-03, 9.836317e-03, 5.248680e-06, 3.051086e-04, 5.441812e-04, -8.793054e+00, 0.000038, 2.111374e-01, 0, 0.000407, 7.256791e-04 
1.993718e+01, 9.208808e-03, 1.078895e-05, 7.756382e-05, 0, 7.147535e-03, 1.951926e-03, 2.099472e-05, 3.051086e-04, 5.441812e-04, 1.241267e+00, -0.000200, 4.222747e-01, 1, 0.000407, 7.256791e-04 
1.995476e+01, 1.758745e-02, 8.456206e-06, 7.756382e-05, 0, 7.093299e-03, 1.040288e-02, 5.248680e-06, 1.188752e-04, 2.028747e-04, -7.368706e+00, 0.000018, 2.111374e-01, 0, 0.000158, 2.706867e-04 
1.997249e+01, 1.772858e-02, 8.456206e-06, 7.814701e-05, 0, 7.680276e-03, 9.940707e-03, 2.099472e-05, 1.188752e-04, 2.028747e-04, 6.247782e-01, -0.000103, 2.111374e-01, 1, 0.000158, 2.706867e-04 
1.999065e+01, 1.815693e-02, 9.039393e-06, 9.418464e-05, 0, 7.791956e-03, 1.024455e-02, 1.720401e-05, 7.070049e-05, 1.156384e-04, 6.261885e-01, -0.000063, 2.111374e-01, 1, 0.000094, 1.544366e-04 
2.000883e+01, 1.817851e-02, 8.456206e-06, 7.727223e-05, 0, 7.725765e-03, 1.034777e-02, 1.924516e-05, 4.140970e-05, 6.386160e-05, 6.293488e-01, -0.000036, 2.111374e-01, 1, 0.000055, 8.549914e-05 
2.002826e+01, 1.943265e-02, 9.622579e-06, 8.397887e-05, 0, 7.556932e-03, 1.175675e-02, 2.536862e-05, 2.433677e-05, 3.425135e-05, 6.252661e-01, -0.000021, 2.111374e-01, 1, 0.000032, 4.616929e-05 
2.013306e+01, 1.048027e-01, 1.603763e-05, 9.739216e-05, 0, 8.091714e-03, 9.657133e-02, 2.624340e-05, 1.482021e-05, 1.751161e-05, 1.175882e+00, -0.000008, 4.222747e-01, 1, 0.000020, 2.334866e-05 
2.019144e+01, 5.837698e-02, 1.603763e-05, 1.087643e-04, 0, 7.807119e-03, 5.042436e-02, 2.070312e-05, 8.136081e-06, 6.933760e-06, 2.845985e-01, -0.000003, 4.222747e-01, 1, 0.000011, 9.244877e-06 
2.021120e+01, 1.975924e-02, 1.049736e-05, 7.843860e-05, 0, 7.835987e-03, 1.181449e-02, 1.982834e-05, 7.600957e-06, 4.631574e-06, 5.348365e-01, -0.000004, 4.222747e-01, 1, 0.000008, 7.578948e-06 
2.025069e+01, 3.949340e-02, 9.914172e-06, 8.339569e-05, 0, 7.988490e-03, 3.138740e-02, 2.420224e-05, 1.025433e-05, 5.109805e-06, 5.368994e-01, -0.000008, 4.222747e-01, 1, 0.000012, 6.258696e-06 
2.039509e+01, 1.443923e-01, 1.195533e-05, 9.505942e-05, 0, 7.999862e-03, 1.362630e-01, 2.245268e-05, 6.962324e-06, 2.841527e-06, 7.939848e-01, -0.000003, 4.222747e-01, 1, 0.000009, 3.788944e-06 
2.048237e+01, 8.728204e-02, 1.341329e-05, 8.397887e-05, 0, 7.626623e-03, 7.952974e-02, 2.828455e-05, 5.131105e-06, 1.959425e-06, 9.811752e-01, -0.000002, 8.445495e-01, 1, 0.000007, 2.613452e-06 
2.060104e+01, 1.186753e-01, 1.195533e-05, 9.272667e-05, 0, 7.781459e-03, 1.107705e-01, 1.866197e-05, 3.301829e-06, 1.383550e-06, 7.532966e-01, -0.000002, 8.445495e-01, 1, 0.000004, 1.642666e-06 
2.088457e+01, 2.835281e-01, 1.108055e-05, 7.727223e-05, 0, 7.391890e-03, 2.760418e-01, 6.123459e-06, 2.150773e-06, 1.148552e-06, 1.708744e-01, -0.000003, 4.222747e-01, 1, 0.000003, 1.534512e-06 
2.091631e+01, 3.174139e-02, 1.283011e-05, 7.727223e-05, 0, 7.500363e-03, 2.412993e-02, 2.099472e-05, 2.150773e-06, 1.148552e-06, 5.645351e-01, -0.000001, 4.222747e-01, 1, 0.000001, 7.485578e-07 
2.092841e+01, 1.209733e-02, 9.330986e-06, 7.756382e-05, 0, 7.595422e-03, 4.393728e-03, 2.128631e-05, 5.353016e-06, 6.049691e-06, 1.141672e+00, -0.000003, 8.445495e-01, 1, 0.000007, 7.792937e-06 
2.095188e+01, 2.346976e-02, 8.456206e-06, 7.727223e-05, 0, 7.117209e-03, 1.624612e-02, 2.070312e-05, 2.606745e-06, 2.756803e-06, 8.018434e-01, -0.000000, 1.689099e+00, 1, 0.000001, 2.216845e-07 
2.099496e+01, 4.307912e-02, 9.039393e-06, 7.873019e-05, 0, 7.294498e-03, 3.567411e-02, 2.274428e-05, 1.842277e-05, 2.851376e-05, 1.455613e+00, -0.000000, 2.810323e+00, 0, 0.000000, 1.241943e-07 
2.105574e+01, 6.078467e-02, 9.330986e-06, 1.014745e-04, 0, 7.430381e-03, 5.321957e-02, 2.391065e-05, 1.067265e-05, 1.763732e-05, 2.661751e+00, -0.000000, 5.620645e+00, 1, 0.000000, 4.479912e-08 
2.135494e+01, 2.991978e-01, 1.108055e-05, 8.835277e-05, 0, 8.210101e-03, 2.908649e-01, 2.332746e-05, 1.010274e-01, 2.257391e-02, 2.040223e-01, -0.659283, 5.620645e+00, 1, 0.134703, 3.009859e-02 
2.137284e+01, 1.789508e-02, 1.399648e-05, 8.427047e-05, 0, 8.055557e-03, 9.735134e-03, 6.123459e-06, 1.229667e-01, 4.355192e-03, 5.026785e-02, -1.580511, 2.810323e+00, 1, 0.163956, 5.806923e-03 
2.138929e+01, 1.645665e-02, 1.020577e-05, 7.843860e-05, 0, 7.216351e-03, 9.131536e-03, 2.011994e-05, 1.229667e-01, 4.355192e-03, 3.839871e-01, -0.426689, 2.810323e+00, 1, 0.163956, 5.806923e-03 
2.139795e+01, 8.655073e-03, 8.456206e-06, 7.756382e-05, 0, 7.180485e-03, 1.363782e-03, 2.478543e-05, 8.436611e-05, 8.800585e-05, 1.261275e+00, -0.000057, 2.810323e+00, 0, 0.000112, 1.173040e-04 
2.141282e+01, 1.486805e-02, 2.245268e-05, 2.169454e-04, 0, 7.321033e-03, 7.286625e-03, 2.099472e-05, 3.046892e-05, 3.209872e-05, 3.128415e+00, -0.000010, 2.810323e+00, 0, 0.000041, 4.279830e-05 
2.143649e+01, 2.366921e-02, 9.039393e-06, 7.698063e-05, 0, 7.423091e-03, 1.613969e-02, 2.041153e-05, 6.508438e-06, 6.339545e-06, 2.771271e+00, -0.000002, 2.810323e+00, 0, 0.000009, 8.452753e-06 
2.145055e+01, 1.406588e-02, 8.456206e-06, 7.668904e-05, 0, 7.404720e-03, 6.555892e-03, 2.011994e-05, 1.920153e-06, 1.699140e-06, 2.193951e+00, -0.000001, 2.810323e+00, 0, 0.000003, 2.266210e-06 
2.147201e+01, 2.145777e-02, 1.078895e-05, 7.639745e-05, 0, 7.429797e-03, 1.391979e-02, 2.099472e-05, 4.281853e-07, 3.662958e-07, 3.093268e-01, -0.000000, 2.810323e+00, 1, 0.000001, 4.886640e-07 
2.149463e+01, 2.262589e-02, 1.020577e-05, 8.631162e-05, 0, 7.211102e-03, 1.530078e-02, 1.749560e-05, 3.815158e-07, 3.223867e-07, 3.681399e-01, -0.000000, 2.810323e+00, 1, 0.000001, 4.330125e-07 
2.151377e+01, 1.913377e-02, 9.039393e-06, 7.727223e-05, 0, 7.173487e-03, 1.184948e-02, 2.449384e-05, 2.820205e-07, 2.398593e-07, 1.884241e+00, -0.000000, 2.810323e+00, 0, 0.000000, 3.219417e-07 
2.160199e+01, 8.821660e-02, 8.456206e-06, 7.668904e-05, 0, 7.740636e-03, 8.038353e-02, 7.289833e-06, 8.233953e-08, 4.621249e-08, -1.486286e-01, -0.000000, 1.405161e+00, 1, 0.000000, 6.185454e-08 
2.188778e+01, 2.857973e-01, 9.622579e-06, 7.902179e-05, 0, 7.827822e-03, 2.778747e-01, 6.123459e-06, 8.233953e-08, 4.621249e-08, 8.219045e-02, -0.000000, 7.025806e-01, 1, 0.000000, 3.465682e-08 
2.218209e+01, 2.943031e-01, 1.312170e-05, 7.843860e-05, 0, 7.458082e-03, 2.867249e-01, 2.857614e-05, 8.233953e-08, 4.621249e-08, 3.225754e-01, -0.000000, 7.025806e-01, 1, 0.000000, 3.465682e-08 
2.220226e+01, 2.017359e-02, 2.595180e-05, 1.035156e-04, 0, 8.763254e-03, 1.125434e-02, 2.653499e-05, 5.676059e-08, 3.322886e-08, 1.727081e+00, -0.000000, 9.762030e-01, 0, 0.000000, 4.996375e-08 
2.244734e+01, 2.450830e-01, 1.195533e-05, 8.602003e-05, 0, 8.521231e-03, 2.364411e-01, 2.274428e-05, 4.961477e-08, 4.671016e-08, 2.781474e-01, -0.000000, 9.762030e-01, 1, 0.000000, 1.128690e-08 
2.249724e+01, 4.989453e-02, 1.283011e-05, 8.776959e-05, 0, 7.994614e-03, 4.177512e-02, 2.420224e-05, 3.713826e-08, 2.545223e-08, 9.886356e-01, -0.000000, 1.952406e+00, 1, 0.000000, 4.132654e-08 
2.253698e+01, 3.973834e-02, 1.049736e-05, 8.456206e-05, 0, 7.893431e-03, 3.172943e-02, 2.041153e-05, 1.578554e-07, 4.101871e-07, 3.480937e-01, -0.000000, 1.952406e+00, 1, 0.000000, 1.803746e-08 
2.254553e+01, 8.558555e-03, 1.137214e-05, 8.397887e-05, 0, 7.435046e-03, 1.002498e-03, 2.566021e-05, 2.240897e-04, 7.954413e-04, 1.014371e+00, -0.000205, 3.904812e+00, 1, 0.000299, 1.060598e-03 
2.255953e+01, 1.399356e-02, 1.137214e-05, 9.389304e-05, 0, 8.228472e-03, 5.639123e-03, 2.070312e-05, 6.818526e-05, 2.437127e-04, 2.088319e+00, -0.000000, 3.904812e+00, 0, 0.000000, 2.928175e-07 
2.257631e+01, 1.678469e-02, 8.747799e-06, 7.727223e-05, 0, 7.197981e-03, 9.495153e-03, 5.540273e-06, 5.340803e-05, 1.888808e-04, -1.115946e+02, 0.000001, 1.952406e+00, 0, 0.000071, 2.518411e-04 
2.259292e+01, 1.660420e-02, 1.108055e-05, 7.814701e-05, 0, 7.229764e-03, 9.280249e-03, 4.957086e-06, 5.340803e-05, 1.888808e-04, -1.116042e+02, 0.000001, 9.762030e-01, 0, 0.000071, 2.518411e-04 
2.260671e+01, 1.379761e-02, 9.039393e-06, 7.785541e-05, 0, 8.145367e-03, 5.543772e-03, 2.157790e-05, 5.340803e-05, 1.888808e-04, 2.067948e+00, -0.000000, 1.051183e+00, 0, 0.000000, 6.455315e-08 
2.261569e+01, 8.980199e-03, 8.456206e-06, 7.698063e-05, 0, 7.866313e-03, 1.006580e-03, 2.186950e-05, 4.001971e-05, 1.395317e-04, 1.181281e+00, -0.000028, 2.102367e+00, 1, 0.000053, 1.860422e-04 
2.263144e+01, 1.574575e-02, 1.283011e-05, 7.931338e-05, 0, 7.218392e-03, 8.414216e-03, 2.099472e-05, 1.496905e-05, 5.191216e-05, 1.272060e+00, -0.000000, 2.102367e+00, 0, 0.000000, 8.068933e-08 
2.264828e+01, 1.683747e-02, 9.039393e-06, 7.727223e-05, 0, 7.176111e-03, 9.570092e-03, 4.957086e-06, 1.003369e-04, 3.723158e-04, -1.983716e+02, 0.000001, 1.051183e+00, 0, 0.000134, 4.964212e-04 
2.266139e+01, 1.311091e-02, 8.747799e-06, 7.698063e-05, 0, 7.091841e-03, 5.913221e-03, 2.011994e-05, 1.003369e-04, 3.723158e-04, 2.069910e+00, -0.000000, 1.053737e+00, 0, 0.000000, 2.970330e-08 
2.267956e+01, 1.817618e-02, 8.747799e-06, 7.610585e-05, 0, 8.154407e-03, 9.916797e-03, 2.011994e-05, 7.580045e-05, 2.777805e-04, 2.033982e+00, -0.000000, 1.056506e+00, 0, 0.000000, 6.356095e-09 
1.000000, 0, 0, 0, 0, 0, 0, 0, 0, 0, 0, 0, 0, 0, 0 ,0