TRM WS=1, MS=2, TRMstep=0: ub=0.800000, lb=0.200000, grow=2.000000,shrink=0.500000, b_w=2,b_m=4, lr=0.400000, lambda=0.000000, n=9, n0=2, n1=2, n2=1, sub_tol=0.001000, sub_maxit=1000, tol=1.000000e-08, m=4, nobias=0 
time, iter_t, subset_m_time, g_time, subset_w_time, p1_time, t2, t3, total error, total gmag, rho, sigma, gamma, step, approx error, approx gmag 
3.144251e-03, 3.144251e-03, 8.747799e-06, 7.814701e-05, 7.289833e-06, 3.031987e-03, 1.691241e-05, 1.166373e-06, 1.364592e-01, 1.054541e-02, 0.000000e+00, 0.000000, 4.000000e-01, 0, 0.136459, 1.054541e-02 
7.565388e-03, 4.421138e-03, 8.456206e-06, 7.727223e-05, 6.998239e-06, 4.311207e-03, 1.574604e-05, 1.457967e-06, 1.307799e-01, 7.852029e-03, 0.000000e+00, 0.000000, 4.000000e-01, 0, 0.130780, 7.852029e-03 
1.130041e-02, 3.735019e-03, 1.049736e-05, 7.756382e-05, 8.164613e-06, 3.621880e-03, 1.545445e-05, 1.457967e-06, 1.269018e-01, 4.698498e-03, 0.000000e+00, 0.000000, 4.000000e-01, 0, 0.126902, 4.698498e-03 
1.435660e-02, 3.056189e-03, 1.020577e-05, 7.698063e-05, 7.289833e-06, 2.947425e-03, 1.341329e-05, 8.747799e-07, 1.247647e-01, 6.012215e-04, 0.000000e+00, 0.000000, 4.000000e-01, 0, 0.124765, 6.012215e-04 
1.717426e-02, 2.817666e-03, 7.873019e-06, 7.493948e-05, 6.415053e-06, 2.714150e-03, 1.283011e-05, 1.457967e-06, 1.242908e-01, 9.235727e-04, 0.000000e+00, 0.000000, 2.000000e-01, 0, 0.124291, 9.235727e-04 
2.006104e-02, 2.886774e-03, 7.873019e-06, 7.493948e-05, 6.123459e-06, 2.783550e-03, 1.312170e-05, 1.166373e-06, 1.241732e-01, 6.916161e-04, 0.000000e+00, 0.000000, 1.000000e-01, 0, 0.124173, 6.916161e-04 
2.290436e-02, 2.843326e-03, 8.164613e-06, 7.581426e-05, 6.415053e-06, 2.738644e-03, 1.312170e-05, 1.166373e-06, 1.238112e-01, 8.007937e-04, 0.000000e+00, 0.000000, 5.000000e-02, 0, 0.123811, 8.007937e-04 
2.571066e-02, 2.806294e-03, 7.873019e-06, 7.552267e-05, 6.123459e-06, 2.702778e-03, 1.283011e-05, 1.166373e-06, 1.237250e-01, 8.754096e-04, 0.000000e+00, 0.000000, 5.000000e-02, 0, 0.123725, 8.754096e-04 
0.750000, 0, 0, 0, 0, 0, 0, 0, 0, 0, 0, 0, 0, 0, 0 ,0