TRM WS=1, MS=2, TRMstep=0: ub=0.800000, lb=0.200000, grow=2.000000,shrink=0.500000, b_w=2,b_m=4, lr=0.400000, lambda=0.000000, n=9, n0=2, n1=2, n2=1, sub_tol=0.001000, sub_maxit=1000, tol=1.000000e-08, m=4, nobias=0 
time, iter_t, subset_m_time, g_time, subset_w_time, p1_time, t2, t3, total error, total gmag, rho, sigma, gamma, step, approx error, approx gmag 
2.977459e-03, 2.977459e-03, 8.456206e-06, 7.523107e-05, 6.998239e-06, 2.869278e-03, 1.603763e-05, 1.457967e-06, 1.364592e-01, 1.054541e-02, 0.000000e+00, 0.000000, 4.000000e-01, 0, 0.136459, 1.054541e-02 
5.801249e-03, 2.823790e-03, 8.164613e-06, 7.552267e-05, 6.415053e-06, 2.719399e-03, 1.312170e-05, 1.166373e-06, 1.348998e-01, 9.935658e-03, 0.000000e+00, 0.000000, 4.000000e-01, 0, 0.134900, 9.935658e-03 
8.813991e-03, 3.012742e-03, 7.873019e-06, 7.523107e-05, 5.831866e-06, 2.909810e-03, 1.312170e-05, 8.747799e-07, 1.325802e-01, 9.129262e-03, 0.000000e+00, 0.000000, 4.000000e-01, 0, 0.132580, 9.129262e-03 
1.168385e-02, 2.869861e-03, 8.164613e-06, 1.093475e-04, 6.415053e-06, 2.732229e-03, 1.283011e-05, 8.747799e-07, 1.247564e-01, 2.693451e-03, 0.000000e+00, 0.000000, 4.000000e-01, 0, 0.124756, 2.693451e-03 
1.447877e-02, 2.794922e-03, 8.164613e-06, 7.552267e-05, 5.831866e-06, 2.691406e-03, 1.283011e-05, 1.166373e-06, 1.242118e-01, 9.027498e-04, 0.000000e+00, 0.000000, 2.000000e-01, 0, 0.124212, 9.027498e-04 
1.726291e-02, 2.784133e-03, 7.873019e-06, 7.406470e-05, 6.415053e-06, 2.681784e-03, 1.283011e-05, 1.166373e-06, 1.241880e-01, 1.199400e-03, 0.000000e+00, 0.000000, 1.000000e-01, 0, 0.124188, 1.199400e-03 
2.026690e-02, 3.003994e-03, 1.078895e-05, 8.747799e-05, 6.415053e-06, 2.883858e-03, 1.428807e-05, 1.166373e-06, 1.237690e-01, 1.374070e-03, 0.000000e+00, 0.000000, 5.000000e-02, 0, 0.123769, 1.374070e-03 
2.310673e-02, 2.839827e-03, 8.456206e-06, 8.077135e-05, 6.415053e-06, 2.730188e-03, 1.283011e-05, 1.166373e-06, 1.234627e-01, 1.437267e-03, 0.000000e+00, 0.000000, 5.000000e-02, 0, 0.123463, 1.437267e-03 
0.750000, 0, 0, 0, 0, 0, 0, 0, 0, 0, 0, 0, 0, 0, 0 ,0