TRM WS=1, MS=2, TRMstep=0: ub=0.800000, lb=0.200000, grow=2.000000,shrink=0.500000, b_w=2,b_m=4, lr=0.400000, lambda=0.000000, n=9, n0=2, n1=2, n2=1, sub_tol=0.001000, sub_maxit=1000, tol=1.000000e-08, m=4, nobias=0 
time, iter_t, subset_m_time, g_time, subset_w_time, p1_time, t2, t3, total error, total gmag, rho, sigma, gamma, step, approx error, approx gmag 
3.733561e-03, 3.733561e-03, 9.622579e-06, 7.785541e-05, 7.289833e-06, 3.616923e-03, 2.041153e-05, 1.457967e-06, 1.423056e-01, 1.297555e-02, 0.000000e+00, 0.000000, 4.000000e-01, 0, 0.142306, 1.297555e-02 
6.836988e-03, 3.103428e-03, 1.283011e-05, 9.126870e-05, 9.330986e-06, 2.974835e-03, 1.399648e-05, 1.166373e-06, 1.390575e-01, 1.168316e-02, 0.000000e+00, 0.000000, 4.000000e-01, 0, 0.139058, 1.168316e-02 
9.705100e-03, 2.868112e-03, 8.747799e-06, 7.493948e-05, 6.706646e-06, 2.763721e-03, 1.312170e-05, 8.747799e-07, 1.357098e-01, 1.018714e-02, 0.000000e+00, 0.000000, 4.000000e-01, 0, 0.135710, 1.018714e-02 
1.297503e-02, 3.269927e-03, 7.873019e-06, 7.377311e-05, 6.123459e-06, 3.163496e-03, 1.749560e-05, 1.166373e-06, 1.263181e-01, 3.808318e-03, 0.000000e+00, 0.000000, 4.000000e-01, 0, 0.126318, 3.808318e-03 
1.583935e-02, 2.864321e-03, 8.747799e-06, 7.523107e-05, 6.706646e-06, 2.759347e-03, 1.312170e-05, 1.166373e-06, 1.253907e-01, 2.181675e-03, 0.000000e+00, 0.000000, 2.000000e-01, 0, 0.125391, 2.181675e-03 
1.866605e-02, 2.826706e-03, 8.164613e-06, 7.523107e-05, 5.831866e-06, 2.723481e-03, 1.312170e-05, 8.747799e-07, 1.249615e-01, 3.044072e-04, 0.000000e+00, 0.000000, 1.000000e-01, 0, 0.124962, 3.044072e-04 
2.176248e-02, 3.096429e-03, 7.873019e-06, 7.377311e-05, 6.123459e-06, 2.993205e-03, 1.428807e-05, 1.166373e-06, 1.249492e-01, 3.499565e-04, 0.000000e+00, 0.000000, 5.000000e-02, 0, 0.124949, 3.499565e-04 
2.465946e-02, 2.896980e-03, 9.039393e-06, 8.047975e-05, 6.415053e-06, 2.786466e-03, 1.341329e-05, 1.166373e-06, 1.249455e-01, 3.575844e-04, 0.000000e+00, 0.000000, 5.000000e-02, 0, 0.124945, 3.575844e-04 
0.500000, 0, 0, 0, 0, 0, 0, 0, 0, 0, 0, 0, 0, 0, 0 ,0