TRM WS=1, MS=2, TRMstep=0: ub=0.800000, lb=0.200000, grow=2.000000,shrink=0.500000, b_w=2,b_m=4, lr=0.400000, lambda=0.000000, n=9, n0=2, n1=2, n2=1, sub_tol=0.001000, sub_maxit=1000, tol=1.000000e-08, m=4, nobias=0 
time, iter_t, subset_m_time, g_time, subset_w_time, p1_time, t2, t3, total error, total gmag, rho, sigma, gamma, step, approx error, approx gmag 
3.009826e-03, 3.009826e-03, 8.747799e-06, 7.814701e-05, 7.289833e-06, 2.898729e-03, 1.574604e-05, 1.166373e-06, 1.412657e-01, 1.239560e-02, 0.000000e+00, 0.000000, 4.000000e-01, 0, 0.141266, 1.239560e-02 
5.831283e-03, 2.821457e-03, 8.456206e-06, 7.523107e-05, 6.706646e-06, 2.716775e-03, 1.312170e-05, 1.166373e-06, 1.350734e-01, 1.023514e-02, 0.000000e+00, 0.000000, 4.000000e-01, 0, 0.135073, 1.023514e-02 
8.627663e-03, 2.796380e-03, 7.873019e-06, 7.523107e-05, 6.123459e-06, 2.693447e-03, 1.283011e-05, 8.747799e-07, 1.301740e-01, 7.687119e-03, 0.000000e+00, 0.000000, 4.000000e-01, 0, 0.130174, 7.687119e-03 
1.141559e-02, 2.787924e-03, 7.873019e-06, 7.493948e-05, 6.123459e-06, 2.684991e-03, 1.312170e-05, 8.747799e-07, 1.249598e-01, 2.857625e-04, 0.000000e+00, 0.000000, 4.000000e-01, 0, 0.124960, 2.857625e-04 
1.418951e-02, 2.773927e-03, 7.873019e-06, 7.377311e-05, 5.831866e-06, 2.672453e-03, 1.283011e-05, 1.166373e-06, 1.249159e-01, 2.239428e-04, 0.000000e+00, 0.000000, 2.000000e-01, 0, 0.124916, 2.239428e-04 
1.697394e-02, 2.784424e-03, 8.164613e-06, 7.493948e-05, 6.123459e-06, 2.681200e-03, 1.312170e-05, 8.747799e-07, 1.249111e-01, 1.405091e-04, 0.000000e+00, 0.000000, 1.000000e-01, 0, 0.124911, 1.405091e-04 
1.982018e-02, 2.846242e-03, 7.581426e-06, 7.464789e-05, 6.123459e-06, 2.743893e-03, 1.312170e-05, 8.747799e-07, 1.248636e-01, 2.026158e-04, 0.000000e+00, 0.000000, 5.000000e-02, 0, 0.124864, 2.026158e-04 
2.296647e-02, 3.146292e-03, 7.873019e-06, 7.493948e-05, 6.123459e-06, 3.043068e-03, 1.341329e-05, 8.747799e-07, 1.248505e-01, 2.309052e-04, 0.000000e+00, 0.000000, 5.000000e-02, 0, 0.124850, 2.309052e-04 
0.500000, 0, 0, 0, 0, 0, 0, 0, 0, 0, 0, 0, 0, 0, 0 ,0