TRM WS=1, MS=2, TRMstep=0: ub=0.800000, lb=0.200000, grow=2.000000,shrink=0.500000, b_w=2,b_m=4, lr=0.400000, lambda=0.000000, n=9, n0=2, n1=2, n2=1, sub_tol=0.001000, sub_maxit=1000, tol=1.000000e-08, m=4, nobias=0 
time, iter_t, subset_m_time, g_time, subset_w_time, p1_time, t2, t3, total error, total gmag, rho, sigma, gamma, step, approx error, approx gmag 
2.995246e-03, 2.995246e-03, 8.456206e-06, 7.698063e-05, 7.289833e-06, 2.885607e-03, 1.545445e-05, 1.457967e-06, 1.361772e-01, 1.058914e-02, 0.000000e+00, 0.000000, 4.000000e-01, 0, 0.136177, 1.058914e-02 
5.783753e-03, 2.788507e-03, 8.456206e-06, 7.552267e-05, 6.706646e-06, 2.683533e-03, 1.312170e-05, 1.166373e-06, 1.331656e-01, 8.964767e-03, 0.000000e+00, 0.000000, 4.000000e-01, 0, 0.133166, 8.964767e-03 
8.577217e-03, 2.793464e-03, 7.873019e-06, 7.464789e-05, 6.123459e-06, 2.690531e-03, 1.283011e-05, 1.457967e-06, 1.327128e-01, 8.452038e-03, 0.000000e+00, 0.000000, 2.000000e-01, 0, 0.132713, 8.452038e-03 
1.227462e-02, 3.697403e-03, 7.873019e-06, 7.552267e-05, 6.415053e-06, 3.592721e-03, 1.399648e-05, 8.747799e-07, 1.252980e-01, 1.784081e-03, 0.000000e+00, 0.000000, 2.000000e-01, 0, 0.125298, 1.784081e-03 
1.521126e-02, 2.936636e-03, 1.020577e-05, 7.610585e-05, 6.415053e-06, 2.830205e-03, 1.283011e-05, 8.747799e-07, 1.250957e-01, 1.091879e-03, 0.000000e+00, 0.000000, 1.000000e-01, 0, 0.125096, 1.091879e-03 
1.814002e-02, 2.928763e-03, 8.164613e-06, 7.523107e-05, 6.123459e-06, 2.825248e-03, 1.283011e-05, 1.166373e-06, 1.249863e-01, 3.074737e-04, 0.000000e+00, 0.000000, 5.000000e-02, 0, 0.124986, 3.074737e-04 
2.101338e-02, 2.873360e-03, 7.873019e-06, 7.377311e-05, 6.123459e-06, 2.771886e-03, 1.283011e-05, 8.747799e-07, 1.249713e-01, 2.254967e-04, 0.000000e+00, 0.000000, 2.500000e-02, 0, 0.124971, 2.254967e-04 
2.382696e-02, 2.813584e-03, 7.873019e-06, 7.552267e-05, 5.831866e-06, 2.710651e-03, 1.283011e-05, 8.747799e-07, 1.249332e-01, 2.261327e-04, 0.000000e+00, 0.000000, 2.500000e-02, 0, 0.124933, 2.261327e-04 
0.500000, 0, 0, 0, 0, 0, 0, 0, 0, 0, 0, 0, 0, 0, 0 ,0