TRM WS=1, MS=2, TRMstep=0: ub=0.800000, lb=0.200000, grow=2.000000,shrink=0.500000, b_w=2,b_m=4, lr=0.400000, lambda=0.000000, n=9, n0=2, n1=2, n2=1, sub_tol=0.001000, sub_maxit=1000, tol=1.000000e-08, m=4, nobias=0 
time, iter_t, subset_m_time, g_time, subset_w_time, p1_time, t2, t3, total error, total gmag, rho, sigma, gamma, step, approx error, approx gmag 
3.928637e-03, 3.928637e-03, 1.020577e-05, 8.222931e-05, 7.873019e-06, 3.785464e-03, 2.536862e-05, 1.749560e-05, 1.379934e-01, 1.089525e-02, 0.000000e+00, 0.000000, 4.000000e-01, 0, 0.137993, 1.089525e-02 
8.606668e-03, 4.678031e-03, 9.243508e-05, 1.516285e-04, 1.195533e-05, 4.404225e-03, 1.662082e-05, 1.166373e-06, 1.355471e-01, 9.638356e-03, 0.000000e+00, 0.000000, 4.000000e-01, 0, 0.135547, 9.638356e-03 
1.191421e-02, 3.307543e-03, 9.622579e-06, 8.456206e-05, 1.691241e-05, 3.180700e-03, 1.457967e-05, 1.166373e-06, 1.348008e-01, 8.799482e-03, 0.000000e+00, 0.000000, 2.000000e-01, 0, 0.134801, 8.799482e-03 
1.508121e-02, 3.166995e-03, 9.330986e-06, 8.135453e-05, 6.706646e-06, 3.055898e-03, 1.283011e-05, 8.747799e-07, 1.265963e-01, 2.046574e-03, 0.000000e+00, 0.000000, 2.000000e-01, 0, 0.126596, 2.046574e-03 
1.793503e-02, 2.853824e-03, 7.873019e-06, 9.330986e-05, 9.039393e-06, 2.729605e-03, 1.283011e-05, 1.166373e-06, 1.262737e-01, 2.052926e-03, 0.000000e+00, 0.000000, 1.000000e-01, 0, 0.126274, 2.052926e-03 
2.077107e-02, 2.836037e-03, 7.873019e-06, 9.389304e-05, 6.123459e-06, 2.714150e-03, 1.283011e-05, 1.166373e-06, 1.260690e-01, 1.878489e-03, 0.000000e+00, 0.000000, 5.000000e-02, 0, 0.126069, 1.878489e-03 
2.386866e-02, 3.097596e-03, 1.108055e-05, 9.418464e-05, 6.706646e-06, 2.971044e-03, 1.341329e-05, 1.166373e-06, 1.259675e-01, 1.787023e-03, 0.000000e+00, 0.000000, 2.500000e-02, 0, 0.125968, 1.787023e-03 
2.681288e-02, 2.944218e-03, 8.164613e-06, 7.493948e-05, 6.415053e-06, 2.840702e-03, 1.283011e-05, 1.166373e-06, 1.257967e-01, 1.347438e-03, 0.000000e+00, 0.000000, 2.500000e-02, 0, 0.125797, 1.347438e-03 
0.750000, 0, 0, 0, 0, 0, 0, 0, 0, 0, 0, 0, 0, 0, 0 ,0