TRM WS=0, MS=1, TRMstep=0: ub=0.800000, lb=0.200000, grow=2.000000,shrink=0.500000, b_w=2,b_m=4, lr=1.000000, lambda=0.000000, n=9, n0=2, n1=2, n2=1, sub_tol=0.001000, sub_maxit=1000, tol=1.000000e-08, m=4, nobias=0 
time, iter_t, subset_m_time, g_time, subset_w_time, p1_time, t2, t3, total error, total gmag, rho, sigma, gamma, step, approx error, approx gmag 
3.467044e-04, 3.467044e-04, 3.499120e-06, 1.417143e-04, 0, 2.332746e-06, 1.350077e-04, 6.415053e-05, 1.251603e-01, 5.745822e-04, 0.000000e+00, 0.000000, 1.000000e+00, 0, 0.120813, 3.661510e-02 
7.281085e-04, 3.814040e-04, 1.457967e-06, 9.622579e-05, 0, 2.799296e-05, 5.102883e-05, 2.046985e-04, 1.264130e-01, 3.737604e-03, 0.000000e+00, 0.000000, 1.000000e+00, 0, 0.161734, 4.375526e-02 
8.021732e-04, 7.406470e-05, 1.749560e-06, 5.598591e-05, 0, 1.166373e-06, 1.428807e-05, 8.747799e-07, 1.251230e-01, 1.732480e-04, 0.000000e+00, 0.000000, 1.000000e+00, 0, 0.126411, 3.763671e-02 
9.129786e-04, 1.108055e-04, 1.749560e-06, 5.423636e-05, 0, 5.831866e-07, 1.370489e-05, 4.053147e-05, 1.260677e-01, 3.225859e-03, 0.000000e+00, 0.000000, 1.000000e+00, 0, 0.138750, 3.814014e-02 
9.832526e-04, 7.027399e-05, 1.166373e-06, 5.423636e-05, 0, 8.747799e-07, 1.341329e-05, 5.831866e-07, 1.251324e-01, 1.954689e-04, 0.000000e+00, 0.000000, 1.000000e+00, 0, 0.125098, 3.721572e-02 
1.052360e-03, 6.910761e-05, 8.747799e-07, 5.306998e-05, 0, 8.747799e-07, 1.341329e-05, 8.747799e-07, 1.260374e-01, 3.147708e-03, 0.000000e+00, 0.000000, 5.000000e-01, 0, 0.156949, 4.318060e-02 
1.116219e-03, 6.385893e-05, 8.747799e-07, 4.927927e-05, 0, 5.831866e-07, 1.253851e-05, 5.831866e-07, 1.251553e-01, 6.269173e-04, 0.000000e+00, 0.000000, 5.000000e-01, 0, 0.130194, 3.807021e-02 
1.180370e-03, 6.415053e-05, 8.747799e-07, 4.957086e-05, 0, 5.831866e-07, 1.253851e-05, 5.831866e-07, 1.252213e-01, 1.065273e-03, 0.000000e+00, 0.000000, 5.000000e-01, 0, 0.124258, 3.597111e-02 
1.243645e-03, 6.327575e-05, 8.747799e-07, 4.869608e-05, 0, 5.831866e-07, 1.253851e-05, 5.831866e-07, 1.251493e-01, 5.378231e-04, 0.000000e+00, 0.000000, 5.000000e-01, 0, 0.127753, 3.756635e-02 
1.307796e-03, 6.415053e-05, 8.747799e-07, 4.957086e-05, 0, 5.831866e-07, 1.253851e-05, 5.831866e-07, 1.252417e-01, 1.137100e-03, 0.000000e+00, 0.000000, 2.500000e-01, 0, 0.141217, 4.112122e-02 
1.371072e-03, 6.327575e-05, 8.747799e-07, 4.898768e-05, 0, 5.831866e-07, 1.224692e-05, 5.831866e-07, 1.251611e-01, 6.813841e-04, 0.000000e+00, 0.000000, 2.500000e-01, 0, 0.130595, 3.810958e-02 
1.433181e-03, 6.210937e-05, 8.747799e-07, 4.840449e-05, 0, 5.831866e-07, 1.166373e-05, 5.831866e-07, 1.251227e-01, 2.299454e-04, 0.000000e+00, 0.000000, 2.500000e-01, 0, 0.118582, 3.503454e-02 
1.495582e-03, 6.240097e-05, 1.166373e-06, 4.840449e-05, 0, 5.831866e-07, 1.166373e-05, 5.831866e-07, 1.251550e-01, 6.161733e-04, 0.000000e+00, 0.000000, 2.500000e-01, 0, 0.128252, 3.762918e-02 
1.557400e-03, 6.181778e-05, 1.166373e-06, 4.782130e-05, 0, 5.831866e-07, 1.166373e-05, 5.831866e-07, 1.251276e-01, 2.760406e-04, 0.000000e+00, 0.000000, 1.250000e-01, 0, 0.134473, 4.011891e-02 
1.619801e-03, 6.240097e-05, 1.166373e-06, 4.811290e-05, 0, 8.747799e-07, 1.166373e-05, 5.831866e-07, 1.251589e-01, 6.663580e-04, 0.000000e+00, 0.000000, 1.250000e-01, 0, 0.130488, 3.809465e-02 
1.682202e-03, 6.240097e-05, 8.747799e-07, 4.811290e-05, 0, 8.747799e-07, 1.195533e-05, 5.831866e-07, 1.251252e-01, 2.829904e-04, 0.000000e+00, 0.000000, 1.250000e-01, 0, 0.116068, 3.460380e-02 
1.744894e-03, 6.269256e-05, 8.747799e-07, 4.898768e-05, 0, 5.831866e-07, 1.166373e-05, 5.831866e-07, 1.251553e-01, 6.294308e-04, 0.000000e+00, 0.000000, 1.250000e-01, 0, 0.128318, 3.763649e-02 
1.807004e-03, 6.210937e-05, 1.166373e-06, 4.811290e-05, 0, 5.831866e-07, 1.166373e-05, 5.831866e-07, 1.251252e-01, 2.566162e-04, 0.000000e+00, 0.000000, 6.250000e-02, 0, 0.131356, 3.963092e-02 
1.870863e-03, 6.385893e-05, 8.747799e-07, 4.957086e-05, 0, 8.747799e-07, 1.195533e-05, 5.831866e-07, 1.251566e-01, 6.494260e-04, 0.000000e+00, 0.000000, 6.250000e-02, 0, 0.130366, 3.807950e-02 
1.937929e-03, 6.706646e-05, 1.166373e-06, 5.190361e-05, 0, 5.831866e-07, 1.283011e-05, 5.831866e-07, 1.251365e-01, 4.522357e-04, 0.000000e+00, 0.000000, 6.250000e-02, 0, 0.114883, 3.439754e-02 
2.006454e-03, 6.852443e-05, 1.166373e-06, 5.306998e-05, 0, 5.831866e-07, 1.312170e-05, 5.831866e-07, 1.251547e-01, 6.299838e-04, 0.000000e+00, 0.000000, 6.250000e-02, 0, 0.128308, 3.763458e-02 
2.074103e-03, 6.764965e-05, 1.166373e-06, 5.248680e-05, 0, 5.831866e-07, 1.283011e-05, 5.831866e-07, 1.251359e-01, 4.357125e-04, 0.000000e+00, 0.000000, 3.125000e-02, 0, 0.129857, 3.939073e-02 
2.141753e-03, 6.764965e-05, 8.747799e-07, 5.306998e-05, 0, 5.831866e-07, 1.253851e-05, 5.831866e-07, 1.251553e-01, 6.387509e-04, 0.000000e+00, 0.000000, 3.125000e-02, 0, 0.130290, 3.807011e-02 
2.208819e-03, 6.706646e-05, 8.747799e-07, 5.248680e-05, 0, 5.831866e-07, 1.253851e-05, 5.831866e-07, 1.251445e-01, 5.395198e-04, 0.000000e+00, 0.000000, 3.125000e-02, 0, 0.114308, 3.429663e-02 
2.272387e-03, 6.356734e-05, 8.747799e-07, 5.015405e-05, 0, 5.831866e-07, 1.166373e-05, 2.915933e-07, 1.251543e-01, 6.287979e-04, 0.000000e+00, 0.000000, 3.125000e-02, 0, 0.128293, 3.763228e-02 
2.339745e-03, 6.735805e-05, 1.166373e-06, 5.219520e-05, 0, 5.831866e-07, 1.283011e-05, 5.831866e-07, 1.251439e-01, 5.307958e-04, 0.000000e+00, 0.000000, 1.562500e-02, 0, 0.129123, 3.927163e-02 
2.407978e-03, 6.823283e-05, 1.166373e-06, 5.306998e-05, 0, 5.831866e-07, 1.283011e-05, 5.831866e-07, 1.251545e-01, 6.328795e-04, 0.000000e+00, 0.000000, 1.562500e-02, 0, 0.130247, 3.806497e-02 
2.474752e-03, 6.677487e-05, 8.747799e-07, 5.161202e-05, 0, 8.747799e-07, 1.283011e-05, 5.831866e-07, 1.251489e-01, 5.831491e-04, 0.000000e+00, 0.000000, 1.562500e-02, 0, 0.114025, 3.424672e-02 
2.541819e-03, 6.706646e-05, 8.747799e-07, 5.248680e-05, 0, 5.831866e-07, 1.253851e-05, 5.831866e-07, 1.251541e-01, 6.278466e-04, 0.000000e+00, 0.000000, 1.562500e-02, 0, 0.128283, 3.763081e-02 
2.616175e-03, 7.435629e-05, 1.166373e-06, 5.365317e-05, 0, 8.747799e-07, 1.807879e-05, 5.831866e-07, 1.251486e-01, 5.786890e-04, 0.000000e+00, 0.000000, 7.812500e-03, 0, 0.128759, 3.921234e-02 
2.810376e-03, 1.942011e-04, 8.747799e-07, 1.755392e-04, 0, 1.166373e-06, 1.574604e-05, 8.747799e-07, 1.251542e-01, 6.298126e-04, 0.000000e+00, 0.000000, 7.812500e-03, 0, 0.130225, 3.806230e-02 
2.896105e-03, 8.572843e-05, 1.166373e-06, 6.677487e-05, 0, 1.166373e-06, 1.545445e-05, 1.166373e-06, 1.251513e-01, 6.049228e-04, 0.000000e+00, 0.000000, 7.812500e-03, 0, 0.113885, 3.422191e-02 
2.978917e-03, 8.281250e-05, 1.457967e-06, 6.560849e-05, 0, 8.747799e-07, 1.428807e-05, 5.831866e-07, 1.251539e-01, 6.272823e-04, 0.000000e+00, 0.000000, 7.812500e-03, 0, 0.128277, 3.762999e-02 
3.057064e-03, 7.814701e-05, 1.166373e-06, 6.094300e-05, 0, 5.831866e-07, 1.457967e-05, 8.747799e-07, 1.251512e-01, 6.026697e-04, 0.000000e+00, 0.000000, 3.906250e-03, 0, 0.128578, 3.918276e-02 
3.134920e-03, 7.785541e-05, 1.166373e-06, 6.094300e-05, 0, 8.747799e-07, 1.428807e-05, 5.831866e-07, 1.251540e-01, 6.282467e-04, 0.000000e+00, 0.000000, 3.906250e-03, 0, 0.130214, 3.806093e-02 
3.212483e-03, 7.756382e-05, 1.166373e-06, 6.065141e-05, 0, 8.747799e-07, 1.428807e-05, 5.831866e-07, 1.251525e-01, 6.157961e-04, 0.000000e+00, 0.000000, 3.906250e-03, 0, 0.113815, 3.420953e-02 
3.289464e-03, 7.698063e-05, 1.166373e-06, 6.006822e-05, 0, 1.166373e-06, 1.399648e-05, 5.831866e-07, 1.251538e-01, 6.269781e-04, 0.000000e+00, 0.000000, 3.906250e-03, 0, 0.128274, 3.762956e-02 
3.368194e-03, 7.873019e-05, 1.166373e-06, 6.123459e-05, 0, 1.166373e-06, 1.428807e-05, 8.747799e-07, 1.251524e-01, 6.146640e-04, 0.000000e+00, 0.000000, 1.953125e-03, 0, 0.128487, 3.916798e-02 
3.443717e-03, 7.552267e-05, 1.166373e-06, 5.919344e-05, 0, 8.747799e-07, 1.370489e-05, 5.831866e-07, 1.251539e-01, 6.274556e-04, 0.000000e+00, 0.000000, 1.953125e-03, 0, 0.130208, 3.806024e-02 
3.518656e-03, 7.493948e-05, 1.166373e-06, 5.919344e-05, 0, 5.831866e-07, 1.341329e-05, 5.831866e-07, 1.251531e-01, 6.212290e-04, 0.000000e+00, 0.000000, 1.953125e-03, 0, 0.113780, 3.420336e-02 
3.597095e-03, 7.843860e-05, 1.166373e-06, 6.152619e-05, 0, 8.747799e-07, 1.428807e-05, 5.831866e-07, 1.251538e-01, 6.268205e-04, 0.000000e+00, 0.000000, 1.953125e-03, 0, 0.128272, 3.762934e-02 
3.674950e-03, 7.785541e-05, 1.457967e-06, 6.065141e-05, 0, 8.747799e-07, 1.399648e-05, 8.747799e-07, 1.251531e-01, 6.206615e-04, 0.000000e+00, 0.000000, 9.765625e-04, 0, 0.128442, 3.916060e-02 
3.752806e-03, 7.785541e-05, 1.166373e-06, 6.094300e-05, 0, 8.747799e-07, 1.428807e-05, 5.831866e-07, 1.251538e-01, 6.270581e-04, 0.000000e+00, 0.000000, 9.765625e-04, 0, 0.130205, 3.805990e-02 
3.831244e-03, 7.843860e-05, 1.166373e-06, 6.240097e-05, 0, 8.747799e-07, 1.341329e-05, 5.831866e-07, 1.251535e-01, 6.239444e-04, 0.000000e+00, 0.000000, 9.765625e-04, 0, 0.113762, 3.420027e-02 
3.906476e-03, 7.523107e-05, 1.166373e-06, 5.627751e-05, 0, 1.166373e-06, 1.574604e-05, 8.747799e-07, 1.251538e-01, 6.267403e-04, 0.000000e+00, 0.000000, 9.765625e-04, 0, 0.128272, 3.762923e-02 
3.989580e-03, 8.310409e-05, 1.166373e-06, 6.590009e-05, 0, 8.747799e-07, 1.399648e-05, 1.166373e-06, 1.251534e-01, 6.236604e-04, 0.000000e+00, 0.000000, 4.882813e-04, 0, 0.128420, 3.915691e-02 
4.055771e-03, 6.619168e-05, 1.166373e-06, 5.132042e-05, 0, 5.831866e-07, 1.253851e-05, 5.831866e-07, 1.251538e-01, 6.268588e-04, 0.000000e+00, 0.000000, 4.882813e-04, 0, 0.130204, 3.805972e-02 
4.120213e-03, 6.444212e-05, 1.166373e-06, 4.986246e-05, 0, 8.747799e-07, 1.166373e-05, 8.747799e-07, 1.251536e-01, 6.253019e-04, 0.000000e+00, 0.000000, 4.882813e-04, 0, 0.113753, 3.419873e-02 
4.183781e-03, 6.356734e-05, 1.166373e-06, 4.898768e-05, 0, 8.747799e-07, 1.195533e-05, 5.831866e-07, 1.251538e-01, 6.266999e-04, 0.000000e+00, 0.000000, 4.882813e-04, 0, 0.128271, 3.762917e-02 
4.247640e-03, 6.385893e-05, 1.166373e-06, 4.927927e-05, 0, 5.831866e-07, 1.195533e-05, 8.747799e-07, 1.251536e-01, 6.251598e-04, 0.000000e+00, 0.000000, 2.441406e-04, 0, 0.128409, 3.915506e-02 
4.319372e-03, 7.173195e-05, 1.166373e-06, 5.569432e-05, 0, 5.831866e-07, 1.370489e-05, 5.831866e-07, 1.251538e-01, 6.267591e-04, 0.000000e+00, 0.000000, 2.441406e-04, 0, 0.130203, 3.805963e-02 
4.388188e-03, 6.881602e-05, 1.166373e-06, 5.365317e-05, 0, 5.831866e-07, 1.283011e-05, 5.831866e-07, 1.251537e-01, 6.259806e-04, 0.000000e+00, 0.000000, 2.441406e-04, 0, 0.113749, 3.419795e-02 
4.457587e-03, 6.939921e-05, 1.166373e-06, 5.336158e-05, 0, 8.747799e-07, 1.341329e-05, 5.831866e-07, 1.251538e-01, 6.266796e-04, 0.000000e+00, 0.000000, 2.441406e-04, 0, 0.128271, 3.762914e-02 
4.527278e-03, 6.969080e-05, 8.747799e-07, 5.394476e-05, 0, 8.747799e-07, 1.312170e-05, 8.747799e-07, 1.251537e-01, 6.259095e-04, 0.000000e+00, 0.000000, 1.220703e-04, 0, 0.128403, 3.915414e-02 
4.591428e-03, 6.415053e-05, 8.747799e-07, 4.986246e-05, 0, 8.747799e-07, 1.195533e-05, 5.831866e-07, 1.251538e-01, 6.267091e-04, 0.000000e+00, 0.000000, 1.220703e-04, 0, 0.130203, 3.805959e-02 
4.655579e-03, 6.415053e-05, 1.166373e-06, 4.986246e-05, 0, 5.831866e-07, 1.195533e-05, 5.831866e-07, 1.251537e-01, 6.263199e-04, 0.000000e+00, 0.000000, 1.220703e-04, 0, 0.113747, 3.419757e-02 
4.719146e-03, 6.356734e-05, 8.747799e-07, 4.898768e-05, 0, 8.747799e-07, 1.253851e-05, 2.915933e-07, 1.251538e-01, 6.266694e-04, 0.000000e+00, 0.000000, 1.220703e-04, 0, 0.128271, 3.762913e-02 
4.781839e-03, 6.269256e-05, 8.747799e-07, 4.869608e-05, 0, 5.831866e-07, 1.195533e-05, 5.831866e-07, 1.251537e-01, 6.262844e-04, 0.000000e+00, 0.000000, 6.103516e-05, 0, 0.128400, 3.915368e-02 
4.845989e-03, 6.415053e-05, 8.747799e-07, 5.015405e-05, 0, 5.831866e-07, 1.195533e-05, 5.831866e-07, 1.251538e-01, 6.266842e-04, 0.000000e+00, 0.000000, 6.103516e-05, 0, 0.130202, 3.805957e-02 
4.908390e-03, 6.240097e-05, 8.747799e-07, 4.869608e-05, 0, 5.831866e-07, 1.166373e-05, 5.831866e-07, 1.251538e-01, 6.264896e-04, 0.000000e+00, 0.000000, 6.103516e-05, 0, 0.113746, 3.419738e-02 
4.977498e-03, 6.910761e-05, 8.747799e-07, 5.394476e-05, 0, 8.747799e-07, 1.283011e-05, 5.831866e-07, 1.251538e-01, 6.266643e-04, 0.000000e+00, 0.000000, 6.103516e-05, 0, 0.128271, 3.762912e-02 
5.046022e-03, 6.852443e-05, 1.166373e-06, 5.306998e-05, 0, 8.747799e-07, 1.283011e-05, 5.831866e-07, 1.251537e-01, 6.264718e-04, 0.000000e+00, 0.000000, 3.051758e-05, 0, 0.128399, 3.915345e-02 
5.114838e-03, 6.881602e-05, 1.166373e-06, 5.365317e-05, 0, 8.747799e-07, 1.253851e-05, 5.831866e-07, 1.251538e-01, 6.266717e-04, 0.000000e+00, 0.000000, 3.051758e-05, 0, 0.130202, 3.805956e-02 
5.183071e-03, 6.823283e-05, 1.166373e-06, 5.306998e-05, 0, 5.831866e-07, 1.283011e-05, 5.831866e-07, 1.251538e-01, 6.265744e-04, 0.000000e+00, 0.000000, 3.051758e-05, 0, 0.113745, 3.419728e-02 
5.251887e-03, 6.881602e-05, 1.166373e-06, 5.365317e-05, 0, 5.831866e-07, 1.283011e-05, 5.831866e-07, 1.251538e-01, 6.266618e-04, 0.000000e+00, 0.000000, 3.051758e-05, 0, 0.128271, 3.762912e-02 
5.321286e-03, 6.939921e-05, 1.166373e-06, 5.423636e-05, 0, 5.831866e-07, 1.253851e-05, 8.747799e-07, 1.251538e-01, 6.265655e-04, 0.000000e+00, 0.000000, 1.525879e-05, 0, 0.128398, 3.915333e-02 
5.388936e-03, 6.764965e-05, 8.747799e-07, 5.277839e-05, 0, 5.831866e-07, 1.283011e-05, 5.831866e-07, 1.251538e-01, 6.266655e-04, 0.000000e+00, 0.000000, 1.525879e-05, 0, 0.130202, 3.805955e-02 
5.465042e-03, 7.610585e-05, 8.747799e-07, 5.481954e-05, 0, 5.831866e-07, 1.924516e-05, 5.831866e-07, 1.251538e-01, 6.266168e-04, 0.000000e+00, 0.000000, 1.525879e-05, 0, 0.113745, 3.419723e-02 
5.528318e-03, 6.327575e-05, 1.166373e-06, 4.927927e-05, 0, 5.831866e-07, 1.195533e-05, 2.915933e-07, 1.251538e-01, 6.266605e-04, 0.000000e+00, 0.000000, 1.525879e-05, 0, 0.128271, 3.762912e-02 
5.595676e-03, 6.735805e-05, 1.166373e-06, 5.248680e-05, 0, 5.831866e-07, 1.253851e-05, 5.831866e-07, 1.251538e-01, 6.266124e-04, 0.000000e+00, 0.000000, 7.629395e-06, 0, 0.128398, 3.915328e-02 
5.663908e-03, 6.823283e-05, 1.166373e-06, 5.306998e-05, 0, 5.831866e-07, 1.283011e-05, 5.831866e-07, 1.251538e-01, 6.266623e-04, 0.000000e+00, 0.000000, 7.629395e-06, 0, 0.130202, 3.805955e-02 
5.731558e-03, 6.764965e-05, 8.747799e-07, 5.277839e-05, 0, 8.747799e-07, 1.253851e-05, 5.831866e-07, 1.251538e-01, 6.266380e-04, 0.000000e+00, 0.000000, 7.629395e-06, 0, 0.113745, 3.419721e-02 
5.798916e-03, 6.735805e-05, 1.166373e-06, 5.248680e-05, 0, 5.831866e-07, 1.253851e-05, 5.831866e-07, 1.251538e-01, 6.266598e-04, 0.000000e+00, 0.000000, 7.629395e-06, 0, 0.128271, 3.762912e-02 
5.866274e-03, 6.735805e-05, 8.747799e-07, 5.248680e-05, 0, 8.747799e-07, 1.253851e-05, 5.831866e-07, 1.251538e-01, 6.266358e-04, 0.000000e+00, 0.000000, 3.814697e-06, 0, 0.128397, 3.915325e-02 
5.929258e-03, 6.298415e-05, 8.747799e-07, 4.927927e-05, 0, 5.831866e-07, 1.166373e-05, 5.831866e-07, 1.251538e-01, 6.266608e-04, 0.000000e+00, 0.000000, 3.814697e-06, 0, 0.130202, 3.805955e-02 
5.992534e-03, 6.327575e-05, 8.747799e-07, 4.927927e-05, 0, 5.831866e-07, 1.195533e-05, 5.831866e-07, 1.251538e-01, 6.266486e-04, 0.000000e+00, 0.000000, 3.814697e-06, 0, 0.113745, 3.419720e-02 
6.054935e-03, 6.240097e-05, 8.747799e-07, 4.869608e-05, 0, 5.831866e-07, 1.166373e-05, 5.831866e-07, 1.251538e-01, 6.266595e-04, 0.000000e+00, 0.000000, 3.814697e-06, 0, 0.128271, 3.762912e-02 
6.116461e-03, 6.152619e-05, 8.747799e-07, 4.782130e-05, 0, 5.831866e-07, 1.166373e-05, 5.831866e-07, 1.251538e-01, 6.266475e-04, 0.000000e+00, 0.000000, 1.907349e-06, 0, 0.128397, 3.915323e-02 
6.184402e-03, 6.794124e-05, 1.166373e-06, 5.306998e-05, 0, 5.831866e-07, 1.283011e-05, 2.915933e-07, 1.251538e-01, 6.266600e-04, 0.000000e+00, 0.000000, 1.907349e-06, 0, 0.130202, 3.805955e-02 
6.253218e-03, 6.881602e-05, 1.166373e-06, 5.306998e-05, 0, 8.747799e-07, 1.283011e-05, 8.747799e-07, 1.251538e-01, 6.266539e-04, 0.000000e+00, 0.000000, 1.907349e-06, 0, 0.113745, 3.419719e-02 
6.321743e-03, 6.852443e-05, 1.166373e-06, 5.336158e-05, 0, 8.747799e-07, 1.253851e-05, 5.831866e-07, 1.251538e-01, 6.266594e-04, 0.000000e+00, 0.000000, 1.907349e-06, 0, 0.128271, 3.762912e-02 
6.389393e-03, 6.764965e-05, 1.166373e-06, 5.219520e-05, 0, 8.747799e-07, 1.283011e-05, 5.831866e-07, 1.251538e-01, 6.266534e-04, 0.000000e+00, 0.000000, 9.536743e-07, 0, 0.128397, 3.915322e-02 
6.459083e-03, 6.969080e-05, 1.166373e-06, 5.452795e-05, 0, 5.831866e-07, 1.283011e-05, 5.831866e-07, 1.251538e-01, 6.266596e-04, 0.000000e+00, 0.000000, 9.536743e-07, 0, 0.130202, 3.805955e-02 
6.541896e-03, 8.281250e-05, 1.166373e-06, 5.656910e-05, 0, 1.166373e-06, 2.332746e-05, 5.831866e-07, 1.251538e-01, 6.266566e-04, 0.000000e+00, 0.000000, 9.536743e-07, 0, 0.113745, 3.419719e-02 
6.604297e-03, 6.240097e-05, 8.747799e-07, 4.898768e-05, 0, 5.831866e-07, 1.166373e-05, 2.915933e-07, 1.251538e-01, 6.266593e-04, 0.000000e+00, 0.000000, 9.536743e-07, 0, 0.128271, 3.762912e-02 
6.667573e-03, 6.327575e-05, 8.747799e-07, 4.898768e-05, 0, 8.747799e-07, 1.195533e-05, 5.831866e-07, 1.251538e-01, 6.266563e-04, 0.000000e+00, 0.000000, 4.768372e-07, 0, 0.128397, 3.915322e-02 
6.736972e-03, 6.939921e-05, 1.166373e-06, 5.423636e-05, 0, 5.831866e-07, 1.283011e-05, 5.831866e-07, 1.251538e-01, 6.266594e-04, 0.000000e+00, 0.000000, 4.768372e-07, 0, 0.130202, 3.805955e-02 
6.805496e-03, 6.852443e-05, 1.166373e-06, 5.336158e-05, 0, 8.747799e-07, 1.253851e-05, 5.831866e-07, 1.251538e-01, 6.266579e-04, 0.000000e+00, 0.000000, 4.768372e-07, 0, 0.113745, 3.419718e-02 
6.873729e-03, 6.823283e-05, 1.166373e-06, 5.277839e-05, 0, 8.747799e-07, 1.283011e-05, 5.831866e-07, 1.251538e-01, 6.266592e-04, 0.000000e+00, 0.000000, 4.768372e-07, 0, 0.128271, 3.762912e-02 
6.941962e-03, 6.823283e-05, 1.166373e-06, 5.277839e-05, 0, 8.747799e-07, 1.253851e-05, 8.747799e-07, 1.251538e-01, 6.266577e-04, 0.000000e+00, 0.000000, 2.384186e-07, 0, 0.128397, 3.915322e-02 
7.010195e-03, 6.823283e-05, 8.747799e-07, 5.336158e-05, 0, 8.747799e-07, 1.253851e-05, 5.831866e-07, 1.251538e-01, 6.266593e-04, 0.000000e+00, 0.000000, 2.384186e-07, 0, 0.130202, 3.805955e-02 
7.077553e-03, 6.735805e-05, 8.747799e-07, 5.219520e-05, 0, 5.831866e-07, 1.283011e-05, 8.747799e-07, 1.251538e-01, 6.266585e-04, 0.000000e+00, 0.000000, 2.384186e-07, 0, 0.113745, 3.419718e-02 
7.145202e-03, 6.764965e-05, 1.166373e-06, 5.248680e-05, 0, 8.747799e-07, 1.253851e-05, 5.831866e-07, 1.251538e-01, 6.266592e-04, 0.000000e+00, 0.000000, 2.384186e-07, 0, 0.128271, 3.762912e-02 
7.213727e-03, 6.852443e-05, 1.166373e-06, 5.277839e-05, 0, 8.747799e-07, 1.283011e-05, 8.747799e-07, 1.251538e-01, 6.266585e-04, 0.000000e+00, 0.000000, 1.192093e-07, 0, 0.128397, 3.915322e-02 
7.281085e-03, 6.735805e-05, 8.747799e-07, 5.277839e-05, 0, 8.747799e-07, 1.253851e-05, 2.915933e-07, 1.251538e-01, 6.266593e-04, 0.000000e+00, 0.000000, 1.192093e-07, 0, 0.130202, 3.805955e-02 
7.348443e-03, 6.735805e-05, 1.166373e-06, 5.219520e-05, 0, 5.831866e-07, 1.283011e-05, 5.831866e-07, 1.251538e-01, 6.266589e-04, 0.000000e+00, 0.000000, 1.192093e-07, 0, 0.113745, 3.419718e-02 
7.416676e-03, 6.823283e-05, 1.166373e-06, 5.248680e-05, 0, 8.747799e-07, 1.312170e-05, 5.831866e-07, 1.251538e-01, 6.266592e-04, 0.000000e+00, 0.000000, 1.192093e-07, 0, 0.128271, 3.762912e-02 
7.484617e-03, 6.794124e-05, 1.166373e-06, 5.248680e-05, 0, 8.747799e-07, 1.253851e-05, 8.747799e-07, 1.251538e-01, 6.266588e-04, 0.000000e+00, 0.000000, 5.960464e-08, 0, 0.128397, 3.915322e-02 
7.553433e-03, 6.881602e-05, 1.166373e-06, 5.365317e-05, 0, 5.831866e-07, 1.283011e-05, 5.831866e-07, 1.251538e-01, 6.266592e-04, 0.000000e+00, 0.000000, 5.960464e-08, 0, 0.130202, 3.805955e-02 
7.627498e-03, 7.406470e-05, 1.166373e-06, 5.977663e-05, 0, 5.831866e-07, 1.166373e-05, 8.747799e-07, 1.251538e-01, 6.266590e-04, 0.000000e+00, 0.000000, 5.960464e-08, 0, 0.113745, 3.419718e-02 
7.698063e-03, 7.056558e-05, 1.457967e-06, 5.452795e-05, 0, 8.747799e-07, 1.312170e-05, 5.831866e-07, 1.251538e-01, 6.266592e-04, 0.000000e+00, 0.000000, 5.960464e-08, 0, 0.128271, 3.762912e-02 
7.766879e-03, 6.881602e-05, 1.166373e-06, 5.365317e-05, 0, 5.831866e-07, 1.283011e-05, 5.831866e-07, 1.251538e-01, 6.266590e-04, 0.000000e+00, 0.000000, 2.980232e-08, 0, 0.128397, 3.915322e-02 
7.835987e-03, 6.910761e-05, 8.747799e-07, 5.394476e-05, 0, 5.831866e-07, 1.312170e-05, 5.831866e-07, 1.251538e-01, 6.266592e-04, 0.000000e+00, 0.000000, 2.980232e-08, 0, 0.130202, 3.805955e-02 
7.905678e-03, 6.969080e-05, 1.166373e-06, 5.365317e-05, 0, 8.747799e-07, 1.312170e-05, 8.747799e-07, 1.251538e-01, 6.266591e-04, 0.000000e+00, 0.000000, 2.980232e-08, 0, 0.113745, 3.419718e-02 
7.974494e-03, 6.881602e-05, 1.166373e-06, 5.336158e-05, 0, 5.831866e-07, 1.312170e-05, 5.831866e-07, 1.251538e-01, 6.266592e-04, 0.000000e+00, 0.000000, 2.980232e-08, 0, 0.128271, 3.762912e-02 
8.042727e-03, 6.823283e-05, 1.166373e-06, 5.306998e-05, 0, 5.831866e-07, 1.283011e-05, 5.831866e-07, 1.251538e-01, 6.266591e-04, 0.000000e+00, 0.000000, 1.490116e-08, 0, 0.128397, 3.915322e-02 
8.110668e-03, 6.794124e-05, 1.166373e-06, 5.277839e-05, 0, 5.831866e-07, 1.283011e-05, 5.831866e-07, 1.251538e-01, 6.266592e-04, 0.000000e+00, 0.000000, 1.490116e-08, 0, 0.130202, 3.805955e-02 
8.177734e-03, 6.706646e-05, 8.747799e-07, 5.219520e-05, 0, 5.831866e-07, 1.283011e-05, 5.831866e-07, 1.251538e-01, 6.266592e-04, 0.000000e+00, 0.000000, 1.490116e-08, 0, 0.113745, 3.419718e-02 
8.244801e-03, 6.706646e-05, 8.747799e-07, 5.248680e-05, 0, 5.831866e-07, 1.283011e-05, 2.915933e-07, 1.251538e-01, 6.266592e-04, 0.000000e+00, 0.000000, 1.490116e-08, 0, 0.128271, 3.762912e-02 
8.312159e-03, 6.735805e-05, 1.166373e-06, 5.219520e-05, 0, 5.831866e-07, 1.283011e-05, 5.831866e-07, 1.251538e-01, 6.266592e-04, 0.000000e+00, 0.000000, 7.450581e-09, 0, 0.128397, 3.915322e-02 
8.381266e-03, 6.910761e-05, 1.166373e-06, 5.365317e-05, 0, 5.831866e-07, 1.312170e-05, 5.831866e-07, 1.251538e-01, 6.266592e-04, 0.000000e+00, 0.000000, 7.450581e-09, 0, 0.130202, 3.805955e-02 
8.449499e-03, 6.823283e-05, 1.166373e-06, 5.277839e-05, 0, 8.747799e-07, 1.253851e-05, 8.747799e-07, 1.251538e-01, 6.266592e-04, 0.000000e+00, 0.000000, 7.450581e-09, 0, 0.113745, 3.419718e-02 
8.517732e-03, 6.823283e-05, 1.166373e-06, 5.306998e-05, 0, 5.831866e-07, 1.283011e-05, 5.831866e-07, 1.251538e-01, 6.266592e-04, 0.000000e+00, 0.000000, 7.450581e-09, 0, 0.128271, 3.762912e-02 
8.585673e-03, 6.794124e-05, 8.747799e-07, 5.336158e-05, 0, 5.831866e-07, 1.253851e-05, 5.831866e-07, 1.251538e-01, 6.266592e-04, 0.000000e+00, 0.000000, 3.725290e-09, 0, 0.128397, 3.915322e-02 
8.653906e-03, 6.823283e-05, 8.747799e-07, 5.336158e-05, 0, 8.747799e-07, 1.253851e-05, 5.831866e-07, 1.251538e-01, 6.266592e-04, 0.000000e+00, 0.000000, 3.725290e-09, 0, 0.130202, 3.805955e-02 
8.721847e-03, 6.794124e-05, 8.747799e-07, 5.306998e-05, 0, 8.747799e-07, 1.253851e-05, 5.831866e-07, 1.251538e-01, 6.266592e-04, 0.000000e+00, 0.000000, 3.725290e-09, 0, 0.113745, 3.419718e-02 
8.790372e-03, 6.852443e-05, 1.166373e-06, 5.336158e-05, 0, 5.831866e-07, 1.283011e-05, 5.831866e-07, 1.251538e-01, 6.266592e-04, 0.000000e+00, 0.000000, 3.725290e-09, 0, 0.128271, 3.762912e-02 
8.857730e-03, 6.735805e-05, 8.747799e-07, 5.277839e-05, 0, 5.831866e-07, 1.253851e-05, 5.831866e-07, 1.251538e-01, 6.266592e-04, 0.000000e+00, 0.000000, 1.862645e-09, 0, 0.128397, 3.915322e-02 
8.925088e-03, 6.735805e-05, 8.747799e-07, 5.248680e-05, 0, 5.831866e-07, 1.283011e-05, 5.831866e-07, 1.251538e-01, 6.266592e-04, 0.000000e+00, 0.000000, 1.862645e-09, 0, 0.130202, 3.805955e-02 
8.992738e-03, 6.764965e-05, 1.166373e-06, 5.248680e-05, 0, 5.831866e-07, 1.283011e-05, 5.831866e-07, 1.251538e-01, 6.266592e-04, 0.000000e+00, 0.000000, 1.862645e-09, 0, 0.113745, 3.419718e-02 
9.059804e-03, 6.706646e-05, 1.166373e-06, 5.190361e-05, 0, 8.747799e-07, 1.253851e-05, 5.831866e-07, 1.251538e-01, 6.266592e-04, 0.000000e+00, 0.000000, 1.862645e-09, 0, 0.128271, 3.762912e-02 
9.129786e-03, 6.998239e-05, 1.166373e-06, 5.511113e-05, 0, 5.831866e-07, 1.253851e-05, 5.831866e-07, 1.251538e-01, 6.266592e-04, 0.000000e+00, 0.000000, 9.313226e-10, 0, 0.128397, 3.915322e-02 
9.199186e-03, 6.939921e-05, 1.166373e-06, 5.248680e-05, 0, 5.831866e-07, 1.457967e-05, 5.831866e-07, 1.251538e-01, 6.266592e-04, 0.000000e+00, 0.000000, 9.313226e-10, 0, 0.130202, 3.805955e-02 
9.266835e-03, 6.764965e-05, 8.747799e-07, 5.277839e-05, 0, 8.747799e-07, 1.253851e-05, 5.831866e-07, 1.251538e-01, 6.266592e-04, 0.000000e+00, 0.000000, 9.313226e-10, 0, 0.113745, 3.419718e-02 
9.334777e-03, 6.794124e-05, 1.166373e-06, 5.277839e-05, 0, 8.747799e-07, 1.253851e-05, 5.831866e-07, 1.251538e-01, 6.266592e-04, 0.000000e+00, 0.000000, 9.313226e-10, 0, 0.128271, 3.762912e-02 
9.401551e-03, 6.677487e-05, 8.747799e-07, 5.219520e-05, 0, 5.831866e-07, 1.253851e-05, 5.831866e-07, 1.251538e-01, 6.266592e-04, 0.000000e+00, 0.000000, 4.656613e-10, 0, 0.128397, 3.915322e-02 
9.469493e-03, 6.794124e-05, 1.166373e-06, 5.277839e-05, 0, 5.831866e-07, 1.283011e-05, 5.831866e-07, 1.251538e-01, 6.266592e-04, 0.000000e+00, 0.000000, 4.656613e-10, 0, 0.130202, 3.805955e-02 
9.537142e-03, 6.764965e-05, 1.166373e-06, 5.219520e-05, 0, 8.747799e-07, 1.283011e-05, 5.831866e-07, 1.251538e-01, 6.266592e-04, 0.000000e+00, 0.000000, 4.656613e-10, 0, 0.113745, 3.419718e-02 
9.599835e-03, 6.269256e-05, 1.166373e-06, 4.869608e-05, 0, 5.831866e-07, 1.166373e-05, 5.831866e-07, 1.251538e-01, 6.266592e-04, 0.000000e+00, 0.000000, 4.656613e-10, 0, 0.128271, 3.762912e-02 
9.662236e-03, 6.240097e-05, 8.747799e-07, 4.840449e-05, 0, 5.831866e-07, 1.195533e-05, 5.831866e-07, 1.251538e-01, 6.266592e-04, 0.000000e+00, 0.000000, 2.328306e-10, 0, 0.128397, 3.915322e-02 
9.724928e-03, 6.269256e-05, 8.747799e-07, 4.898768e-05, 0, 5.831866e-07, 1.166373e-05, 5.831866e-07, 1.251538e-01, 6.266592e-04, 0.000000e+00, 0.000000, 2.328306e-10, 0, 0.130202, 3.805955e-02 
9.787621e-03, 6.269256e-05, 8.747799e-07, 4.898768e-05, 0, 5.831866e-07, 1.166373e-05, 5.831866e-07, 1.251538e-01, 6.266592e-04, 0.000000e+00, 0.000000, 2.328306e-10, 0, 0.113745, 3.419718e-02 
9.850022e-03, 6.240097e-05, 1.166373e-06, 4.869608e-05, 0, 5.831866e-07, 1.166373e-05, 2.915933e-07, 1.251538e-01, 6.266592e-04, 0.000000e+00, 0.000000, 2.328306e-10, 0, 0.128271, 3.762912e-02 
9.912423e-03, 6.240097e-05, 8.747799e-07, 4.840449e-05, 0, 8.747799e-07, 1.166373e-05, 5.831866e-07, 1.251538e-01, 6.266592e-04, 0.000000e+00, 0.000000, 1.164153e-10, 0, 0.128397, 3.915322e-02 
9.975407e-03, 6.298415e-05, 8.747799e-07, 4.898768e-05, 0, 8.747799e-07, 1.166373e-05, 5.831866e-07, 1.251538e-01, 6.266592e-04, 0.000000e+00, 0.000000, 1.164153e-10, 0, 0.130202, 3.805955e-02 
1.003839e-02, 6.298415e-05, 1.166373e-06, 4.898768e-05, 0, 5.831866e-07, 1.166373e-05, 5.831866e-07, 1.251538e-01, 6.266592e-04, 0.000000e+00, 0.000000, 1.164153e-10, 0, 0.113745, 3.419718e-02 
1.010167e-02, 6.327575e-05, 1.166373e-06, 4.869608e-05, 0, 8.747799e-07, 1.195533e-05, 5.831866e-07, 1.251538e-01, 6.266592e-04, 0.000000e+00, 0.000000, 1.164153e-10, 0, 0.128271, 3.762912e-02 
1.016465e-02, 6.298415e-05, 1.166373e-06, 4.898768e-05, 0, 5.831866e-07, 1.166373e-05, 5.831866e-07, 1.251538e-01, 6.266592e-04, 0.000000e+00, 0.000000, 5.820766e-11, 0, 0.128397, 3.915322e-02 
1.022734e-02, 6.269256e-05, 8.747799e-07, 4.898768e-05, 0, 5.831866e-07, 1.166373e-05, 5.831866e-07, 1.251538e-01, 6.266592e-04, 0.000000e+00, 0.000000, 5.820766e-11, 0, 0.130202, 3.805955e-02 
1.028974e-02, 6.240097e-05, 8.747799e-07, 4.840449e-05, 0, 5.831866e-07, 1.195533e-05, 5.831866e-07, 1.251538e-01, 6.266592e-04, 0.000000e+00, 0.000000, 5.820766e-11, 0, 0.113745, 3.419718e-02 
1.035244e-02, 6.269256e-05, 1.166373e-06, 4.869608e-05, 0, 5.831866e-07, 1.195533e-05, 2.915933e-07, 1.251538e-01, 6.266592e-04, 0.000000e+00, 0.000000, 5.820766e-11, 0, 0.128271, 3.762912e-02 
1.041513e-02, 6.269256e-05, 1.166373e-06, 4.811290e-05, 0, 5.831866e-07, 1.195533e-05, 8.747799e-07, 1.251538e-01, 6.266592e-04, 0.000000e+00, 0.000000, 2.910383e-11, 0, 0.128397, 3.915322e-02 
1.047841e-02, 6.327575e-05, 1.166373e-06, 4.898768e-05, 0, 8.747799e-07, 1.195533e-05, 2.915933e-07, 1.251538e-01, 6.266592e-04, 0.000000e+00, 0.000000, 2.910383e-11, 0, 0.130202, 3.805955e-02 
1.055101e-02, 7.260673e-05, 8.747799e-07, 5.802707e-05, 0, 5.831866e-07, 1.253851e-05, 5.831866e-07, 1.251538e-01, 6.266592e-04, 0.000000e+00, 0.000000, 2.910383e-11, 0, 0.113745, 3.419718e-02 
1.061954e-02, 6.852443e-05, 1.457967e-06, 5.306998e-05, 0, 5.831866e-07, 1.283011e-05, 5.831866e-07, 1.251538e-01, 6.266592e-04, 0.000000e+00, 0.000000, 2.910383e-11, 0, 0.128271, 3.762912e-02 
1.068748e-02, 6.794124e-05, 1.166373e-06, 5.248680e-05, 0, 8.747799e-07, 1.283011e-05, 5.831866e-07, 1.251538e-01, 6.266592e-04, 0.000000e+00, 0.000000, 1.455192e-11, 0, 0.128397, 3.915322e-02 
1.075834e-02, 7.085717e-05, 1.166373e-06, 5.569432e-05, 0, 5.831866e-07, 1.283011e-05, 5.831866e-07, 1.251538e-01, 6.266592e-04, 0.000000e+00, 0.000000, 1.455192e-11, 0, 0.130202, 3.805955e-02 
1.082803e-02, 6.969080e-05, 1.166373e-06, 5.365317e-05, 0, 8.747799e-07, 1.312170e-05, 8.747799e-07, 1.251538e-01, 6.266592e-04, 0.000000e+00, 0.000000, 1.455192e-11, 0, 0.113745, 3.419718e-02 
1.089626e-02, 6.823283e-05, 1.166373e-06, 5.306998e-05, 0, 5.831866e-07, 1.283011e-05, 5.831866e-07, 1.251538e-01, 6.266592e-04, 0.000000e+00, 0.000000, 1.455192e-11, 0, 0.128271, 3.762912e-02 
1.096303e-02, 6.677487e-05, 8.747799e-07, 5.190361e-05, 0, 5.831866e-07, 1.253851e-05, 8.747799e-07, 1.251538e-01, 6.266592e-04, 0.000000e+00, 0.000000, 7.275958e-12, 0, 0.128397, 3.915322e-02 
1.103418e-02, 7.114877e-05, 1.166373e-06, 5.540273e-05, 0, 8.747799e-07, 1.312170e-05, 5.831866e-07, 1.251538e-01, 6.266592e-04, 0.000000e+00, 0.000000, 7.275958e-12, 0, 0.130202, 3.805955e-02 
1.110212e-02, 6.794124e-05, 1.166373e-06, 5.277839e-05, 0, 5.831866e-07, 1.283011e-05, 5.831866e-07, 1.251538e-01, 6.266592e-04, 0.000000e+00, 0.000000, 7.275958e-12, 0, 0.113745, 3.419718e-02 
1.117152e-02, 6.939921e-05, 1.166373e-06, 5.365317e-05, 0, 8.747799e-07, 1.283011e-05, 8.747799e-07, 1.251538e-01, 6.266592e-04, 0.000000e+00, 0.000000, 7.275958e-12, 0, 0.128271, 3.762912e-02 
1.123946e-02, 6.794124e-05, 1.166373e-06, 5.277839e-05, 0, 8.747799e-07, 1.253851e-05, 5.831866e-07, 1.251538e-01, 6.266592e-04, 0.000000e+00, 0.000000, 3.637979e-12, 0, 0.128397, 3.915322e-02 
1.130274e-02, 6.327575e-05, 1.166373e-06, 4.898768e-05, 0, 8.747799e-07, 1.166373e-05, 5.831866e-07, 1.251538e-01, 6.266592e-04, 0.000000e+00, 0.000000, 3.637979e-12, 0, 0.130202, 3.805955e-02 
1.136602e-02, 6.327575e-05, 1.166373e-06, 4.898768e-05, 0, 5.831866e-07, 1.195533e-05, 5.831866e-07, 1.251538e-01, 6.266592e-04, 0.000000e+00, 0.000000, 3.637979e-12, 0, 0.113745, 3.419718e-02 
1.142812e-02, 6.210937e-05, 8.747799e-07, 4.840449e-05, 0, 5.831866e-07, 1.166373e-05, 5.831866e-07, 1.251538e-01, 6.266592e-04, 0.000000e+00, 0.000000, 3.637979e-12, 0, 0.128271, 3.762912e-02 
1.148994e-02, 6.181778e-05, 8.747799e-07, 4.811290e-05, 0, 5.831866e-07, 1.166373e-05, 5.831866e-07, 1.251538e-01, 6.266592e-04, 0.000000e+00, 0.000000, 1.818989e-12, 0, 0.128397, 3.915322e-02 
1.155234e-02, 6.240097e-05, 8.747799e-07, 4.869608e-05, 0, 5.831866e-07, 1.195533e-05, 2.915933e-07, 1.251538e-01, 6.266592e-04, 0.000000e+00, 0.000000, 1.818989e-12, 0, 0.130202, 3.805955e-02 
1.162028e-02, 6.794124e-05, 8.747799e-07, 5.277839e-05, 0, 5.831866e-07, 1.312170e-05, 5.831866e-07, 1.251538e-01, 6.266592e-04, 0.000000e+00, 0.000000, 1.818989e-12, 0, 0.113745, 3.419718e-02 
1.168881e-02, 6.852443e-05, 1.166373e-06, 5.336158e-05, 0, 5.831866e-07, 1.283011e-05, 5.831866e-07, 1.251538e-01, 6.266592e-04, 0.000000e+00, 0.000000, 1.818989e-12, 0, 0.128271, 3.762912e-02 
1.175821e-02, 6.939921e-05, 1.166373e-06, 5.423636e-05, 0, 8.747799e-07, 1.253851e-05, 5.831866e-07, 1.251538e-01, 6.266592e-04, 0.000000e+00, 0.000000, 9.094947e-13, 0, 0.128397, 3.915322e-02 
1.182557e-02, 6.735805e-05, 8.747799e-07, 5.248680e-05, 0, 5.831866e-07, 1.283011e-05, 5.831866e-07, 1.251538e-01, 6.266592e-04, 0.000000e+00, 0.000000, 9.094947e-13, 0, 0.130202, 3.805955e-02 
1.189409e-02, 6.852443e-05, 1.166373e-06, 5.306998e-05, 0, 8.747799e-07, 1.283011e-05, 5.831866e-07, 1.251538e-01, 6.266592e-04, 0.000000e+00, 0.000000, 9.094947e-13, 0, 0.113745, 3.419718e-02 
1.196203e-02, 6.794124e-05, 1.166373e-06, 5.248680e-05, 0, 8.747799e-07, 1.283011e-05, 5.831866e-07, 1.251538e-01, 6.266592e-04, 0.000000e+00, 0.000000, 9.094947e-13, 0, 0.128271, 3.762912e-02 
1.202968e-02, 6.764965e-05, 1.166373e-06, 5.248680e-05, 0, 5.831866e-07, 1.283011e-05, 5.831866e-07, 1.251538e-01, 6.266592e-04, 0.000000e+00, 0.000000, 4.547474e-13, 0, 0.128397, 3.915322e-02 
1.209791e-02, 6.823283e-05, 1.166373e-06, 5.423636e-05, 0, 5.831866e-07, 1.195533e-05, 2.915933e-07, 1.251538e-01, 6.266592e-04, 0.000000e+00, 0.000000, 4.547474e-13, 0, 0.130202, 3.805955e-02 
1.216061e-02, 6.269256e-05, 8.747799e-07, 4.869608e-05, 0, 8.747799e-07, 1.166373e-05, 5.831866e-07, 1.251538e-01, 6.266592e-04, 0.000000e+00, 0.000000, 4.547474e-13, 0, 0.113745, 3.419718e-02 
1.222826e-02, 6.764965e-05, 1.166373e-06, 5.219520e-05, 0, 8.747799e-07, 1.283011e-05, 5.831866e-07, 1.251538e-01, 6.266592e-04, 0.000000e+00, 0.000000, 4.547474e-13, 0, 0.128271, 3.762912e-02 
1.229561e-02, 6.735805e-05, 1.166373e-06, 5.219520e-05, 0, 5.831866e-07, 1.253851e-05, 8.747799e-07, 1.251538e-01, 6.266592e-04, 0.000000e+00, 0.000000, 2.273737e-13, 0, 0.128397, 3.915322e-02 
1.236356e-02, 6.794124e-05, 1.166373e-06, 5.277839e-05, 0, 5.831866e-07, 1.283011e-05, 5.831866e-07, 1.251538e-01, 6.266592e-04, 0.000000e+00, 0.000000, 2.273737e-13, 0, 0.130202, 3.805955e-02 
1.243062e-02, 6.706646e-05, 8.747799e-07, 5.219520e-05, 0, 8.747799e-07, 1.253851e-05, 5.831866e-07, 1.251538e-01, 6.266592e-04, 0.000000e+00, 0.000000, 2.273737e-13, 0, 0.113745, 3.419718e-02 
1.249798e-02, 6.735805e-05, 1.166373e-06, 5.248680e-05, 0, 5.831866e-07, 1.253851e-05, 5.831866e-07, 1.251538e-01, 6.266592e-04, 0.000000e+00, 0.000000, 2.273737e-13, 0, 0.128271, 3.762912e-02 
1.256009e-02, 6.210937e-05, 8.747799e-07, 4.840449e-05, 0, 5.831866e-07, 1.166373e-05, 5.831866e-07, 1.251538e-01, 6.266592e-04, 0.000000e+00, 0.000000, 1.136868e-13, 0, 0.128397, 3.915322e-02 
1.262307e-02, 6.298415e-05, 8.747799e-07, 4.898768e-05, 0, 5.831866e-07, 1.195533e-05, 5.831866e-07, 1.251538e-01, 6.266592e-04, 0.000000e+00, 0.000000, 1.136868e-13, 0, 0.130202, 3.805955e-02 
1.268635e-02, 6.327575e-05, 8.747799e-07, 4.898768e-05, 0, 8.747799e-07, 1.195533e-05, 5.831866e-07, 1.251538e-01, 6.266592e-04, 0.000000e+00, 0.000000, 1.136868e-13, 0, 0.113745, 3.419718e-02 
1.274788e-02, 6.152619e-05, 8.747799e-07, 4.782130e-05, 0, 5.831866e-07, 1.166373e-05, 5.831866e-07, 1.251538e-01, 6.266592e-04, 0.000000e+00, 0.000000, 1.136868e-13, 0, 0.128271, 3.762912e-02 
1.280969e-02, 6.181778e-05, 8.747799e-07, 4.811290e-05, 0, 5.831866e-07, 1.166373e-05, 5.831866e-07, 1.251538e-01, 6.266592e-04, 0.000000e+00, 0.000000, 5.684342e-14, 0, 0.128397, 3.915322e-02 
1.287151e-02, 6.181778e-05, 1.166373e-06, 4.811290e-05, 0, 5.831866e-07, 1.166373e-05, 2.915933e-07, 1.251538e-01, 6.266592e-04, 0.000000e+00, 0.000000, 5.684342e-14, 0, 0.130202, 3.805955e-02 
1.293362e-02, 6.210937e-05, 1.166373e-06, 4.782130e-05, 0, 8.747799e-07, 1.166373e-05, 5.831866e-07, 1.251538e-01, 6.266592e-04, 0.000000e+00, 0.000000, 5.684342e-14, 0, 0.113745, 3.419718e-02 
1.299544e-02, 6.181778e-05, 8.747799e-07, 4.811290e-05, 0, 8.747799e-07, 1.166373e-05, 2.915933e-07, 1.251538e-01, 6.266592e-04, 0.000000e+00, 0.000000, 5.684342e-14, 0, 0.128271, 3.762912e-02 
1.305755e-02, 6.210937e-05, 1.166373e-06, 4.840449e-05, 0, 5.831866e-07, 1.137214e-05, 5.831866e-07, 1.251538e-01, 6.266592e-04, 0.000000e+00, 0.000000, 2.842171e-14, 0, 0.128397, 3.915322e-02 
1.312053e-02, 6.298415e-05, 8.747799e-07, 4.898768e-05, 0, 8.747799e-07, 1.166373e-05, 5.831866e-07, 1.251538e-01, 6.266592e-04, 0.000000e+00, 0.000000, 2.842171e-14, 0, 0.130202, 3.805955e-02 
1.318264e-02, 6.210937e-05, 8.747799e-07, 4.840449e-05, 0, 5.831866e-07, 1.166373e-05, 5.831866e-07, 1.251538e-01, 6.266592e-04, 0.000000e+00, 0.000000, 2.842171e-14, 0, 0.113745, 3.419718e-02 
1.324475e-02, 6.210937e-05, 8.747799e-07, 4.811290e-05, 0, 5.831866e-07, 1.195533e-05, 5.831866e-07, 1.251538e-01, 6.266592e-04, 0.000000e+00, 0.000000, 2.842171e-14, 0, 0.128271, 3.762912e-02 
1.330686e-02, 6.210937e-05, 8.747799e-07, 4.811290e-05, 0, 8.747799e-07, 1.166373e-05, 5.831866e-07, 1.251538e-01, 6.266592e-04, 0.000000e+00, 0.000000, 1.421085e-14, 0, 0.128397, 3.915322e-02 
1.336897e-02, 6.210937e-05, 8.747799e-07, 4.811290e-05, 0, 8.747799e-07, 1.166373e-05, 5.831866e-07, 1.251538e-01, 6.266592e-04, 0.000000e+00, 0.000000, 1.421085e-14, 0, 0.130202, 3.805955e-02 
1.343020e-02, 6.123459e-05, 8.747799e-07, 4.782130e-05, 0, 5.831866e-07, 1.137214e-05, 5.831866e-07, 1.251538e-01, 6.266592e-04, 0.000000e+00, 0.000000, 1.421085e-14, 0, 0.113745, 3.419718e-02 
1.349261e-02, 6.240097e-05, 1.166373e-06, 4.869608e-05, 0, 5.831866e-07, 1.137214e-05, 5.831866e-07, 1.251538e-01, 6.266592e-04, 0.000000e+00, 0.000000, 1.421085e-14, 0, 0.128271, 3.762912e-02 
1.355384e-02, 6.123459e-05, 8.747799e-07, 4.752971e-05, 0, 5.831866e-07, 1.166373e-05, 5.831866e-07, 1.251538e-01, 6.266592e-04, 0.000000e+00, 0.000000, 7.105427e-15, 0, 0.128397, 3.915322e-02 
1.361653e-02, 6.269256e-05, 1.166373e-06, 4.840449e-05, 0, 8.747799e-07, 1.166373e-05, 5.831866e-07, 1.251538e-01, 6.266592e-04, 0.000000e+00, 0.000000, 7.105427e-15, 0, 0.130202, 3.805955e-02 
1.367806e-02, 6.152619e-05, 8.747799e-07, 4.811290e-05, 0, 5.831866e-07, 1.137214e-05, 5.831866e-07, 1.251538e-01, 6.266592e-04, 0.000000e+00, 0.000000, 7.105427e-15, 0, 0.113745, 3.419718e-02 
1.373959e-02, 6.152619e-05, 8.747799e-07, 4.782130e-05, 0, 5.831866e-07, 1.166373e-05, 5.831866e-07, 1.251538e-01, 6.266592e-04, 0.000000e+00, 0.000000, 7.105427e-15, 0, 0.128271, 3.762912e-02 
1.380169e-02, 6.210937e-05, 8.747799e-07, 4.811290e-05, 0, 8.747799e-07, 1.166373e-05, 5.831866e-07, 1.251538e-01, 6.266592e-04, 0.000000e+00, 0.000000, 3.552714e-15, 0, 0.128397, 3.915322e-02 
1.386351e-02, 6.181778e-05, 8.747799e-07, 4.840449e-05, 0, 5.831866e-07, 1.166373e-05, 2.915933e-07, 1.251538e-01, 6.266592e-04, 0.000000e+00, 0.000000, 3.552714e-15, 0, 0.130202, 3.805955e-02 
1.392650e-02, 6.298415e-05, 1.166373e-06, 4.840449e-05, 0, 8.747799e-07, 1.195533e-05, 5.831866e-07, 1.251538e-01, 6.266592e-04, 0.000000e+00, 0.000000, 3.552714e-15, 0, 0.113745, 3.419718e-02 
1.398773e-02, 6.123459e-05, 8.747799e-07, 4.752971e-05, 0, 5.831866e-07, 1.166373e-05, 5.831866e-07, 1.251538e-01, 6.266592e-04, 0.000000e+00, 0.000000, 3.552714e-15, 0, 0.128271, 3.762912e-02 
1.404926e-02, 6.152619e-05, 8.747799e-07, 4.752971e-05, 0, 5.831866e-07, 1.166373e-05, 8.747799e-07, 1.251538e-01, 6.266592e-04, 0.000000e+00, 0.000000, 1.776357e-15, 0, 0.128397, 3.915322e-02 
1.411107e-02, 6.181778e-05, 8.747799e-07, 4.811290e-05, 0, 5.831866e-07, 1.166373e-05, 5.831866e-07, 1.251538e-01, 6.266592e-04, 0.000000e+00, 0.000000, 1.776357e-15, 0, 0.130202, 3.805955e-02 
1.417260e-02, 6.152619e-05, 8.747799e-07, 4.782130e-05, 0, 5.831866e-07, 1.166373e-05, 5.831866e-07, 1.251538e-01, 6.266592e-04, 0.000000e+00, 0.000000, 1.776357e-15, 0, 0.113745, 3.419718e-02 
1.424258e-02, 6.998239e-05, 1.166373e-06, 5.452795e-05, 0, 5.831866e-07, 1.312170e-05, 5.831866e-07, 1.251538e-01, 6.266592e-04, 0.000000e+00, 0.000000, 1.776357e-15, 0, 0.128271, 3.762912e-02 
1.430965e-02, 6.706646e-05, 1.166373e-06, 5.190361e-05, 0, 5.831866e-07, 1.253851e-05, 8.747799e-07, 1.251538e-01, 6.266592e-04, 0.000000e+00, 0.000000, 8.881784e-16, 0, 0.128397, 3.915322e-02 
1.437788e-02, 6.823283e-05, 1.166373e-06, 5.306998e-05, 0, 8.747799e-07, 1.253851e-05, 5.831866e-07, 1.251538e-01, 6.266592e-04, 0.000000e+00, 0.000000, 8.881784e-16, 0, 0.130202, 3.805955e-02 
1.444495e-02, 6.706646e-05, 1.166373e-06, 5.219520e-05, 0, 8.747799e-07, 1.224692e-05, 5.831866e-07, 1.251538e-01, 6.266592e-04, 0.000000e+00, 0.000000, 8.881784e-16, 0, 0.113745, 3.419718e-02 
1.451435e-02, 6.939921e-05, 1.166373e-06, 5.423636e-05, 0, 8.747799e-07, 1.253851e-05, 5.831866e-07, 1.251538e-01, 6.266592e-04, 0.000000e+00, 0.000000, 8.881784e-16, 0, 0.128271, 3.762912e-02 
1.458783e-02, 7.348151e-05, 8.747799e-07, 5.861025e-05, 0, 8.747799e-07, 1.253851e-05, 5.831866e-07, 1.251538e-01, 6.266592e-04, 0.000000e+00, 0.000000, 4.440892e-16, 0, 0.128397, 3.915322e-02 
1.465577e-02, 6.794124e-05, 8.747799e-07, 5.277839e-05, 0, 8.747799e-07, 1.283011e-05, 5.831866e-07, 1.251538e-01, 6.266592e-04, 0.000000e+00, 0.000000, 4.440892e-16, 0, 0.130202, 3.805955e-02 
1.472225e-02, 6.648327e-05, 1.166373e-06, 5.190361e-05, 0, 5.831866e-07, 1.253851e-05, 2.915933e-07, 1.251538e-01, 6.266592e-04, 0.000000e+00, 0.000000, 4.440892e-16, 0, 0.113745, 3.419718e-02 
1.484472e-02, 1.224692e-04, 4.082306e-06, 9.010233e-05, 0, 2.041153e-06, 2.536862e-05, 8.747799e-07, 1.251538e-01, 6.266592e-04, 0.000000e+00, 0.000000, 4.440892e-16, 0, 0.128271, 3.762912e-02 
1.493978e-02, 9.505942e-05, 1.749560e-06, 7.406470e-05, 0, 1.166373e-06, 1.662082e-05, 1.457967e-06, 1.251538e-01, 6.266592e-04, 0.000000e+00, 0.000000, 2.220446e-16, 0, 0.128397, 3.915322e-02 
1.501064e-02, 7.085717e-05, 1.166373e-06, 5.452795e-05, 0, 8.747799e-07, 1.370489e-05, 5.831866e-07, 1.251538e-01, 6.266592e-04, 0.000000e+00, 0.000000, 2.220446e-16, 0, 0.130202, 3.805955e-02 
1.508179e-02, 7.114877e-05, 1.457967e-06, 5.452795e-05, 0, 8.747799e-07, 1.370489e-05, 5.831866e-07, 1.251538e-01, 6.266592e-04, 0.000000e+00, 0.000000, 2.220446e-16, 0, 0.113745, 3.419718e-02 
1.515148e-02, 6.969080e-05, 1.166373e-06, 5.394476e-05, 0, 5.831866e-07, 1.341329e-05, 5.831866e-07, 1.251538e-01, 6.266592e-04, 0.000000e+00, 0.000000, 2.220446e-16, 0, 0.128271, 3.762912e-02 
1.524741e-02, 9.593420e-05, 3.207526e-06, 7.173195e-05, 0, 1.457967e-06, 1.837038e-05, 1.166373e-06, 1.251538e-01, 6.266592e-04, 0.000000e+00, 0.000000, 1.110223e-16, 0, 0.128397, 3.915322e-02 
1.531915e-02, 7.173195e-05, 1.166373e-06, 5.511113e-05, 0, 8.747799e-07, 1.399648e-05, 5.831866e-07, 1.251538e-01, 6.266592e-04, 0.000000e+00, 0.000000, 1.110223e-16, 0, 0.130202, 3.805955e-02 
1.539117e-02, 7.202355e-05, 1.166373e-06, 5.686069e-05, 0, 8.747799e-07, 1.253851e-05, 5.831866e-07, 1.251538e-01, 6.266592e-04, 0.000000e+00, 0.000000, 1.110223e-16, 0, 0.113745, 3.419718e-02 
1.545415e-02, 6.298415e-05, 8.747799e-07, 4.898768e-05, 0, 5.831866e-07, 1.195533e-05, 5.831866e-07, 1.251538e-01, 6.266592e-04, 0.000000e+00, 0.000000, 1.110223e-16, 0, 0.128271, 3.762912e-02 
1.553259e-02, 7.843860e-05, 1.166373e-06, 6.298415e-05, 0, 5.831866e-07, 1.312170e-05, 5.831866e-07, 1.251538e-01, 6.266592e-04, 0.000000e+00, 0.000000, 5.551115e-17, 0, 0.128397, 3.915322e-02 
1.560083e-02, 6.823283e-05, 1.166373e-06, 5.277839e-05, 0, 5.831866e-07, 1.341329e-05, 2.915933e-07, 1.251538e-01, 6.266592e-04, 0.000000e+00, 0.000000, 5.551115e-17, 0, 0.130202, 3.805955e-02 
1.566877e-02, 6.794124e-05, 8.747799e-07, 5.277839e-05, 0, 5.831866e-07, 1.312170e-05, 5.831866e-07, 1.251538e-01, 6.266592e-04, 0.000000e+00, 0.000000, 5.551115e-17, 0, 0.113745, 3.419718e-02 
1.573729e-02, 6.852443e-05, 1.166373e-06, 5.306998e-05, 0, 5.831866e-07, 1.312170e-05, 5.831866e-07, 1.251538e-01, 6.266592e-04, 0.000000e+00, 0.000000, 5.551115e-17, 0, 0.128271, 3.762912e-02 
1.580523e-02, 6.794124e-05, 1.166373e-06, 5.219520e-05, 0, 8.747799e-07, 1.283011e-05, 8.747799e-07, 1.251538e-01, 6.266592e-04, 0.000000e+00, 0.000000, 2.775558e-17, 0, 0.128397, 3.915322e-02 
1.587521e-02, 6.998239e-05, 1.166373e-06, 5.569432e-05, 0, 5.831866e-07, 1.195533e-05, 5.831866e-07, 1.251538e-01, 6.266592e-04, 0.000000e+00, 0.000000, 2.775558e-17, 0, 0.130202, 3.805955e-02 
1.593791e-02, 6.269256e-05, 8.747799e-07, 4.869608e-05, 0, 5.831866e-07, 1.195533e-05, 5.831866e-07, 1.251538e-01, 6.266592e-04, 0.000000e+00, 0.000000, 2.775558e-17, 0, 0.113745, 3.419718e-02 
1.600002e-02, 6.210937e-05, 8.747799e-07, 4.840449e-05, 0, 5.831866e-07, 1.166373e-05, 5.831866e-07, 1.251538e-01, 6.266592e-04, 0.000000e+00, 0.000000, 2.775558e-17, 0, 0.128271, 3.762912e-02 
1.606213e-02, 6.210937e-05, 1.166373e-06, 4.782130e-05, 0, 5.831866e-07, 1.166373e-05, 8.747799e-07, 1.251538e-01, 6.266592e-04, 0.000000e+00, 0.000000, 1.387779e-17, 0, 0.128397, 3.915322e-02 
1.612394e-02, 6.181778e-05, 8.747799e-07, 4.811290e-05, 0, 5.831866e-07, 1.166373e-05, 5.831866e-07, 1.251538e-01, 6.266592e-04, 0.000000e+00, 0.000000, 1.387779e-17, 0, 0.130202, 3.805955e-02 
1.618576e-02, 6.181778e-05, 8.747799e-07, 4.811290e-05, 0, 5.831866e-07, 1.166373e-05, 5.831866e-07, 1.251538e-01, 6.266592e-04, 0.000000e+00, 0.000000, 1.387779e-17, 0, 0.113745, 3.419718e-02 
1.624758e-02, 6.181778e-05, 8.747799e-07, 4.840449e-05, 0, 5.831866e-07, 1.137214e-05, 5.831866e-07, 1.251538e-01, 6.266592e-04, 0.000000e+00, 0.000000, 1.387779e-17, 0, 0.128271, 3.762912e-02 
1.630940e-02, 6.181778e-05, 8.747799e-07, 4.811290e-05, 0, 5.831866e-07, 1.137214e-05, 8.747799e-07, 1.251538e-01, 6.266592e-04, 0.000000e+00, 0.000000, 6.938894e-18, 0, 0.128397, 3.915322e-02 
1.637121e-02, 6.181778e-05, 8.747799e-07, 4.840449e-05, 0, 5.831866e-07, 1.137214e-05, 5.831866e-07, 1.251538e-01, 6.266592e-04, 0.000000e+00, 0.000000, 6.938894e-18, 0, 0.130202, 3.805955e-02 
1.643391e-02, 6.269256e-05, 1.166373e-06, 4.869608e-05, 0, 5.831866e-07, 1.166373e-05, 5.831866e-07, 1.251538e-01, 6.266592e-04, 0.000000e+00, 0.000000, 6.938894e-18, 0, 0.113745, 3.419718e-02 
1.649572e-02, 6.181778e-05, 8.747799e-07, 4.840449e-05, 0, 5.831866e-07, 1.137214e-05, 5.831866e-07, 1.251538e-01, 6.266592e-04, 0.000000e+00, 0.000000, 6.938894e-18, 0, 0.128271, 3.762912e-02 
1.655813e-02, 6.240097e-05, 8.747799e-07, 4.840449e-05, 0, 8.747799e-07, 1.166373e-05, 5.831866e-07, 1.251538e-01, 6.266592e-04, 0.000000e+00, 0.000000, 3.469447e-18, 0, 0.128397, 3.915322e-02 
1.662053e-02, 6.240097e-05, 8.747799e-07, 4.869608e-05, 0, 5.831866e-07, 1.166373e-05, 5.831866e-07, 1.251538e-01, 6.266592e-04, 0.000000e+00, 0.000000, 3.469447e-18, 0, 0.130202, 3.805955e-02 
1.668293e-02, 6.240097e-05, 8.747799e-07, 4.869608e-05, 0, 5.831866e-07, 1.166373e-05, 5.831866e-07, 1.251538e-01, 6.266592e-04, 0.000000e+00, 0.000000, 3.469447e-18, 0, 0.113745, 3.419718e-02 
1.674475e-02, 6.181778e-05, 8.747799e-07, 4.811290e-05, 0, 5.831866e-07, 1.166373e-05, 5.831866e-07, 1.251538e-01, 6.266592e-04, 0.000000e+00, 0.000000, 3.469447e-18, 0, 0.128271, 3.762912e-02 
1.680656e-02, 6.181778e-05, 8.747799e-07, 4.782130e-05, 0, 8.747799e-07, 1.166373e-05, 5.831866e-07, 1.251538e-01, 6.266592e-04, 0.000000e+00, 0.000000, 1.734723e-18, 0, 0.128397, 3.915322e-02 
1.686896e-02, 6.240097e-05, 8.747799e-07, 4.869608e-05, 0, 5.831866e-07, 1.166373e-05, 5.831866e-07, 1.251538e-01, 6.266592e-04, 0.000000e+00, 0.000000, 1.734723e-18, 0, 0.130202, 3.805955e-02 
1.693107e-02, 6.210937e-05, 8.747799e-07, 4.840449e-05, 0, 5.831866e-07, 1.166373e-05, 5.831866e-07, 1.251538e-01, 6.266592e-04, 0.000000e+00, 0.000000, 1.734723e-18, 0, 0.113745, 3.419718e-02 
1.699377e-02, 6.269256e-05, 1.166373e-06, 4.869608e-05, 0, 8.747799e-07, 1.137214e-05, 5.831866e-07, 1.251538e-01, 6.266592e-04, 0.000000e+00, 0.000000, 1.734723e-18, 0, 0.128271, 3.762912e-02 
1.705588e-02, 6.210937e-05, 1.166373e-06, 4.811290e-05, 0, 5.831866e-07, 1.166373e-05, 5.831866e-07, 1.251538e-01, 6.266592e-04, 0.000000e+00, 0.000000, 8.673617e-19, 0, 0.128397, 3.915322e-02 
1.711828e-02, 6.240097e-05, 8.747799e-07, 4.898768e-05, 0, 5.831866e-07, 1.166373e-05, 2.915933e-07, 1.251538e-01, 6.266592e-04, 0.000000e+00, 0.000000, 8.673617e-19, 0, 0.130202, 3.805955e-02 
1.717951e-02, 6.123459e-05, 8.747799e-07, 4.782130e-05, 0, 5.831866e-07, 1.137214e-05, 5.831866e-07, 1.251538e-01, 6.266592e-04, 0.000000e+00, 0.000000, 8.673617e-19, 0, 0.113745, 3.419718e-02 
1.724045e-02, 6.094300e-05, 8.747799e-07, 4.782130e-05, 0, 5.831866e-07, 1.108055e-05, 5.831866e-07, 1.251538e-01, 6.266592e-04, 0.000000e+00, 0.000000, 8.673617e-19, 0, 0.128271, 3.762912e-02 
1.730227e-02, 6.181778e-05, 8.747799e-07, 4.782130e-05, 0, 5.831866e-07, 1.195533e-05, 5.831866e-07, 1.251538e-01, 6.266592e-04, 0.000000e+00, 0.000000, 8.673617e-19, 0, 0.128397, 3.915322e-02 
0.250000, 0, 0, 0, 0, 0, 0, 0, 0, 0, 0, 0, 0, 0, 0 ,0