TRM WS=1, MS=2, TRMstep=0: ub=0.800000, lb=0.200000, grow=2.000000,shrink=0.500000, b_w=2,b_m=4, lr=0.400000, lambda=0.000000, n=9, n0=2, n1=2, n2=1, sub_tol=0.001000, sub_maxit=1000, tol=1.000000e-08, m=4, nobias=0 
time, iter_t, subset_m_time, g_time, subset_w_time, p1_time, t2, t3, total error, total gmag, rho, sigma, gamma, step, approx error, approx gmag 
3.381608e-03, 3.381608e-03, 9.039393e-06, 7.668904e-05, 7.289833e-06, 3.270802e-03, 1.632923e-05, 1.457967e-06, 1.423056e-01, 1.297555e-02, 0.000000e+00, 0.000000, 4.000000e-01, 0, 0.142306, 1.297555e-02 
6.321451e-03, 2.939844e-03, 8.747799e-06, 7.639745e-05, 7.581426e-06, 2.832537e-03, 1.312170e-05, 1.457967e-06, 1.346445e-01, 1.041629e-02, 0.000000e+00, 0.000000, 4.000000e-01, 0, 0.134645, 1.041629e-02 
9.244383e-03, 2.922931e-03, 8.164613e-06, 7.523107e-05, 6.123459e-06, 2.819124e-03, 1.312170e-05, 1.166373e-06, 1.283889e-01, 6.477711e-03, 0.000000e+00, 0.000000, 4.000000e-01, 0, 0.128389, 6.477711e-03 
1.371538e-02, 4.471000e-03, 1.020577e-05, 8.368728e-05, 6.415053e-06, 4.355529e-03, 1.399648e-05, 1.166373e-06, 1.250259e-01, 2.859496e-04, 0.000000e+00, 0.000000, 4.000000e-01, 0, 0.125026, 2.859496e-04 
1.716931e-02, 3.453923e-03, 9.039393e-06, 7.435629e-05, 7.289833e-06, 3.346616e-03, 1.487126e-05, 1.749560e-06, 1.250074e-01, 9.984230e-05, 0.000000e+00, 0.000000, 2.000000e-01, 0, 0.125007, 9.984230e-05 
2.022025e-02, 3.050941e-03, 9.622579e-06, 8.018816e-05, 6.998239e-06, 2.939844e-03, 1.312170e-05, 1.166373e-06, 1.249928e-01, 1.483334e-04, 0.000000e+00, 0.000000, 1.000000e-01, 0, 0.124993, 1.483334e-04 
2.331784e-02, 3.097596e-03, 9.039393e-06, 8.047975e-05, 6.706646e-06, 2.987373e-03, 1.283011e-05, 1.166373e-06, 1.248769e-01, 2.313164e-04, 0.000000e+00, 0.000000, 5.000000e-02, 0, 0.124877, 2.313164e-04 
2.612968e-02, 2.811834e-03, 8.456206e-06, 7.464789e-05, 6.415053e-06, 2.708319e-03, 1.283011e-05, 1.166373e-06, 1.248601e-01, 2.661131e-04, 0.000000e+00, 0.000000, 5.000000e-02, 0, 0.124860, 2.661131e-04 
0.750000, 0, 0, 0, 0, 0, 0, 0, 0, 0, 0, 0, 0, 0, 0 ,0