TRM WS=1, MS=2, TRMstep=0: ub=0.800000, lb=0.200000, grow=2.000000,shrink=0.500000, b_w=2,b_m=4, lr=0.400000, lambda=0.000000, n=9, n0=2, n1=2, n2=1, sub_tol=0.001000, sub_maxit=1000, tol=1.000000e-08, m=4, nobias=0 
time, iter_t, subset_m_time, g_time, subset_w_time, p1_time, t2, t3, total error, total gmag, rho, sigma, gamma, step, approx error, approx gmag 
3.304919e-03, 3.304919e-03, 1.020577e-05, 8.368728e-05, 6.998239e-06, 3.184782e-03, 1.778719e-05, 1.457967e-06, 1.364592e-01, 1.054541e-02, 0.000000e+00, 0.000000, 4.000000e-01, 0, 0.136459, 1.054541e-02 
6.997656e-03, 3.692738e-03, 9.039393e-06, 8.281250e-05, 8.164613e-06, 3.576975e-03, 1.457967e-05, 1.166373e-06, 1.308209e-01, 7.827658e-03, 0.000000e+00, 0.000000, 4.000000e-01, 0, 0.130821, 7.827658e-03 
1.000311e-02, 3.005452e-03, 8.747799e-06, 7.668904e-05, 6.706646e-06, 2.892314e-03, 1.953675e-05, 1.457967e-06, 1.300142e-01, 7.524598e-03, 0.000000e+00, 0.000000, 2.000000e-01, 0, 0.130014, 7.524598e-03 
1.289746e-02, 2.894355e-03, 7.873019e-06, 7.464789e-05, 5.831866e-06, 2.791423e-03, 1.370489e-05, 8.747799e-07, 1.251831e-01, 3.598497e-04, 0.000000e+00, 0.000000, 2.000000e-01, 0, 0.125183, 3.598497e-04 
1.571513e-02, 2.817666e-03, 8.164613e-06, 7.377311e-05, 6.123459e-06, 2.715317e-03, 1.312170e-05, 1.166373e-06, 1.249411e-01, 7.240394e-04, 0.000000e+00, 0.000000, 1.000000e-01, 0, 0.124941, 7.240394e-04 
1.854096e-02, 2.825831e-03, 7.873019e-06, 7.406470e-05, 6.123459e-06, 2.723190e-03, 1.341329e-05, 1.166373e-06, 1.248527e-01, 8.613485e-04, 0.000000e+00, 0.000000, 5.000000e-02, 0, 0.124853, 8.613485e-04 
2.151171e-02, 2.970753e-03, 7.873019e-06, 7.406470e-05, 5.831866e-06, 2.868403e-03, 1.341329e-05, 1.166373e-06, 1.248112e-01, 5.860559e-04, 0.000000e+00, 0.000000, 2.500000e-02, 0, 0.124811, 5.860559e-04 
2.436087e-02, 2.849158e-03, 7.873019e-06, 7.348151e-05, 6.123459e-06, 2.747392e-03, 1.312170e-05, 1.166373e-06, 1.247247e-01, 6.471348e-04, 0.000000e+00, 0.000000, 2.500000e-02, 0, 0.124725, 6.471348e-04 
0.500000, 0, 0, 0, 0, 0, 0, 0, 0, 0, 0, 0, 0, 0, 0 ,0