TRM WS=0, MS=0, TRMstep=1: ub=0.800000, lb=0.200000, grow=2.000000,shrink=0.500000, b_w=2,b_m=2, lr=1.000000, lambda=0.000000, n=9, n0=2, n1=2, n2=1, sub_tol=0.001000, sub_maxit=1000, tol=1.000000e-08, m=4, nobias=0 
time, iter_t, subset_m_time, g_time, subset_w_time, p1_time, t2, t3, total error, total gmag, rho, sigma, gamma, step, approx error, approx gmag 
2.972881e-01, 2.972881e-01, 0, 1.119718e-04, 0, 7.960497e-03, 2.890410e-01, 1.746644e-04, 1.251603e-01, 5.745822e-04, 5.732338e-02, -0.000394, 5.000000e-01, 1, 0.125160, 5.745822e-04 
5.932929e-01, 2.960048e-01, 0, 1.422975e-04, 0, 7.981492e-03, 2.877842e-01, 9.680898e-05, 1.251603e-01, 5.745822e-04, 6.153714e-01, -0.000212, 5.000000e-01, 1, 0.125160, 5.745822e-04 
8.891094e-01, 2.958165e-01, 0, 1.073063e-04, 0, 7.749675e-03, 2.878423e-01, 1.172205e-04, 1.250298e-01, 3.311991e-04, 3.231771e-01, -0.000276, 5.000000e-01, 1, 0.125030, 3.311991e-04 
1.150764e+00, 2.616548e-01, 0, 1.073063e-04, 0, 8.066637e-03, 2.533657e-01, 1.151794e-04, 1.249404e-01, 1.533338e-04, 6.993218e-01, -0.000426, 5.000000e-01, 1, 0.124940, 1.533338e-04 
1.216603e+00, 6.583914e-02, 0, 1.067232e-04, 0, 7.823157e-03, 5.781566e-02, 9.360145e-05, 1.246424e-01, 3.633312e-04, 7.637037e-01, -0.000896, 5.000000e-01, 1, 0.124642, 3.633312e-04 
1.266549e+00, 4.994585e-02, 0, 9.680898e-05, 0, 7.661906e-03, 4.201510e-02, 1.720401e-04, 1.239582e-01, 7.297307e-04, 9.469750e-01, -0.001774, 1.000000e+00, 1, 0.123958, 7.297307e-04 
1.320874e+00, 5.432500e-02, 0, 9.272667e-05, 0, 7.426298e-03, 4.664035e-02, 1.656250e-04, 1.222782e-01, 1.301539e-03, 8.902871e-01, -0.006719, 2.000000e+00, 1, 0.122278, 1.301539e-03 
1.551663e+00, 2.307891e-01, 0, 9.476782e-05, 0, 7.438837e-03, 2.231316e-01, 1.239272e-04, 1.162960e-01, 2.284421e-03, 7.414761e-01, -0.022822, 2.000000e+00, 1, 0.116296, 2.284421e-03 
1.609692e+00, 5.802882e-02, 0, 1.248019e-04, 0, 8.310992e-03, 4.948251e-02, 1.105139e-04, 9.937382e-02, 2.835218e-03, 7.443773e-01, -0.019270, 2.000000e+00, 1, 0.099374, 2.835218e-03 
1.662870e+00, 5.317816e-02, 0, 1.035156e-04, 0, 7.582884e-03, 4.527394e-02, 2.178202e-04, 8.502979e-02, 2.725114e-03, 1.013666e+00, -0.020588, 4.000000e+00, 1, 0.085030, 2.725114e-03 
1.806965e+00, 1.440949e-01, 0, 1.151794e-04, 0, 7.537104e-03, 1.363537e-01, 8.893596e-05, 6.416023e-02, 5.608307e-03, 4.090051e-01, -0.058072, 4.000000e+00, 1, 0.064160, 5.608307e-03 
1.863115e+00, 5.614950e-02, 0, 1.026408e-04, 0, 7.979451e-03, 4.801929e-02, 4.811290e-05, 4.040869e-02, 8.126223e-03, 1.282007e-01, -0.113884, 2.000000e+00, 1, 0.040409, 8.126223e-03 
1.913884e+00, 5.076902e-02, 0, 9.739216e-05, 0, 7.403262e-03, 4.324766e-02, 2.070312e-05, 4.040869e-02, 8.126223e-03, 3.495929e-01, -0.060561, 2.000000e+00, 1, 0.040409, 8.126223e-03 
2.017328e+00, 1.034445e-01, 0, 9.330986e-05, 0, 7.826364e-03, 9.543616e-02, 8.864437e-05, 1.923687e-02, 5.655308e-03, 6.672884e-01, -0.008670, 2.000000e+00, 1, 0.019237, 5.655308e-03 
2.120679e+00, 1.033506e-01, 0, 9.126870e-05, 0, 7.625457e-03, 9.549302e-02, 1.408396e-04, 1.345137e-02, 5.734268e-03, 1.072453e+00, -0.005251, 3.284235e+00, 0, 0.013451, 5.734268e-03 
2.173548e+00, 5.286966e-02, 0, 9.855854e-05, 0, 8.962995e-03, 4.378798e-02, 2.011994e-05, 7.819388e-03, 1.808583e-03, 3.730981e-01, -0.013768, 3.284235e+00, 1, 0.007819, 1.808583e-03 
2.282146e+00, 1.085972e-01, 0, 1.046820e-04, 0, 7.749384e-03, 1.006501e-01, 9.301826e-05, 2.682396e-03, 1.232525e-03, 5.186969e+00, -0.000307, 3.823858e+00, 0, 0.002682, 1.232525e-03 
2.388635e+00, 1.064890e-01, 0, 1.000165e-04, 0, 7.578802e-03, 9.879006e-02, 2.011994e-05, 1.090454e-03, 3.176485e-04, 4.027871e-01, -0.001109, 3.823858e+00, 1, 0.001090, 3.176485e-04 
2.467442e+00, 7.880688e-02, 0, 2.980084e-04, 0, 7.438254e-03, 7.104933e-02, 2.128631e-05, 6.438987e-04, 2.122605e-04, 4.098077e-01, -0.000409, 3.823858e+00, 1, 0.000644, 2.122605e-04 
2.573320e+00, 1.058784e-01, 0, 2.134463e-04, 0, 8.714849e-03, 9.692941e-02, 2.070312e-05, 4.761813e-04, 1.772673e-04, 3.393972e-01, -0.000226, 3.823858e+00, 1, 0.000476, 1.772673e-04 
2.702103e+00, 1.287834e-01, 0, 1.035156e-04, 0, 8.662654e-03, 1.199968e-01, 2.041153e-05, 3.993874e-04, 1.911154e-04, 2.594980e-01, -0.000153, 3.823858e+00, 1, 0.000399, 1.911154e-04 
2.740232e+00, 3.812874e-02, 0, 1.087643e-04, 0, 7.651117e-03, 3.034991e-02, 1.895356e-05, 3.597259e-04, 2.299505e-04, 2.116944e-01, -0.000119, 3.823858e+00, 1, 0.000360, 2.299505e-04 
2.826761e+00, 8.652856e-02, 0, 9.126870e-05, 0, 7.659573e-03, 7.869199e-02, 8.572843e-05, 3.344762e-04, 2.692568e-04, 1.967253e-01, -0.000100, 1.911929e+00, 1, 0.000334, 2.692568e-04 
2.907412e+00, 8.065179e-02, 0, 9.097711e-05, 0, 7.401804e-03, 7.313977e-02, 1.924516e-05, 3.344762e-04, 2.692568e-04, 4.248454e-01, -0.000063, 1.911929e+00, 1, 0.000334, 2.692568e-04 
2.929322e+00, 2.190915e-02, 0, 8.922755e-05, 0, 7.521649e-03, 1.426941e-02, 2.886774e-05, 3.078870e-04, 2.258791e-04, 4.935845e-01, -0.000054, 1.911929e+00, 1, 0.000308, 2.258791e-04 
2.971396e+00, 4.207487e-02, 0, 1.469630e-04, 0, 9.014315e-03, 3.289231e-02, 2.128631e-05, 2.811819e-04, 1.998979e-04, 1.083503e+00, -0.000032, 1.911929e+00, 0, 0.000281, 1.998979e-04 
3.106935e+00, 1.355381e-01, 0, 8.864437e-05, 0, 7.588133e-03, 1.278383e-01, 2.303587e-05, 2.464681e-04, 2.219125e-04, 1.266501e+00, -0.000105, 3.823858e+00, 1, 0.000246, 2.219125e-04 
3.163238e+00, 5.630346e-02, 0, 1.003081e-04, 0, 7.499780e-03, 4.869696e-02, 6.415053e-06, 1.140432e-04, 2.046448e-04, -3.878290e-01, 0.000277, 1.911929e+00, 1, 0.000114, 2.046448e-04 
3.218254e+00, 5.501549e-02, 0, 1.003081e-04, 0, 7.922007e-03, 4.696956e-02, 2.361906e-05, 1.140432e-04, 2.046448e-04, 3.432977e+00, -0.000026, 3.823858e+00, 1, 0.000114, 2.046448e-04 
3.236471e+00, 1.821758e-02, 0, 9.768376e-05, 0, 7.476744e-03, 1.061545e-02, 2.770136e-05, 2.344439e-05, 5.037693e-05, 1.310652e+00, -0.000009, 3.823858e+00, 0, 0.000023, 5.037693e-05 
3.268255e+00, 3.178425e-02, 0, 1.166373e-04, 0, 9.465994e-03, 2.217421e-02, 2.740977e-05, 1.122369e-05, 2.099719e-05, 1.228253e+00, -0.000004, 3.823858e+00, 0, 0.000011, 2.099719e-05 
3.324479e+00, 5.622386e-02, 0, 1.183869e-04, 0, 9.212599e-03, 4.687158e-02, 2.128631e-05, 6.375035e-06, 7.685646e-06, 1.813360e+00, -0.000001, 3.823858e+00, 0, 0.000006, 7.685646e-06 
3.359292e+00, 3.481274e-02, 0, 9.389304e-05, 0, 7.442044e-03, 2.725493e-02, 2.186950e-05, 4.715299e-06, 4.530112e-06, 1.450679e+00, -0.000002, 3.823858e+00, 0, 0.000005, 4.530112e-06 
3.380309e+00, 2.101717e-02, 0, 9.126870e-05, 0, 7.272045e-03, 1.363199e-02, 2.186950e-05, 1.272108e-06, 1.640776e-06, 1.226252e+00, -0.000001, 3.823858e+00, 0, 0.000001, 1.640776e-06 
3.456986e+00, 7.667708e-02, 0, 9.389304e-05, 0, 7.795455e-03, 6.876966e-02, 1.807879e-05, 2.916664e-07, 5.421484e-07, 5.537380e-01, -0.000000, 3.823858e+00, 1, 0.000000, 5.421484e-07 
3.524223e+00, 6.723704e-02, 0, 9.068552e-05, 0, 7.414343e-03, 5.970810e-02, 2.391065e-05, 1.911351e-07, 3.999740e-07, 1.750544e+00, -0.000000, 3.823858e+00, 0, 0.000000, 3.999740e-07 
3.538167e+00, 1.394370e-02, 0, 1.067232e-04, 0, 1.013403e-02, 3.679616e-03, 2.332746e-05, 8.816520e-08, 2.023255e-07, 2.709088e+00, -0.000000, 7.647716e+00, 1, 0.000000, 2.023255e-07 
3.557410e+00, 1.924283e-02, 0, 1.014745e-04, 0, 1.425833e-02, 4.846281e-03, 3.674076e-05, 2.392024e-08, 6.845261e-08, 1.245315e+00, -0.000000, 7.647716e+00, 0, 0.000000, 6.845261e-08 
3.575176e+00, 1.776620e-02, 0, 1.323834e-04, 0, 1.649660e-02, 1.110387e-03, 2.682658e-05, 9.453204e-09, 2.504378e-08, 1.266293e+00, -0.000000, 7.647716e+00, 0, 0.000000, 2.504378e-08 
3.588329e+00, 1.315348e-02, 0, 1.143046e-04, 0, 9.508566e-03, 3.503785e-03, 2.682658e-05, 4.479530e-09, 9.276564e-09, 1.261428e+00, -0.000000, 7.647716e+00, 0, 0.000000, 9.276564e-09 
1.000000, 0, 0, 0, 0, 0, 0, 0, 0, 0, 0, 0, 0, 0, 0 ,0