TRM WS=1, MS=2, TRMstep=0: ub=0.800000, lb=0.200000, grow=2.000000,shrink=0.500000, b_w=2,b_m=4, lr=0.400000, lambda=0.000000, n=9, n0=2, n1=2, n2=1, sub_tol=0.001000, sub_maxit=1000, tol=1.000000e-08, m=4, nobias=0 
time, iter_t, subset_m_time, g_time, subset_w_time, p1_time, t2, t3, total error, total gmag, rho, sigma, gamma, step, approx error, approx gmag 
3.190322e-03, 3.190322e-03, 9.330986e-06, 7.785541e-05, 7.289833e-06, 3.077767e-03, 1.662082e-05, 1.457967e-06, 1.379934e-01, 1.089525e-02, 0.000000e+00, 0.000000, 4.000000e-01, 0, 0.137993, 1.089525e-02 
5.986411e-03, 2.796088e-03, 8.456206e-06, 7.523107e-05, 6.998239e-06, 2.691115e-03, 1.283011e-05, 1.457967e-06, 1.368853e-01, 1.023102e-02, 0.000000e+00, 0.000000, 4.000000e-01, 0, 0.136885, 1.023102e-02 
9.454621e-03, 3.468211e-03, 8.164613e-06, 7.464789e-05, 5.831866e-06, 3.357989e-03, 2.011994e-05, 1.457967e-06, 1.312701e-01, 7.764687e-03, 0.000000e+00, 0.000000, 4.000000e-01, 0, 0.131270, 7.764687e-03 
1.282252e-02, 3.367903e-03, 1.020577e-05, 8.222931e-05, 7.289833e-06, 3.246891e-03, 1.924516e-05, 2.041153e-06, 1.253117e-01, 9.922232e-04, 0.000000e+00, 0.000000, 4.000000e-01, 0, 0.125312, 9.922232e-04 
1.604434e-02, 3.221814e-03, 9.330986e-06, 9.243508e-05, 1.137214e-05, 3.090889e-03, 1.603763e-05, 1.749560e-06, 1.250046e-01, 3.534961e-04, 0.000000e+00, 0.000000, 2.000000e-01, 0, 0.125005, 3.534961e-04 
1.945394e-02, 3.409601e-03, 9.914172e-06, 8.397887e-05, 6.415053e-06, 3.291505e-03, 1.632923e-05, 1.457967e-06, 1.249882e-01, 1.179569e-04, 0.000000e+00, 0.000000, 1.000000e-01, 0, 0.124988, 1.179569e-04 
2.308894e-02, 3.635002e-03, 9.914172e-06, 1.064316e-04, 6.998239e-06, 3.492705e-03, 1.749560e-05, 1.457967e-06, 1.249243e-01, 1.491071e-04, 0.000000e+00, 0.000000, 5.000000e-02, 0, 0.124924, 1.491071e-04 
2.685108e-02, 3.762137e-03, 1.078895e-05, 9.826694e-05, 6.706646e-06, 3.628587e-03, 1.632923e-05, 1.457967e-06, 1.249179e-01, 1.067513e-04, 0.000000e+00, 0.000000, 5.000000e-02, 0, 0.124918, 1.067513e-04 
0.500000, 0, 0, 0, 0, 0, 0, 0, 0, 0, 0, 0, 0, 0, 0 ,0