TRM WS=1, MS=2, TRMstep=0: ub=0.800000, lb=0.200000, grow=2.000000,shrink=0.500000, b_w=2,b_m=4, lr=0.400000, lambda=0.000000, n=9, n0=2, n1=2, n2=1, sub_tol=0.001000, sub_maxit=1000, tol=1.000000e-08, m=4, nobias=0 
time, iter_t, subset_m_time, g_time, subset_w_time, p1_time, t2, t3, total error, total gmag, rho, sigma, gamma, step, approx error, approx gmag 
3.330579e-03, 3.330579e-03, 9.330986e-06, 7.814701e-05, 6.998239e-06, 3.213067e-03, 2.157790e-05, 1.457967e-06, 1.404554e-01, 1.188567e-02, 0.000000e+00, 0.000000, 4.000000e-01, 0, 0.140455, 1.188567e-02 
6.316786e-03, 2.986207e-03, 1.166373e-05, 9.389304e-05, 8.456206e-06, 2.856156e-03, 1.457967e-05, 1.457967e-06, 1.284499e-01, 6.210818e-03, 0.000000e+00, 0.000000, 4.000000e-01, 0, 0.128450, 6.210818e-03 
9.172942e-03, 2.856156e-03, 9.039393e-06, 8.135453e-05, 6.706646e-06, 2.745351e-03, 1.283011e-05, 8.747799e-07, 1.270643e-01, 4.730640e-03, 0.000000e+00, 0.000000, 4.000000e-01, 0, 0.127064, 4.730640e-03 
1.197486e-02, 2.801920e-03, 7.873019e-06, 7.406470e-05, 6.123459e-06, 2.700154e-03, 1.283011e-05, 8.747799e-07, 1.252084e-01, 9.682533e-04, 0.000000e+00, 0.000000, 4.000000e-01, 0, 0.125208, 9.682533e-04 
1.478640e-02, 2.811543e-03, 7.581426e-06, 7.493948e-05, 6.415053e-06, 2.708610e-03, 1.283011e-05, 1.166373e-06, 1.250609e-01, 1.357510e-04, 0.000000e+00, 0.000000, 2.000000e-01, 0, 0.125061, 1.357510e-04 
1.759387e-02, 2.807460e-03, 8.164613e-06, 7.464789e-05, 6.123459e-06, 2.704528e-03, 1.283011e-05, 1.166373e-06, 1.250129e-01, 3.243941e-04, 0.000000e+00, 0.000000, 1.000000e-01, 0, 0.125013, 3.243941e-04 
2.061244e-02, 3.018574e-03, 8.456206e-06, 7.610585e-05, 6.123459e-06, 2.912434e-03, 1.399648e-05, 1.457967e-06, 1.249895e-01, 2.139890e-04, 0.000000e+00, 0.000000, 5.000000e-02, 0, 0.124989, 2.139890e-04 
2.353508e-02, 2.922640e-03, 8.747799e-06, 7.464789e-05, 6.123459e-06, 2.817958e-03, 1.370489e-05, 1.457967e-06, 1.249866e-01, 2.053615e-04, 0.000000e+00, 0.000000, 5.000000e-02, 0, 0.124987, 2.053615e-04 
0.500000, 0, 0, 0, 0, 0, 0, 0, 0, 0, 0, 0, 0, 0, 0 ,0