TRM WS=1, MS=2, TRMstep=0: ub=0.800000, lb=0.200000, grow=2.000000,shrink=0.500000, b_w=2,b_m=4, lr=0.400000, lambda=0.000000, n=9, n0=2, n1=2, n2=1, sub_tol=0.001000, sub_maxit=1000, tol=1.000000e-08, m=4, nobias=0 
time, iter_t, subset_m_time, g_time, subset_w_time, p1_time, t2, t3, total error, total gmag, rho, sigma, gamma, step, approx error, approx gmag 
3.200237e-03, 3.200237e-03, 9.039393e-06, 7.668904e-05, 7.289833e-06, 3.089431e-03, 1.632923e-05, 1.457967e-06, 1.404554e-01, 1.188567e-02, 0.000000e+00, 0.000000, 4.000000e-01, 0, 0.140455, 1.188567e-02 
6.529066e-03, 3.328829e-03, 8.747799e-06, 9.535101e-05, 7.873019e-06, 3.199945e-03, 1.545445e-05, 1.457967e-06, 1.284401e-01, 6.209096e-03, 0.000000e+00, 0.000000, 4.000000e-01, 0, 0.128440, 6.209096e-03 
9.445582e-03, 2.916516e-03, 1.108055e-05, 8.164613e-05, 7.289833e-06, 2.802503e-03, 1.283011e-05, 1.166373e-06, 1.276881e-01, 5.461167e-03, 0.000000e+00, 0.000000, 2.000000e-01, 0, 0.127688, 5.461167e-03 
1.224634e-02, 2.800754e-03, 7.873019e-06, 7.289833e-05, 5.831866e-06, 2.700446e-03, 1.283011e-05, 8.747799e-07, 1.254295e-01, 2.162306e-03, 0.000000e+00, 0.000000, 2.000000e-01, 0, 0.125430, 2.162306e-03 
1.518501e-02, 2.938677e-03, 7.873019e-06, 7.464789e-05, 5.831866e-06, 2.836328e-03, 1.283011e-05, 1.166373e-06, 1.250512e-01, 3.188295e-04, 0.000000e+00, 0.000000, 1.000000e-01, 0, 0.125051, 3.188295e-04 
1.797323e-02, 2.788215e-03, 8.164613e-06, 7.348151e-05, 6.123459e-06, 2.686741e-03, 1.283011e-05, 8.747799e-07, 1.250433e-01, 3.433312e-04, 0.000000e+00, 0.000000, 5.000000e-02, 0, 0.125043, 3.433312e-04 
2.096585e-02, 2.992622e-03, 8.164613e-06, 7.406470e-05, 6.123459e-06, 2.890273e-03, 1.283011e-05, 1.166373e-06, 1.250355e-01, 1.882792e-04, 0.000000e+00, 0.000000, 2.500000e-02, 0, 0.125036, 1.882792e-04 
2.379868e-02, 2.832829e-03, 8.456206e-06, 7.377311e-05, 5.831866e-06, 2.730771e-03, 1.283011e-05, 1.166373e-06, 1.250246e-01, 2.173429e-04, 0.000000e+00, 0.000000, 2.500000e-02, 0, 0.125025, 2.173429e-04 
0.500000, 0, 0, 0, 0, 0, 0, 0, 0, 0, 0, 0, 0, 0, 0 ,0