TRM WS=1, MS=2, TRMstep=0: ub=0.800000, lb=0.200000, grow=2.000000,shrink=0.500000, b_w=2,b_m=4, lr=0.400000, lambda=0.000000, n=9, n0=2, n1=2, n2=1, sub_tol=0.001000, sub_maxit=1000, tol=1.000000e-08, m=4, nobias=0 
time, iter_t, subset_m_time, g_time, subset_w_time, p1_time, t2, t3, total error, total gmag, rho, sigma, gamma, step, approx error, approx gmag 
3.074560e-03, 3.074560e-03, 8.747799e-06, 7.668904e-05, 6.998239e-06, 2.964046e-03, 1.691241e-05, 1.166373e-06, 1.290957e-01, 6.878509e-03, 0.000000e+00, 0.000000, 4.000000e-01, 0, 0.129096, 6.878509e-03 
5.884353e-03, 2.809793e-03, 8.747799e-06, 7.523107e-05, 7.289833e-06, 2.703362e-03, 1.312170e-05, 2.041153e-06, 1.288412e-01, 6.930907e-03, 0.000000e+00, 0.000000, 2.000000e-01, 0, 0.128841, 6.930907e-03 
9.095670e-03, 3.211317e-03, 8.164613e-06, 7.581426e-05, 6.123459e-06, 3.106635e-03, 1.341329e-05, 1.166373e-06, 1.279915e-01, 5.979731e-03, 0.000000e+00, 0.000000, 1.000000e-01, 0, 0.127992, 5.979731e-03 
1.190663e-02, 2.810959e-03, 8.456206e-06, 7.668904e-05, 6.706646e-06, 2.705403e-03, 1.283011e-05, 8.747799e-07, 1.254402e-01, 2.136605e-03, 0.000000e+00, 0.000000, 1.000000e-01, 0, 0.125440, 2.136605e-03 
1.469572e-02, 2.789090e-03, 7.873019e-06, 7.464789e-05, 6.123459e-06, 2.686449e-03, 1.283011e-05, 1.166373e-06, 1.251571e-01, 9.903538e-04, 0.000000e+00, 0.000000, 5.000000e-02, 0, 0.125157, 9.903538e-04 
1.763673e-02, 2.941010e-03, 7.581426e-06, 7.406470e-05, 6.123459e-06, 2.838952e-03, 1.312170e-05, 1.166373e-06, 1.251225e-01, 7.833889e-04, 0.000000e+00, 0.000000, 2.500000e-02, 0, 0.125123, 7.833889e-04 
2.043019e-02, 2.793464e-03, 8.164613e-06, 7.464789e-05, 6.123459e-06, 2.690240e-03, 1.312170e-05, 1.166373e-06, 1.251053e-01, 5.851879e-04, 0.000000e+00, 0.000000, 1.250000e-02, 0, 0.125105, 5.851879e-04 
2.381297e-02, 3.382774e-03, 7.873019e-06, 7.406470e-05, 6.123459e-06, 3.280425e-03, 1.312170e-05, 1.166373e-06, 1.250798e-01, 1.382873e-04, 0.000000e+00, 0.000000, 1.250000e-02, 0, 0.125080, 1.382873e-04 
0.500000, 0, 0, 0, 0, 0, 0, 0, 0, 0, 0, 0, 0, 0, 0 ,0