TRM WS=1, MS=2, TRMstep=0: ub=0.800000, lb=0.200000, grow=2.000000,shrink=0.500000, b_w=2,b_m=4, lr=0.400000, lambda=0.000000, n=9, n0=2, n1=2, n2=1, sub_tol=0.001000, sub_maxit=1000, tol=1.000000e-08, m=4, nobias=0 
time, iter_t, subset_m_time, g_time, subset_w_time, p1_time, t2, t3, total error, total gmag, rho, sigma, gamma, step, approx error, approx gmag 
3.341368e-03, 3.341368e-03, 9.914172e-06, 8.427047e-05, 7.873019e-06, 3.221231e-03, 1.691241e-05, 1.166373e-06, 1.308984e-01, 8.243561e-03, 0.000000e+00, 0.000000, 4.000000e-01, 0, 0.130898, 8.243561e-03 
6.159325e-03, 2.817958e-03, 8.747799e-06, 7.552267e-05, 6.998239e-06, 2.711818e-03, 1.341329e-05, 1.457967e-06, 1.293699e-01, 7.042569e-03, 0.000000e+00, 0.000000, 4.000000e-01, 0, 0.129370, 7.042569e-03 
8.965911e-03, 2.806586e-03, 8.164613e-06, 7.610585e-05, 6.415053e-06, 2.702195e-03, 1.283011e-05, 8.747799e-07, 1.283437e-01, 6.295248e-03, 0.000000e+00, 0.000000, 4.000000e-01, 0, 0.128344, 6.295248e-03 
1.180632e-02, 2.840410e-03, 7.873019e-06, 7.552267e-05, 6.123459e-06, 2.736312e-03, 1.370489e-05, 8.747799e-07, 1.250342e-01, 5.390631e-04, 0.000000e+00, 0.000000, 4.000000e-01, 0, 0.125034, 5.390631e-04 
1.480886e-02, 3.002536e-03, 1.253851e-05, 8.689481e-05, 7.289833e-06, 2.880650e-03, 1.341329e-05, 1.749560e-06, 1.249932e-01, 2.940978e-04, 0.000000e+00, 0.000000, 2.000000e-01, 0, 0.124993, 2.940978e-04 
1.758862e-02, 2.779759e-03, 7.873019e-06, 7.377311e-05, 5.831866e-06, 2.677993e-03, 1.312170e-05, 1.166373e-06, 1.249596e-01, 2.041077e-04, 0.000000e+00, 0.000000, 1.000000e-01, 0, 0.124960, 2.041077e-04 
2.036050e-02, 2.771886e-03, 7.873019e-06, 7.377311e-05, 6.415053e-06, 2.670120e-03, 1.283011e-05, 8.747799e-07, 1.249637e-01, 1.467095e-04, 0.000000e+00, 0.000000, 5.000000e-02, 0, 0.124964, 1.467095e-04 
2.324436e-02, 2.883858e-03, 7.873019e-06, 8.660321e-05, 6.706646e-06, 2.768678e-03, 1.312170e-05, 8.747799e-07, 1.249424e-01, 1.603900e-04, 0.000000e+00, 0.000000, 5.000000e-02, 0, 0.124942, 1.603900e-04 
0.500000, 0, 0, 0, 0, 0, 0, 0, 0, 0, 0, 0, 0, 0, 0 ,0