TRM WS=1, MS=2, TRMstep=0: ub=0.800000, lb=0.200000, grow=2.000000,shrink=0.500000, b_w=2,b_m=4, lr=0.400000, lambda=0.000000, n=9, n0=2, n1=2, n2=1, sub_tol=0.001000, sub_maxit=1000, tol=1.000000e-08, m=4, nobias=0 
time, iter_t, subset_m_time, g_time, subset_w_time, p1_time, t2, t3, total error, total gmag, rho, sigma, gamma, step, approx error, approx gmag 
3.690696e-03, 3.690696e-03, 1.224692e-05, 9.330986e-05, 8.164613e-06, 3.556564e-03, 1.895356e-05, 1.457967e-06, 1.296920e-01, 7.166665e-03, 0.000000e+00, 0.000000, 4.000000e-01, 0, 0.129692, 7.166665e-03 
6.927091e-03, 3.236394e-03, 1.020577e-05, 8.514525e-05, 8.164613e-06, 3.116549e-03, 1.457967e-05, 1.749560e-06, 1.290163e-01, 6.468882e-03, 0.000000e+00, 0.000000, 2.000000e-01, 0, 0.129016, 6.468882e-03 
1.015707e-02, 3.229979e-03, 9.622579e-06, 8.718640e-05, 6.123459e-06, 3.111301e-03, 1.428807e-05, 1.457967e-06, 1.280765e-01, 5.800415e-03, 0.000000e+00, 0.000000, 1.000000e-01, 0, 0.128076, 5.800415e-03 
1.304034e-02, 2.883275e-03, 8.456206e-06, 7.493948e-05, 6.706646e-06, 2.779176e-03, 1.312170e-05, 8.747799e-07, 1.254601e-01, 2.068936e-03, 0.000000e+00, 0.000000, 1.000000e-01, 0, 0.125460, 2.068936e-03 
1.629802e-02, 3.257680e-03, 8.164613e-06, 7.552267e-05, 8.456206e-06, 3.149499e-03, 1.487126e-05, 1.166373e-06, 1.252457e-01, 1.407850e-03, 0.000000e+00, 0.000000, 5.000000e-02, 0, 0.125246, 1.407850e-03 
1.951692e-02, 3.218899e-03, 9.330986e-06, 8.222931e-05, 6.998239e-06, 3.103136e-03, 1.603763e-05, 1.166373e-06, 1.251159e-01, 3.677083e-04, 0.000000e+00, 0.000000, 2.500000e-02, 0, 0.125116, 3.677083e-04 
2.300613e-02, 3.489206e-03, 1.020577e-05, 9.680898e-05, 7.873019e-06, 3.357114e-03, 1.545445e-05, 1.749560e-06, 1.251030e-01, 2.475494e-04, 0.000000e+00, 0.000000, 1.250000e-02, 0, 0.125103, 2.475494e-04 
2.680122e-02, 3.795087e-03, 9.914172e-06, 7.756382e-05, 7.289833e-06, 3.677575e-03, 2.099472e-05, 1.749560e-06, 1.250901e-01, 2.386378e-04, 0.000000e+00, 0.000000, 1.250000e-02, 0, 0.125090, 2.386378e-04 
0.500000, 0, 0, 0, 0, 0, 0, 0, 0, 0, 0, 0, 0, 0, 0 ,0