TRM WS=1, MS=2, TRMstep=0: ub=0.800000, lb=0.200000, grow=2.000000,shrink=0.500000, b_w=2,b_m=4, lr=0.400000, lambda=0.000000, n=9, n0=2, n1=2, n2=1, sub_tol=0.001000, sub_maxit=1000, tol=1.000000e-08, m=4, nobias=0 
time, iter_t, subset_m_time, g_time, subset_w_time, p1_time, t2, t3, total error, total gmag, rho, sigma, gamma, step, approx error, approx gmag 
2.975418e-03, 2.975418e-03, 8.164613e-06, 7.756382e-05, 6.706646e-06, 2.866362e-03, 1.545445e-05, 1.166373e-06, 1.320934e-01, 8.663692e-03, 0.000000e+00, 0.000000, 4.000000e-01, 0, 0.132093, 8.663692e-03 
5.793376e-03, 2.817958e-03, 8.164613e-06, 7.698063e-05, 6.706646e-06, 2.711818e-03, 1.312170e-05, 1.166373e-06, 1.306778e-01, 7.630690e-03, 0.000000e+00, 0.000000, 4.000000e-01, 0, 0.130678, 7.630690e-03 
8.942875e-03, 3.149499e-03, 7.873019e-06, 7.493948e-05, 6.415053e-06, 3.046275e-03, 1.312170e-05, 8.747799e-07, 1.288079e-01, 6.151855e-03, 0.000000e+00, 0.000000, 4.000000e-01, 0, 0.128808, 6.151855e-03 
1.173051e-02, 2.787632e-03, 8.164613e-06, 7.406470e-05, 6.123459e-06, 2.685574e-03, 1.283011e-05, 8.747799e-07, 1.265972e-01, 3.995078e-03, 0.000000e+00, 0.000000, 4.000000e-01, 0, 0.126597, 3.995078e-03 
1.452310e-02, 2.792589e-03, 7.873019e-06, 7.435629e-05, 6.123459e-06, 2.689657e-03, 1.312170e-05, 1.457967e-06, 1.256090e-01, 2.541627e-03, 0.000000e+00, 0.000000, 2.000000e-01, 0, 0.125609, 2.541627e-03 
1.731015e-02, 2.787049e-03, 7.873019e-06, 7.523107e-05, 6.123459e-06, 2.683825e-03, 1.312170e-05, 8.747799e-07, 1.249532e-01, 1.713359e-03, 0.000000e+00, 0.000000, 1.000000e-01, 0, 0.124953, 1.713359e-03 
2.008466e-02, 2.774510e-03, 9.914172e-06, 7.435629e-05, 6.415053e-06, 2.669828e-03, 1.312170e-05, 8.747799e-07, 1.245853e-01, 1.189058e-03, 0.000000e+00, 0.000000, 5.000000e-02, 0, 0.124585, 1.189058e-03 
2.294169e-02, 2.857031e-03, 8.164613e-06, 7.435629e-05, 6.123459e-06, 2.754390e-03, 1.312170e-05, 8.747799e-07, 1.244661e-01, 4.531308e-04, 0.000000e+00, 0.000000, 5.000000e-02, 0, 0.124466, 4.531308e-04 
0.500000, 0, 0, 0, 0, 0, 0, 0, 0, 0, 0, 0, 0, 0, 0 ,0