TRM WS=1, MS=2, TRMstep=0: ub=0.800000, lb=0.200000, grow=2.000000,shrink=0.500000, b_w=2,b_m=4, lr=0.400000, lambda=0.000000, n=9, n0=2, n1=2, n2=1, sub_tol=0.001000, sub_maxit=1000, tol=1.000000e-08, m=4, nobias=0 
time, iter_t, subset_m_time, g_time, subset_w_time, p1_time, t2, t3, total error, total gmag, rho, sigma, gamma, step, approx error, approx gmag 
3.538485e-03, 3.538485e-03, 9.039393e-06, 8.252091e-05, 7.581426e-06, 3.420389e-03, 1.720401e-05, 1.749560e-06, 1.433315e-01, 1.324567e-02, 0.000000e+00, 0.000000, 4.000000e-01, 0, 0.143331, 1.324567e-02 
6.380353e-03, 2.841868e-03, 8.747799e-06, 7.552267e-05, 6.998239e-06, 2.736312e-03, 1.312170e-05, 1.166373e-06, 1.299756e-01, 7.740635e-03, 0.000000e+00, 0.000000, 4.000000e-01, 0, 0.129976, 7.740635e-03 
9.188397e-03, 2.808044e-03, 7.873019e-06, 7.406470e-05, 6.123459e-06, 2.706277e-03, 1.253851e-05, 1.166373e-06, 1.292238e-01, 7.010266e-03, 0.000000e+00, 0.000000, 2.000000e-01, 0, 0.129224, 7.010266e-03 
1.216119e-02, 2.972794e-03, 7.581426e-06, 7.377311e-05, 5.831866e-06, 2.869861e-03, 1.457967e-05, 1.166373e-06, 1.259645e-01, 3.442612e-03, 0.000000e+00, 0.000000, 2.000000e-01, 0, 0.125965, 3.442612e-03 
1.501706e-02, 2.855865e-03, 8.747799e-06, 8.018816e-05, 6.706646e-06, 2.746517e-03, 1.283011e-05, 8.747799e-07, 1.257066e-01, 2.862089e-03, 0.000000e+00, 0.000000, 1.000000e-01, 0, 0.125707, 2.862089e-03 
1.780644e-02, 2.789382e-03, 7.873019e-06, 7.406470e-05, 6.123459e-06, 2.687907e-03, 1.253851e-05, 8.747799e-07, 1.250034e-01, 4.747085e-05, 0.000000e+00, 0.000000, 5.000000e-02, 0, 0.125003, 4.747085e-05 
2.061390e-02, 2.807460e-03, 7.873019e-06, 7.493948e-05, 6.123459e-06, 2.704820e-03, 1.283011e-05, 8.747799e-07, 1.249961e-01, 2.795647e-05, 0.000000e+00, 0.000000, 2.500000e-02, 0, 0.124996, 2.795647e-05 
2.343506e-02, 2.821165e-03, 7.873019e-06, 7.464789e-05, 5.831866e-06, 2.719399e-03, 1.253851e-05, 8.747799e-07, 1.249933e-01, 8.732496e-05, 0.000000e+00, 0.000000, 2.500000e-02, 0, 0.124993, 8.732496e-05 
0.750000, 0, 0, 0, 0, 0, 0, 0, 0, 0, 0, 0, 0, 0, 0 ,0