TRM WS=1, MS=2, TRMstep=0: ub=0.800000, lb=0.200000, grow=2.000000,shrink=0.500000, b_w=2,b_m=4, lr=0.400000, lambda=0.000000, n=9, n0=2, n1=2, n2=1, sub_tol=0.001000, sub_maxit=1000, tol=1.000000e-08, m=4, nobias=0 
time, iter_t, subset_m_time, g_time, subset_w_time, p1_time, t2, t3, total error, total gmag, rho, sigma, gamma, step, approx error, approx gmag 
3.239310e-03, 3.239310e-03, 1.020577e-05, 8.252091e-05, 7.289833e-06, 3.121506e-03, 1.632923e-05, 1.457967e-06, 1.379934e-01, 1.089525e-02, 0.000000e+00, 0.000000, 4.000000e-01, 0, 0.137993, 1.089525e-02 
6.191984e-03, 2.952674e-03, 8.164613e-06, 7.639745e-05, 6.998239e-06, 2.846242e-03, 1.341329e-05, 1.457967e-06, 1.372518e-01, 1.102072e-02, 0.000000e+00, 0.000000, 2.000000e-01, 0, 0.137252, 1.102072e-02 
9.007317e-03, 2.815333e-03, 8.456206e-06, 7.552267e-05, 6.123459e-06, 2.711235e-03, 1.312170e-05, 8.747799e-07, 1.289046e-01, 6.627136e-03, 0.000000e+00, 0.000000, 2.000000e-01, 0, 0.128905, 6.627136e-03 
1.180078e-02, 2.793464e-03, 7.873019e-06, 7.464789e-05, 6.123459e-06, 2.691115e-03, 1.283011e-05, 8.747799e-07, 1.263995e-01, 4.005675e-03, 0.000000e+00, 0.000000, 2.000000e-01, 0, 0.126400, 4.005675e-03 
1.459075e-02, 2.789965e-03, 8.164613e-06, 7.406470e-05, 6.415053e-06, 2.687324e-03, 1.312170e-05, 8.747799e-07, 1.254012e-01, 2.127542e-03, 0.000000e+00, 0.000000, 1.000000e-01, 0, 0.125401, 2.127542e-03 
1.746469e-02, 2.873944e-03, 7.873019e-06, 7.523107e-05, 6.415053e-06, 2.770720e-03, 1.283011e-05, 8.747799e-07, 1.250336e-01, 8.757552e-05, 0.000000e+00, 0.000000, 5.000000e-02, 0, 0.125034, 8.757552e-05 
2.046344e-02, 2.998746e-03, 7.873019e-06, 7.493948e-05, 6.415053e-06, 2.895813e-03, 1.283011e-05, 8.747799e-07, 1.250156e-01, 8.722847e-05, 0.000000e+00, 0.000000, 2.500000e-02, 0, 0.125016, 8.722847e-05 
2.359515e-02, 3.131712e-03, 1.428807e-05, 1.492958e-04, 1.195533e-05, 2.941302e-03, 1.399648e-05, 8.747799e-07, 1.250105e-01, 6.145541e-05, 0.000000e+00, 0.000000, 2.500000e-02, 0, 0.125011, 6.145541e-05 
0.500000, 0, 0, 0, 0, 0, 0, 0, 0, 0, 0, 0, 0, 0, 0 ,0