TRM WS=1, MS=2, TRMstep=0: ub=0.800000, lb=0.200000, grow=2.000000,shrink=0.500000, b_w=2,b_m=4, lr=0.400000, lambda=0.000000, n=9, n0=2, n1=2, n2=1, sub_tol=0.001000, sub_maxit=1000, tol=1.000000e-08, m=4, nobias=0 
time, iter_t, subset_m_time, g_time, subset_w_time, p1_time, t2, t3, total error, total gmag, rho, sigma, gamma, step, approx error, approx gmag 
3.134336e-03, 3.134336e-03, 9.039393e-06, 7.668904e-05, 7.581426e-06, 3.023531e-03, 1.603763e-05, 1.457967e-06, 1.350517e-01, 1.034463e-02, 0.000000e+00, 0.000000, 4.000000e-01, 0, 0.135052, 1.034463e-02 
5.937715e-03, 2.803378e-03, 8.747799e-06, 7.464789e-05, 6.998239e-06, 2.698696e-03, 1.312170e-05, 1.166373e-06, 1.297393e-01, 7.297959e-03, 0.000000e+00, 0.000000, 4.000000e-01, 0, 0.129739, 7.297959e-03 
8.790372e-03, 2.852657e-03, 8.164613e-06, 7.406470e-05, 5.831866e-06, 2.750600e-03, 1.283011e-05, 1.166373e-06, 1.289422e-01, 6.499715e-03, 0.000000e+00, 0.000000, 2.000000e-01, 0, 0.128942, 6.499715e-03 
1.303568e-02, 4.245307e-03, 7.873019e-06, 7.493948e-05, 6.415053e-06, 4.135668e-03, 1.924516e-05, 1.166373e-06, 1.250514e-01, 6.095227e-04, 0.000000e+00, 0.000000, 2.000000e-01, 0, 0.125051, 6.095227e-04 
1.643595e-02, 3.400270e-03, 1.166373e-05, 1.166373e-04, 9.330986e-06, 3.246600e-03, 1.457967e-05, 1.457967e-06, 1.250230e-01, 4.523540e-04, 0.000000e+00, 0.000000, 1.000000e-01, 0, 0.125023, 4.523540e-04 
2.085563e-02, 4.419680e-03, 9.622579e-06, 8.572843e-05, 6.706646e-06, 4.297794e-03, 1.837038e-05, 1.457967e-06, 1.249895e-01, 1.093727e-04, 0.000000e+00, 0.000000, 5.000000e-02, 0, 0.124990, 1.093727e-04 
2.477348e-02, 3.917848e-03, 1.195533e-05, 1.116802e-04, 9.039393e-06, 3.770885e-03, 1.312170e-05, 1.166373e-06, 1.249821e-01, 1.021058e-04, 0.000000e+00, 0.000000, 2.500000e-02, 0, 0.124982, 1.021058e-04 
2.762322e-02, 2.849741e-03, 8.456206e-06, 7.435629e-05, 6.123459e-06, 2.746517e-03, 1.312170e-05, 1.166373e-06, 1.249768e-01, 1.183536e-04, 0.000000e+00, 0.000000, 2.500000e-02, 0, 0.124977, 1.183536e-04 
0.500000, 0, 0, 0, 0, 0, 0, 0, 0, 0, 0, 0, 0, 0, 0 ,0