TRM WS=1, MS=2, TRMstep=0: ub=0.800000, lb=0.200000, grow=2.000000,shrink=0.500000, b_w=2,b_m=4, lr=0.400000, lambda=0.000000, n=9, n0=2, n1=2, n2=1, sub_tol=0.001000, sub_maxit=1000, tol=1.000000e-08, m=4, nobias=0 
time, iter_t, subset_m_time, g_time, subset_w_time, p1_time, t2, t3, total error, total gmag, rho, sigma, gamma, step, approx error, approx gmag 
3.499120e-03, 3.499120e-03, 9.330986e-06, 7.814701e-05, 6.998239e-06, 3.385690e-03, 1.720401e-05, 1.749560e-06, 1.339113e-01, 9.544812e-03, 0.000000e+00, 0.000000, 4.000000e-01, 0, 0.133911, 9.544812e-03 
6.554434e-03, 3.055315e-03, 8.747799e-06, 7.581426e-05, 6.998239e-06, 2.948883e-03, 1.370489e-05, 1.166373e-06, 1.279343e-01, 5.723625e-03, 0.000000e+00, 0.000000, 4.000000e-01, 0, 0.127934, 5.723625e-03 
9.361603e-03, 2.807169e-03, 8.164613e-06, 7.493948e-05, 6.123459e-06, 2.703945e-03, 1.283011e-05, 1.166373e-06, 1.273375e-01, 4.961048e-03, 0.000000e+00, 0.000000, 2.000000e-01, 0, 0.127338, 4.961048e-03 
1.214224e-02, 2.780634e-03, 7.873019e-06, 7.523107e-05, 6.123459e-06, 2.677701e-03, 1.283011e-05, 8.747799e-07, 1.255312e-01, 2.467927e-03, 0.000000e+00, 0.000000, 2.000000e-01, 0, 0.125531, 2.467927e-03 
1.497798e-02, 2.835745e-03, 7.873019e-06, 7.406470e-05, 6.123459e-06, 2.734270e-03, 1.253851e-05, 8.747799e-07, 1.253058e-01, 1.858313e-03, 0.000000e+00, 0.000000, 1.000000e-01, 0, 0.125306, 1.858313e-03 
1.826366e-02, 3.285673e-03, 2.216109e-05, 3.408726e-04, 6.998239e-06, 2.900479e-03, 1.399648e-05, 1.166373e-06, 1.249805e-01, 9.403598e-05, 0.000000e+00, 0.000000, 5.000000e-02, 0, 0.124981, 9.403598e-05 
2.109503e-02, 2.831371e-03, 9.039393e-06, 8.135453e-05, 6.706646e-06, 2.720566e-03, 1.283011e-05, 8.747799e-07, 1.249523e-01, 1.645204e-04, 0.000000e+00, 0.000000, 2.500000e-02, 0, 0.124952, 1.645204e-04 
2.389257e-02, 2.797546e-03, 7.873019e-06, 7.464789e-05, 6.123459e-06, 2.694905e-03, 1.312170e-05, 8.747799e-07, 1.249479e-01, 1.212583e-04, 0.000000e+00, 0.000000, 2.500000e-02, 0, 0.124948, 1.212583e-04 
0.500000, 0, 0, 0, 0, 0, 0, 0, 0, 0, 0, 0, 0, 0, 0 ,0