TRM WS=1, MS=2, TRMstep=0: ub=0.800000, lb=0.200000, grow=2.000000,shrink=0.500000, b_w=2,b_m=4, lr=0.400000, lambda=0.000000, n=9, n0=2, n1=2, n2=1, sub_tol=0.001000, sub_maxit=1000, tol=1.000000e-08, m=4, nobias=0 
time, iter_t, subset_m_time, g_time, subset_w_time, p1_time, t2, t3, total error, total gmag, rho, sigma, gamma, step, approx error, approx gmag 
3.238144e-03, 3.238144e-03, 9.914172e-06, 8.339569e-05, 7.581426e-06, 3.119465e-03, 1.632923e-05, 1.457967e-06, 1.350517e-01, 1.034463e-02, 0.000000e+00, 0.000000, 4.000000e-01, 0, 0.135052, 1.034463e-02 
6.044146e-03, 2.806002e-03, 8.456206e-06, 7.523107e-05, 7.289833e-06, 2.700737e-03, 1.312170e-05, 1.166373e-06, 1.287231e-01, 6.680019e-03, 0.000000e+00, 0.000000, 4.000000e-01, 0, 0.128723, 6.680019e-03 
9.299202e-03, 3.255056e-03, 7.873019e-06, 7.493948e-05, 5.831866e-06, 3.145125e-03, 1.953675e-05, 1.749560e-06, 1.279716e-01, 6.004590e-03, 0.000000e+00, 0.000000, 2.000000e-01, 0, 0.127972, 6.004590e-03 
1.224488e-02, 2.945676e-03, 9.039393e-06, 8.106294e-05, 7.289833e-06, 2.834287e-03, 1.312170e-05, 8.747799e-07, 1.256054e-01, 2.832215e-03, 0.000000e+00, 0.000000, 2.000000e-01, 0, 0.125605, 2.832215e-03 
1.503047e-02, 2.785591e-03, 8.164613e-06, 7.406470e-05, 6.123459e-06, 2.683533e-03, 1.253851e-05, 1.166373e-06, 1.255074e-01, 2.651300e-03, 0.000000e+00, 0.000000, 1.000000e-01, 0, 0.125507, 2.651300e-03 
1.787992e-02, 2.849450e-03, 7.873019e-06, 7.435629e-05, 6.123459e-06, 2.746809e-03, 1.341329e-05, 8.747799e-07, 1.254033e-01, 2.497892e-03, 0.000000e+00, 0.000000, 5.000000e-02, 0, 0.125403, 2.497892e-03 
2.069729e-02, 2.817375e-03, 8.456206e-06, 8.047975e-05, 6.415053e-06, 2.708319e-03, 1.283011e-05, 8.747799e-07, 1.253218e-01, 2.366043e-03, 0.000000e+00, 0.000000, 2.500000e-02, 0, 0.125322, 2.366043e-03 
2.376252e-02, 3.065229e-03, 7.873019e-06, 7.435629e-05, 6.415053e-06, 2.961422e-03, 1.428807e-05, 8.747799e-07, 1.251058e-01, 1.778773e-03, 0.000000e+00, 0.000000, 2.500000e-02, 0, 0.125106, 1.778773e-03 
0.500000, 0, 0, 0, 0, 0, 0, 0, 0, 0, 0, 0, 0, 0, 0 ,0