TRM WS=1, MS=2, TRMstep=0: ub=0.800000, lb=0.200000, grow=2.000000,shrink=0.500000, b_w=2,b_m=4, lr=0.400000, lambda=0.000000, n=9, n0=2, n1=2, n2=1, sub_tol=0.001000, sub_maxit=1000, tol=1.000000e-08, m=4, nobias=0 
time, iter_t, subset_m_time, g_time, subset_w_time, p1_time, t2, t3, total error, total gmag, rho, sigma, gamma, step, approx error, approx gmag 
3.003119e-03, 3.003119e-03, 7.873019e-06, 7.581426e-05, 6.998239e-06, 2.894938e-03, 1.632923e-05, 1.166373e-06, 1.320934e-01, 8.663692e-03, 0.000000e+00, 0.000000, 4.000000e-01, 0, 0.132093, 8.663692e-03 
6.020527e-03, 3.017408e-03, 8.456206e-06, 8.135453e-05, 6.706646e-06, 2.906602e-03, 1.312170e-05, 1.166373e-06, 1.287936e-01, 6.245466e-03, 0.000000e+00, 0.000000, 4.000000e-01, 0, 0.128794, 6.245466e-03 
9.032103e-03, 3.011576e-03, 8.164613e-06, 7.523107e-05, 6.123459e-06, 2.906894e-03, 1.428807e-05, 8.747799e-07, 1.272399e-01, 4.726498e-03, 0.000000e+00, 0.000000, 4.000000e-01, 0, 0.127240, 4.726498e-03 
1.206001e-02, 3.027905e-03, 9.039393e-06, 8.514525e-05, 6.415053e-06, 2.913600e-03, 1.283011e-05, 8.747799e-07, 1.251443e-01, 2.955251e-04, 0.000000e+00, 0.000000, 4.000000e-01, 0, 0.125144, 2.955251e-04 
1.498906e-02, 2.929055e-03, 8.164613e-06, 7.406470e-05, 6.123459e-06, 2.825831e-03, 1.370489e-05, 1.166373e-06, 1.251104e-01, 1.880375e-04, 0.000000e+00, 0.000000, 2.000000e-01, 0, 0.125110, 1.880375e-04 
1.807733e-02, 3.088265e-03, 8.456206e-06, 7.406470e-05, 6.123459e-06, 2.985624e-03, 1.283011e-05, 1.166373e-06, 1.250871e-01, 3.201944e-04, 0.000000e+00, 0.000000, 1.000000e-01, 0, 0.125087, 3.201944e-04 
2.089849e-02, 2.821165e-03, 7.873019e-06, 7.435629e-05, 6.123459e-06, 2.718816e-03, 1.312170e-05, 8.747799e-07, 1.250705e-01, 1.584867e-04, 0.000000e+00, 0.000000, 5.000000e-02, 0, 0.125070, 1.584867e-04 
2.375115e-02, 2.852657e-03, 7.873019e-06, 7.523107e-05, 6.123459e-06, 2.749433e-03, 1.312170e-05, 8.747799e-07, 1.250281e-01, 1.632124e-04, 0.000000e+00, 0.000000, 5.000000e-02, 0, 0.125028, 1.632124e-04 
0.500000, 0, 0, 0, 0, 0, 0, 0, 0, 0, 0, 0, 0, 0, 0 ,0